

|21/03/2014|R|0,17|200,00|200,00|200,00|1|200|40.000,00|
|24/03/2014|R|200,00|200,00|200,00|200,00|7|2.208|441.600,00|
|28/03/2014|R|198,28|240,00|240,00|240,00|2|20|4.800,00|
|10/04/2014|R|240,00|240,00|198,00|198,00|2|40|5.580,00|
|14/04/2014|R|240,00|199,00|199,00|199,00|1|50|9.950,00|
|05/05/2014|R|199,00|199,00|240,00|240,00|1|10|2.400,00|
|19/05/2014|R|199,00|199,00|240,00|240,00|1|10|2.400,00|
|30/05/2014|R|199,00|199,00|199,00|199,00|1|10|1.990,00|
|13/06/2014|R|199,00|199,00|190,00|190,00|1|10|1.900,00|
|26/06/2014|R|199,00|190,00|190,00|190,00|1|37|7.030,00|
|27/06/2014|R|190,00|190,00|190,00|190,00|2|432|82.080,00|
|01/07/2014|R|190,00|190,00|200,00|200,00|2|10|2.000,00|
|18/07/2014|R|190,00|190,00|200,00|200,00|1|10|2.000,00|
|01/08/2014|R|190,00|190,00|200,00|200,00|1|10|2.000,00|
|19/08/2014|R|190,00|190,00|0,00|0,00|1|178|32.040,00|
|17/11/2014|R|188,40|188,40|0,00|0,00|1|10|2.400,00|
|26/02/2015|R|188,40|115,00|115,00|115,00|1|30|3.450,00|
|05/03/2015|R|115,00|161,00|161,00|161,00|1|20|3.220,00|
|06/03/2015|R|161,00|161,00|0,00|0,00|2|395|71.100,00|
|14/04/2015|R|157,80|220,00|220,00|220,00|2|300|66.000,00|
|30/04/2015|R|220,00|220,00|0,00|0,00|1|27.736|6.101.920,00|
|01/07/2015|R|220,00|220,00|0,00|0,00|2|27|8.156,00|
|31/08/2015|R|220,00|220,00|0,00|0,00|1|50|15.000,00|
|05/10/2015|R|215,00|300,00|300,00|300,00|1|10|3.000,00|
|11/03/2016|R|300,00|300,00|0,00|0,00|1|24|9.120,00|
|20/06/2016|R|290,75|250,00|250,00|250,00|1|1.650|412.500,00|
|11/07/2016|R|250,00|350,00|350,00|350,00|1|50|17.500,00|
|18/07/2016|R|350,00|490,00|490,00|490,00|1|50|24.500,00|
|27/07/2016|R|490,00|490,00|0,00|0,00|1|30|20.550,00|
|04/08/2016|R|490,00|550,00|550,00|550,00|1|50|27.500,00|
|05/08/2016|R|550,00|550,00|0,00|0,00|1|20|11.000,00|
|22/08/2016|R|550,00|550,00|0,00|0,00|1|50|27.500,00|
|05/09/2016|R|550,00|550,00|550,00|550,00|2|60|33.000,00|
|04/10/2016|R|540,00|550,00|550,00|550,00|5|312|171.600,00|
|11/10/2016|R|550,00|550,00|0,00|0,00|1|8|4.400,00|
|04/11/2016|R|550,00|770,00|770,00|770,00|2|120|89.900,00|
|14/11/2016|R|770,00|1.077,00|1.077,00|1.077,00|1|45|48.465,00|
|23/11/2016|R|1.077,00|1.507,75|1.507,75|1.507,75|1|45|67.848,75|
|24/11/2016|R|1.507,75|2.105,00|2.105,00|2.105,00|1|45|94.725,00|
|25/01/2017|R|2.105,00|2.105,00|0,00|0,00|1|20|42.100,00|
|09/02/2017|R|2.105,00|2.105,00|0,00|0,00|1|30|60.000,00|
|10/02/2017|R|2.105,00|2.105,00|0,00|0,00|1|20|40.000,00|
|15/02/2017|R|2.105,00|2.105,00|0,00|0,00|1|20|40.000,00|
|16/02/2017|R|2.105,00|2.105,00|0,00|0,00|1|3|6.000,00|
|21/02/2017|R|2.105,00|2.105,00|0,00|0,00|1|20|36.000,00|
|23/02/2017|R|2.105,00|2.105,00|0,00|0,00|2|97|192.060,00|
|14/03/2017|R|2.105,00|2.150,00|2.150,00|2.150,00|1|15|32.250,00|
|28/04/2017|R|2.126,00|2.126,00|0,00|0,00|1|1.000|2.150.000,00|
|23/05/2017|R|2.126,00|2.600,00|2.600,00|2.600,00|2|500|1.300.000,00|
|24/05/2017|R|2.600,00|3.300,00|3.300,00|3.300,00|1|10|33.000,00|
|25/05/2017|R|3.300,00|3.500,00|3.500,00|3.500,00|1|10|35.000,00|
|26/05/2017|R|3.500,00|3.500,00|0,00|0,00|1|220|770.431,20|
|31/05/2017|R|3.500,00|4.000,00|4.000,00|4.000,00|1|20|80.000,00|
|08/06/2017|R|4.000,00|4.000,00|4.000,00|4.000,00|1|45|180.000,00|
|09/06/2017|R|4.000,00|4.000,00|4.500,00|4.500,00|1|10|45.000,00|
|14/06/2017|R|4.000,00|4.700,00|4.700,00|4.700,00|1|50|235.000,00|
|22/06/2017|R|4.700,00|5.640,00|5.640,00|5.640,00|2|30|186.075,00|
|23/06/2017|R|5.640,00|5.640,00|0,00|0,00|1|30|202.950,00|
|26/06/2017|R|5.640,00|6.700,00|6.700,00|6.700,00|1|20|134.000,00|
|28/06/2017|R|6.700,00|6.700,00|6.700,00|6.700,00|1|100|670.000,00|
|06/07/2017|R|6.700,00|6.500,00|6.500,00|6.500,00|2|40|260.000,00|
|07/07/2017|R|6.500,00|6.899,00|6.900,00|6.500,00|4|1.791|11.650.280,00|
|10/07/2017|R|6.899,00|6.700,00|6.700,00|6.700,00|1|2.500|16.750.000,00|
|11/07/2017|R|6.700,00|6.700,00|6.700,00|6.700,00|3|2.338|15.664.600,00|
|17/07/2017|R|6.700,00|6.700,00|6.700,00|6.700,00|1|45|301.500,00|
|03/08/2017|R|6.700,00|7.500,00|7.500,00|7.500,00|1|50|375.000,00|
|17/08/2017|R|7.500,00|8.000,00|8.000,00|8.000,00|1|2.000|16.000.000,00|
|23/08/2017|R|8.000,00|8.700,00|8.700,00|8.700,00|7|320|2.784.000,00|
|25/08/2017|R|8.700,00|8.700,00|0,00|0,00|1|5|52.200,00|
|31/08/2017|R|8.700,00|10.000,00|10.000,00|10.000,00|2|60|600.000,00|
|04/09/2017|R|10.000,00|10.000,00|12.000,00|12.000,00|1|1|12.000,00|
|05/09/2017|R|10.000,00|12.000,00|12.000,00|12.000,00|1|7|84.000,00|
|06/09/2017|R|12.000,00|20.500,00|20.500,00|14.400,00|4|29|546.120,00|
|07/09/2017|R|20.500,00|20.500,00|22.000,00|22.000,00|1|2|44.000,00|
|08/09/2017|R|20.500,00|22.000,00|22.000,00|22.000,00|1|50|1.100.000,00|
|13/09/2017|R|22.000,00|26.000,00|26.000,00|24.500,00|5|94|2.365.000,00|
|15/09/2017|R|26.000,00|28.000,00|28.000,00|26.000,00|3|13|362.000,00|
|18/09/2017|R|28.000,00|30.000,00|30.000,00|30.000,00|2|50|1.500.000,00|
|20/09/2017|R|30.000,00|30.000,00|33.550,00|30.000,00|5|29|884.200,00|
|22/09/2017|R|30.000,00|35.850,00|35.850,00|35.850,00|3|500|17.925.000,00|
|25/09/2017|R|35.815,40|35.000,00|35.000,00|35.000,00|2|2|70.000,00|
|27/09/2017|R|35.000,00|41.995,00|41.995,00|36.700,00|5|649|24.559.375,00|
|28/09/2017|R|41.995,00|41.995,00|41.995,00|41.995,00|2|24|1.167.980,00|
|29/09/2017|R|41.995,00|49.500,00|49.500,00|49.500,00|1|9|445.500,00|
|02/10/2017|R|49.500,00|49.500,00|0,00|0,00|1|10|590.000,00|
|03/10/2017|R|49.500,00|49.500,00|55.000,00|55.000,00|1|1|55.000,00|
|05/10/2017|R|49.500,00|55.000,00|55.000,00|55.000,00|2|14|784.000,00|
|06/10/2017|R|55.000,00|55.000,00|59.000,00|50.000,00|9|152|7.977.075,10|
|09/10/2017|R|55.000,00|60.000,00|60.000,00|55.000,00|4|564|31.120.000,00|
|10/10/2017|R|60.000,00|60.000,00|0,00|0,00|1|10|600.000,00|
|11/10/2017|R|60.000,00|65.000,00|65.000,00|65.000,00|2|40|2.600.000,00|
|13/10/2017|R|65.000,00|64.500,00|64.500,00|64.500,00|1|3|193.500,00|
|16/10/2017|R|64.500,00|65.000,00|65.000,00|65.000,00|2|7|455.000,00|
|17/10/2017|R|65.000,00|70.000,00|70.000,00|70.000,00|1|20|1.400.000,00|
|18/10/2017|R|70.000,00|78.500,00|78.500,00|70.000,00|2|20|1.527.500,00|
|23/10/2017|R|78.500,00|94.000,00|94.000,00|92.000,00|3|7|656.000,00|
|25/10/2017|R|94.000,00|105.000,00|105.000,00|105.000,00|1|5|525.000,00|
|26/10/2017|R|105.000,00|125.000,00|125.000,00|125.000,00|5|32|4.000.000,00|
|27/10/2017|R|125.000,00|149.000,00|149.000,00|149.000,00|1|9|1.341.000,00|
|30/10/2017|R|149.000,00|149.000,00|0,00|0,00|1|4|715.196,00|
|01/11/2017|R|149.000,00|178.798,00|178.798,00|165.000,00|5|59|9.133.586,00|
|02/11/2017|R|178.798,00|185.000,00|185.000,00|185.000,00|1|8|1.480.000,00|
|03/11/2017|R|185.000,00|185.000,00|185.000,00|185.000,00|2|9|1.665.000,00|
|07/11/2017|R|185.000,00|214.000,00|214.000,00|214.000,00|1|3|642.000,00|
|08/11/2017|R|214.000,00|195.000,00|195.000,00|195.000,00|1|10|1.950.000,00|
|09/11/2017|R|195.000,00|213.999,00|213.999,00|213.999,00|2|15|3.209.985,00|
|13/11/2017|R|213.999,00|200.000,00|200.000,00|200.000,00|1|1|200.000,00|
|15/11/2017|R|200.000,00|180.000,00|180.000,00|180.000,00|2|12|2.160.000,00|
|16/11/2017|R|180.000,00|185.000,00|185.000,00|185.000,00|2|2|370.000,00|
|21/11/2017|R|185.000,00|185.000,00|0,00|0,00|1|10|1.800.000,00|
|22/11/2017|R|185.000,00|185.000,00|0,00|0,00|1|3|555.000,00|
|24/11/2017|R|185.000,00|195.000,00|195.000,00|195.000,00|2|15|2.925.000,00|
|29/11/2017|R|195.000,00|199.000,00|199.000,00|199.000,00|2|8|1.592.000,00|
|30/11/2017|R|199.000,00|199.000,00|199.000,00|199.000,00|4|23|4.577.000,00|
|05/12/2017|R|199.000,00|209.000,00|209.000,00|199.000,00|4|15|3.125.000,00|
|06/12/2017|R|209.000,00|209.000,00|209.000,00|209.000,00|2|20|4.180.000,00|
|07/12/2017|R|209.000,00|209.000,00|209.000,00|209.000,00|1|12|2.508.000,00|
|08/12/2017|R|209.000,00|209.000,00|0,00|0,00|1|2|418.000,00|
|12/12/2017|R|209.000,00|225.000,00|250.000,00|225.000,00|2|7|1.600.000,00|
|13/12/2017|R|225.000,00|245.000,00|245.000,00|245.000,00|1|4|980.000,00|
|22/12/2017|R|245.000,00|239.000,00|239.000,00|239.000,00|4|284|67.876.000,00|
|26/12/2017|R|239.000,00|240.000,00|240.000,00|240.000,00|1|20|4.800.000,00|
|27/12/2017|R|240.000,00|239.999,99|239.999,99|239.999,99|1|5|1.199.999,95|
|04/01/2018|R|239.999,99|240.000,00|240.000,00|240.000,00|1|5|1.200.000,00|
|05/01/2018|R|240.000,00|240.000,00|240.000,00|240.000,00|1|2|480.000,00|
|08/01/2018|R|240.000,00|250.000,00|250.000,00|250.000,00|1|6|1.500.000,00|
|09/01/2018|R|250.000,00|250.000,00|250.000,00|250.000,00|2|5|1.250.000,00|
|10/01/2018|R|250.000,00|250.000,00|250.000,00|250.000,00|1|1|250.000,00|
|12/01/2018|R|250.000,00|250.000,00|250.000,00|250.000,00|5|28|7.000.000,00|
|15/01/2018|R|250.000,00|250.000,00|260.000,00|250.000,00|7|40|10.055.000,00|
|16/01/2018|R|250.000,00|250.000,00|250.000,00|250.000,00|1|11|2.750.000,00|
|17/01/2018|R|250.000,00|280.000,00|280.000,00|280.000,00|3|25|7.000.000,00|
|18/01/2018|R|280.000,00|280.000,00|280.000,00|280.000,00|3|50|14.000.000,00|
|19/01/2018|R|280.000,00|280.000,00|290.000,00|280.000,00|3|26|7.340.000,00|
|23/01/2018|R|280.000,00|290.000,00|300.000,00|290.000,00|3|26|7.760.000,00|
|24/01/2018|R|290.000,00|300.000,00|300.000,00|300.000,00|3|31|9.050.000,00|
|25/01/2018|R|300.000,00|300.000,00|300.000,00|295.000,00|5|87|25.875.000,00|
|26/01/2018|R|300.000,00|320.000,00|320.000,00|310.000,00|4|200|62.200.000,00|
|29/01/2018|R|320.000,00|320.000,00|320.000,00|320.000,00|5|42|13.440.000,00|
|30/01/2018|R|320.000,00|320.000,00|320.000,00|320.000,00|1|2|640.000,00|
|31/01/2018|R|320.000,00|260.000,00|320.000,00|260.000,00|2|3|900.000,00|
|01/02/2018|R|260.000,00|310.000,00|310.000,00|310.000,00|2|60|18.600.000,00|
|05/02/2018|R|310.000,00|300.000,00|300.000,00|300.000,00|2|11|3.380.000,00|
|06/02/2018|R|300.000,00|300.000,00|300.000,00|300.000,00|3|600|180.000.000,00|
|07/02/2018|R|300.000,00|300.000,00|310.000,00|300.000,00|3|168|50.600.000,00|
|09/02/2018|R|300.000,00|330.000,00|330.000,00|310.000,00|2|16|5.160.000,00|
|14/02/2018|R|330.000,00|330.000,00|0,00|0,00|1|10|3.000.000,00|
|15/02/2018|R|330.000,00|330.000,00|330.000,00|330.000,00|3|21|6.930.000,00|
|16/02/2018|R|330.000,00|330.000,00|330.000,00|330.000,00|1|4|1.320.000,00|
|19/02/2018|R|330.000,00|330.000,00|330.000,00|330.000,00|3|136|44.880.000,00|
|20/02/2018|R|330.000,00|336.000,00|340.000,00|335.000,00|3|75|25.250.000,00|
|21/02/2018|R|336.000,00|355.000,00|355.000,00|345.000,00|5|109|38.315.000,00|
|22/02/2018|R|355.000,00|400.000,00|400.000,00|395.000,00|4|87|34.400.000,00|
|23/02/2018|R|400.000,00|410.000,00|410.000,00|410.000,00|3|41|16.810.000,00|
|26/02/2018|R|410.000,00|410.000,00|410.000,00|410.000,00|1|33|13.530.000,00|
|27/02/2018|R|410.000,00|430.000,00|430.000,00|410.000,00|4|70|29.100.000,00|
|28/02/2018|R|430.000,00|412.000,00|412.000,00|412.000,00|1|1|412.000,00|
|01/03/2018|R|412.000,00|412.000,00|430.000,00|412.000,00|6|25|10.354.000,00|
|02/03/2018|R|412.000,00|450.000,00|450.000,00|412.000,00|4|17|7.174.000,00|
|06/03/2018|R|450.000,00|450.000,00|450.000,00|450.000,00|2|16|7.200.000,00|
|07/03/2018|R|450.000,00|455.000,00|455.000,00|455.000,00|2|40|18.200.000,00|
|08/03/2018|R|455.000,00|460.000,00|460.000,00|460.000,00|2|80|36.800.000,00|
|09/03/2018|R|460.000,00|480.000,00|480.000,00|470.000,00|4|81|38.280.000,00|
|12/03/2018|R|480.000,00|530.500,00|530.500,00|530.500,00|1|2|1.061.000,00|
|14/03/2018|R|530.500,00|530.000,00|530.000,00|530.000,00|2|15|7.950.000,00|
|16/03/2018|R|530.000,00|530.000,00|530.000,00|530.000,00|1|2|1.060.000,00|
|20/03/2018|R|529.857,50|530.000,00|530.000,00|530.000,00|3|25|13.390.000,00|
|22/03/2018|R|530.000,00|520.000,00|520.000,00|520.000,00|1|8|4.160.000,00|
|23/03/2018|R|520.000,00|520.000,00|520.000,00|495.000,00|5|102|50.740.000,00|
|27/03/2018|R|520.000,00|550.000,00|550.000,00|550.000,00|1|2|1.100.000,00|
|02/04/2018|R|550.000,00|550.000,00|0,00|0,00|1|20|11.100.000,00|
|04/04/2018|R|550.000,00|600.000,00|600.000,00|600.000,00|4|72|43.200.000,00|
|05/04/2018|R|600.000,00|635.000,00|640.000,00|620.000,00|8|90|57.195.000,00|
|06/04/2018|R|635.000,00|700.000,00|700.000,00|640.000,00|5|143|97.720.000,00|
|09/04/2018|R|700.000,00|800.000,00|800.000,00|800.000,00|1|20|16.000.000,00|
|10/04/2018|R|800.000,00|800.000,00|800.000,00|800.000,00|3|229|183.200.000,00|
|11/04/2018|R|800.000,00|960.000,00|960.000,00|960.000,00|1|20|19.200.000,00|
|12/04/2018|R|960.000,00|1.152.000,00|1.152.000,00|1.150.000,00|5|60|66.056.000,00|
|13/04/2018|R|1.152.000,00|1.382.000,00|1.382.000,00|1.300.000,00|4|49|66.078.000,00|
|16/04/2018|R|1.382.000,00|1.500.000,00|1.500.000,00|1.500.000,00|4|20|30.000.000,00|
|17/04/2018|R|1.500.000,00|1.700.000,00|1.795.000,00|1.700.000,00|8|222|379.300.000,00|
|18/04/2018|R|1.700.000,00|1.700.000,00|1.700.000,00|1.700.000,00|2|78|132.600.000,00|
|20/04/2018|R|1.700.000,00|2.039.990,00|2.039.990,00|2.039.990,00|3|22|44.879.780,00|
|23/04/2018|R|2.039.990,00|1.900.000,00|2.000.000,00|1.900.000,00|2|29|57.100.000,00|
|24/04/2018|R|1.900.000,00|2.105.000,00|2.105.100,00|2.105.000,00|2|32|67.362.300,00|
|25/04/2018|R|2.105.000,00|1.940.000,00|1.940.000,00|1.940.000,00|1|20|38.800.000,00|
|27/04/2018|R|1.940.000,00|2.000.000,00|2.000.000,00|2.000.000,00|4|18|36.000.000,00|
|03/05/2018|R|2.000.000,00|2.300.000,00|2.340.000,00|2.200.000,00|5|28|64.700.000,00|
|04/05/2018|R|2.300.000,00|2.000.000,00|2.300.000,00|1.900.000,00|5|64|136.400.000,00|
|07/05/2018|R|2.000.000,00|2.000.000,00|2.000.000,00|2.000.000,00|1|4|8.000.000,00|
|08/05/2018|R|2.000.000,00|1.601.000,00|1.602.000,00|1.601.000,00|2|30|48.035.000,00|
|10/05/2018|R|1.601.000,00|1.800.000,00|1.800.000,00|1.800.000,00|3|35|63.000.000,00|
|11/05/2018|R|1.800.000,00|1.850.000,00|1.900.000,00|1.850.000,00|2|11|20.850.000,00|
|15/05/2018|R|1.850.000,00|1.960.000,00|1.960.000,00|1.950.000,00|4|166|325.250.000,00|
|16/05/2018|R|1.960.000,00|2.280.000,00|2.280.000,00|2.100.000,00|3|11|23.280.000,00|
|17/05/2018|R|2.280.000,00|2.280.000,00|2.280.000,00|2.280.000,00|2|9|20.520.000,00|
|18/05/2018|R|2.280.000,00|2.300.000,00|2.300.000,00|2.300.000,00|3|23|52.900.000,00|
|21/05/2018|R|2.300.000,00|2.300.000,00|2.300.000,00|2.300.000,00|3|14|32.200.000,00|
|22/05/2018|R|2.300.000,00|2.300.000,00|2.300.000,00|2.300.000,00|4|150|345.000.000,00|
|24/05/2018|R|2.300.000,00|2.550.000,00|2.750.000,00|2.550.000,00|4|10|27.100.000,00|
|25/05/2018|R|2.550.000,00|3.000.000,00|3.000.000,00|2.700.000,00|4|35|97.500.000,00|
|28/05/2018|R|3.000.000,00|3.599.000,00|3.599.000,00|3.599.000,00|1|10|35.990.000,00|
|29/05/2018|R|3.599.000,00|4.310.000,00|4.310.000,00|4.310.000,00|4|26|112.060.000,00|
|30/05/2018|R|4.310.000,00|4.500.000,00|4.500.000,00|4.500.000,00|1|20|90.000.000,00|
|31/05/2018|R|4.500.000,00|5.400.000,00|5.400.000,00|5.399.000,00|4|63|340.140.000,00|
|01/06/2018|R|5.400.000,00|6.000.000,00|6.000.000,00|6.000.000,00|2|16|96.000.000,00|
|05/06/2018|R|6.000.000,00|6.300.000,00|6.300.000,00|6.100.000,00|3|14|86.600.000,00|
|06/06/2018|R|6.300.000,00|7.000.000,00|7.000.000,00|6.800.000,00|2|41|280.000.000,00|
|07/06/2018|R|7.000.000,00|8.000.000,00|8.000.000,00|8.000.000,00|3|43|344.000.000,00|
|08/06/2018|R|8.000.000,00|8.000.000,00|8.000.000,00|8.000.000,00|4|64|513.200.000,00|
|11/06/2018|R|8.000.000,00|7.500.000,00|7.500.000,00|7.500.000,00|4|78|601.000.000,00|
|12/06/2018|R|7.500.000,00|7.500.000,00|7.500.000,00|7.500.000,00|6|44|330.000.000,00|
|13/06/2018|R|7.500.000,00|7.500.000,00|7.500.000,00|7.500.000,00|1|20|150.000.000,00|
|14/06/2018|R|7.500.000,00|7.500.000,00|7.500.000,00|7.000.000,00|4|57|426.500.000,00|
|15/06/2018|R|7.500.000,00|7.300.000,00|7.350.000,00|7.300.000,00|2|17|124.600.000,00|
|18/06/2018|R|7.300.000,00|7.950.000,00|8.000.000,00|7.950.000,00|4|99|767.150.000,00|
|19/06/2018|R|7.950.000,00|7.700.000,00|8.000.000,00|7.700.000,00|4|30|235.500.000,00|
|20/06/2018|R|7.700.000,00|7.950.000,00|7.950.000,00|7.750.000,00|7|120|937.000.000,00|
|21/06/2018|R|7.950.000,00|7.950.000,00|8.000.000,00|7.950.000,00|7|106|844.100.000,00|
|22/06/2018|R|7.950.000,00|8.000.000,00|8.100.000,00|7.850.000,00|9|157|1.248.700.000,00|
|25/06/2018|R|8.000.000,00|8.900.000,00|8.900.000,00|7.700.010,00|2|5|39.700.040,00|
|26/06/2018|R|8.900.000,00|9.350.000,00|9.350.000,00|9.350.000,00|2|3|28.050.000,00|
|27/06/2018|R|9.350.000,00|9.350.000,00|9.350.000,00|9.350.000,00|1|6|56.100.000,00|
|28/06/2018|R|9.350.000,00|9.350.000,00|9.350.000,00|9.350.000,00|2|4|37.400.000,00|
|03/07/2018|R|9.350.000,00|9.500.000,00|9.500.000,00|9.500.000,00|2|14|133.000.000,00|
|04/07/2018|R|9.500.000,00|11.000.000,00|11.000.000,00|9.500.000,00|7|105|1.020.000.000,00|
|06/07/2018|R|11.000.000,00|12.000.000,00|12.000.000,00|12.000.000,00|1|6|72.000.000,00|
|09/07/2018|R|12.000.000,00|12.000.000,00|12.000.000,00|12.000.000,00|2|11|132.000.000,00|
|12/07/2018|R|12.000.000,00|12.000.000,00|12.000.000,00|11.999.000,00|2|20|239.987.000,00|
|16/07/2018|R|12.000.000,00|11.000.000,00|11.000.000,00|11.000.000,00|1|5|55.000.000,00|
|18/07/2018|R|11.000.000,00|10.500.000,00|11.000.000,00|10.500.000,00|4|47|515.000.000,00|
|19/07/2018|R|10.500.000,00|10.700.000,00|10.700.000,00|10.500.000,00|3|46|491.000.000,00|
|20/07/2018|R|10.700.000,00|9.800.000,00|10.500.000,00|9.800.000,00|5|69|717.500.000,00|
|25/07/2018|R|9.800.000,00|9.800.000,00|9.800.000,00|9.800.000,00|2|103|1.029.400.000,00|
|26/07/2018|R|9.800.000,00|9.800.000,00|9.800.000,00|9.800.000,00|1|6|58.800.000,00|
|30/07/2018|R|9.800.000,00|8.000.000,00|8.000.000,00|8.000.000,00|2|10|80.000.000,00|
|01/08/2018|R|8.000.000,00|9.000.000,00|9.000.000,00|9.000.000,00|2|10|90.000.000,00|
|02/08/2018|R|9.000.000,00|9.000.000,00|9.000.000,00|9.000.000,00|1|4|36.000.000,00|
|03/08/2018|R|9.000.000,00|9.000.000,00|9.000.000,00|9.000.000,00|2|6|54.000.000,00|
|06/08/2018|R|9.000.000,00|9.999.000,00|9.999.000,00|9.950.000,00|3|55|581.740.000,00|
|07/08/2018|R|9.999.000,00|11.980.000,00|11.980.000,00|10.000.000,00|6|170|1.866.900.000,00|
|08/08/2018|R|11.980.000,00|11.850.000,00|11.980.000,00|11.850.000,00|3|12|143.190.000,00|
|09/08/2018|R|11.850.000,00|11.960.000,00|11.960.000,00|11.850.000,00|6|111|1.280.900.000,00|
|10/08/2018|R|11.960.000,00|11.500.000,00|11.500.000,00|11.500.000,00|4|152|1.748.000.000,00|
|13/08/2018|R|11.500.000,00|11.000.000,00|11.500.000,00|11.000.000,00|6|313|3.444.500.000,00|
|14/08/2018|R|11.000.000,00|12.500.000,00|12.500.000,00|11.000.000,00|11|1.929|22.193.500.000,00|
|15/08/2018|R|12.500.000,00|12.000.000,00|12.000.000,00|12.000.000,00|2|500|6.000.000.000,00|
|16/08/2018|R|12.000.000,00|14.300.000,00|14.300.000,00|14.290.000,00|12|686|9.809.400.000,00|
|21/08/2018|R|143,00|247,00|247,00|143,00|4|32|5.918,12|
|22/08/2018|R|247,00|205,00|225,00|205,00|6|168|37.400,00|
|23/08/2018|R|205,00|236,00|246,00|236,00|5|176|42.856,00|
|24/08/2018|R|236,00|240,00|283,20|240,00|7|200|53.605,60|
|27/08/2018|R|240,00|220,00|260,00|220,00|6|64|15.032,00|
|28/08/2018|R|220,00|255,00|259,00|220,00|3|81|20.640,00|
|29/08/2018|R|255,00|210,00|255,00|210,00|4|47|11.722,00|
|30/08/2018|R|210,00|255,00|255,00|252,00|4|63|15.945,00|
|31/08/2018|R|255,00|250,00|250,00|250,00|3|21|5.250,00|
|03/09/2018|R|250,00|220,00|258,00|220,00|3|21|4.658,00|
|04/09/2018|R|220,00|220,00|220,00|220,00|2|6|1.270,00|
|05/09/2018|R|220,00|220,00|220,01|220,00|9|374|82.280,10|
|06/09/2018|R|220,00|250,00|250,00|250,00|1|4|1.000,00|
|07/09/2018|R|250,00|260,00|260,00|250,00|8|236|60.160,00|
|11/09/2018|R|260,00|250,00|250,00|250,00|3|250|62.500,00|
|12/09/2018|R|250,00|255,00|255,00|250,00|6|91|23.675,00|
|13/09/2018|R|255,00|220,00|250,00|220,00|4|33|7.525,00|
|14/09/2018|R|220,00|230,00|230,00|220,00|7|510|112.220,00|
|17/09/2018|R|230,00|210,00|210,00|210,00|2|250|52.500,00|
|18/09/2018|R|210,00|210,00|210,00|210,00|3|72|15.120,00|
|20/09/2018|R|210,00|200,00|200,00|200,00|3|200|40.000,00|
|21/09/2018|R|200,00|190,00|190,00|190,00|1|50|9.500,00|
|24/09/2018|R|189,90|190,00|190,00|190,00|1|25|4.750,00|
|25/09/2018|R|190,00|195,00|195,00|190,00|5|338|64.938,00|
|26/09/2018|R|195,00|191,00|195,00|191,00|3|354|67.814,00|
|27/09/2018|R|191,00|191,00|191,00|191,00|5|55|10.505,00|
|28/09/2018|R|191,00|200,00|200,00|200,00|1|10|2.000,00|
|01/10/2018|R|200,00|239,00|239,00|190,00|11|2.700|548.984,00|
|02/10/2018|R|239,00|220,00|220,00|210,00|8|2.260|477.200,00|
|03/10/2018|R|220,00|210,00|220,00|210,00|4|658|139.760,00|
|05/10/2018|R|210,00|220,00|220,00|210,00|3|475|104.090,00|
|08/10/2018|R|220,00|200,00|200,00|200,00|1|40|8.000,00|
|09/10/2018|R|200,00|180,00|200,00|180,00|5|520|103.800,00|
|10/10/2018|R|180,00|200,00|200,00|200,00|1|18|3.600,00|
|11/10/2018|R|200,00|200,00|200,00|200,00|4|622|124.400,00|
|15/10/2018|R|200,00|205,00|205,00|200,00|9|1.378|275.775,00|
|16/10/2018|R|205,00|215,00|220,00|215,00|4|66|14.445,00|
|17/10/2018|R|215,00|180,00|215,00|180,00|2|16|2.915,00|
|18/10/2018|R|180,00|200,00|210,00|200,00|4|300|60.900,00|
|19/10/2018|R|200,00|200,00|200,00|180,00|4|126|25.100,00|
|22/10/2018|R|200,00|200,00|200,00|190,00|2|10|1.950,00|
|23/10/2018|R|200,00|215,00|220,00|215,00|5|267|57.415,00|
|24/10/2018|R|215,00|220,00|220,00|215,00|3|213|46.795,00|
|25/10/2018|R|220,00|220,00|220,00|200,00|5|1.579|327.380,00|
|26/10/2018|R|220,00|220,00|224,00|220,00|3|363|79.900,00|
|29/10/2018|R|220,00|230,00|230,00|220,00|6|704|155.390,00|
|30/10/2018|R|230,00|265,00|265,00|265,00|1|20|5.300,00|
|31/10/2018|R|265,00|265,00|265,00|265,00|1|7|1.855,00|
|01/11/2018|R|265,00|265,00|265,00|264,50|4|117|31.002,50|
|02/11/2018|R|265,00|265,00|265,00|265,00|2|600|159.000,00|
|06/11/2018|R|265,00|265,00|270,00|265,00|4|279|73.945,00|
|07/11/2018|R|265,00|265,00|265,00|265,00|2|32|8.480,00|
|08/11/2018|R|265,00|265,00|265,00|265,00|5|850|225.250,00|
|09/11/2018|R|265,00|270,00|270,00|265,00|2|503|135.795,00|
|12/11/2018|R|270,00|270,00|0,00|0,00|1|50|13.250,00|
|13/11/2018|R|270,00|275,00|275,00|270,00|3|257|70.640,00|
|15/11/2018|R|275,00|275,00|275,05|275,00|4|155|42.632,60|
|16/11/2018|R|275,00|270,00|270,00|270,00|1|500|135.000,00|
|19/11/2018|R|270,00|230,00|230,00|230,00|1|9|2.070,00|
|20/11/2018|R|230,00|200,00|200,00|200,00|2|1.030|206.000,00|
|22/11/2018|R|200,00|220,00|220,00|200,00|2|104|22.800,00|
|23/11/2018|R|220,00|200,00|220,00|200,00|3|38|7.840,00|
|27/11/2018|R|200,00|280,00|280,00|240,00|4|42|10.660,00|
|28/11/2018|R|280,00|335,00|336,00|295,00|10|1.758|538.653,00|
|29/11/2018|R|335,00|335,00|335,00|335,00|1|10|3.350,00|
|30/11/2018|R|335,00|400,00|400,00|400,00|5|681|272.400,00|
|03/12/2018|R|400,00|400,00|400,00|400,00|4|1.180|472.000,00|
|04/12/2018|R|400,00|380,00|400,00|380,00|2|560|222.800,00|
|05/12/2018|R|380,00|350,00|350,00|350,00|2|410|143.500,00|
|06/12/2018|R|350,00|360,00|360,00|350,00|4|58|20.830,00|
|10/12/2018|R|360,00|395,00|395,00|350,00|2|51|17.895,00|
|14/12/2018|R|395,00|375,00|375,00|375,00|1|30|11.250,00|
|17/12/2018|R|375,00|375,00|0,00|0,00|1|1|370,00|
|18/12/2018|R|375,00|370,00|370,00|370,00|5|450|166.500,00|
|19/12/2018|R|370,00|370,00|370,00|370,00|1|700|259.000,00|
|21/12/2018|R|370,00|380,00|380,00|380,00|1|500|190.000,00|
|26/12/2018|R|380,00|385,00|385,00|380,00|3|351|135.130,00|
|27/12/2018|R|385,00|390,00|390,00|390,00|1|50|19.500,00|
|02/01/2019|R|390,00|390,00|390,00|390,00|2|60|23.400,00|
|03/01/2019|R|390,00|401,00|401,00|391,00|3|1.010|404.910,00|
|04/01/2019|R|401,00|900,00|900,00|577,44|4|600|492.678,00|
|07/01/2019|R|900,00|1.150,00|1.295,00|900,00|10|1.534|1.557.470,00|
|08/01/2019|R|1.150,00|1.656,00|1.656,00|1.150,00|11|2.206|3.439.842,00|
|09/01/2019|R|1.656,00|1.656,00|1.656,00|1.656,00|2|40|66.240,00|
|10/01/2019|R|1.656,00|1.800,00|1.800,00|1.656,00|2|564|934.128,00|
|11/01/2019|R|1.800,00|2.150,00|2.150,00|2.150,00|1|2|4.300,00|
|15/01/2019|R|2.150,00|2.150,00|2.150,00|2.150,00|2|10|21.500,00|
|16/01/2019|R|2.150,00|2.579,00|2.579,00|2.579,00|1|50|128.950,00|
|17/01/2019|R|2.579,00|2.500,00|2.500,00|2.500,00|1|100|250.000,00|
|18/01/2019|R|2.500,00|2.500,00|2.500,00|2.500,00|2|100|250.000,00|
|22/01/2019|R|2.500,00|2.350,00|2.500,00|2.350,00|4|501|1.177.500,00|
|23/01/2019|R|2.350,00|2.400,00|2.400,00|2.350,00|4|1.000|2.399.650,00|
|24/01/2019|R|2.400,00|2.350,00|2.350,00|2.350,00|3|510|1.198.500,00|
|25/01/2019|R|2.350,00|2.350,00|2.350,00|2.350,00|3|1.011|2.375.850,00|
|28/01/2019|R|2.350,00|2.350,00|2.600,00|2.350,00|8|4.125|9.694.253,90|
|29/01/2019|R|2.350,00|2.350,00|2.350,00|2.350,00|1|10|23.500,00|
|31/01/2019|R|2.350,00|2.819,00|2.819,00|2.819,00|2|28|78.932,00|
|04/02/2019|R|2.819,00|2.260,00|2.260,00|2.260,00|3|27|61.020,00|
|05/02/2019|R|2.260,00|2.260,00|2.260,00|2.250,00|4|88|183.000,00|
|06/02/2019|R|2.260,00|2.260,00|0,00|0,00|1|43|97.180,00|
|07/02/2019|R|2.260,00|2.300,00|2.450,00|2.300,00|3|144|339.200,00|
|08/02/2019|R|2.300,00|2.200,00|2.265,00|2.200,00|3|510|1.122.650,00|
|12/02/2019|R|2.200,00|2.100,00|2.200,00|2.100,00|2|15|32.500,00|
|13/02/2019|R|2.100,00|1.900,00|1.900,00|1.900,00|1|100|190.000,00|
|14/02/2019|R|1.900,00|1.900,00|0,00|0,00|1|85|161.500,00|
|15/02/2019|R|1.900,00|2.200,01|2.200,01|2.200,01|2|10|22.000,10|
|18/02/2019|R|2.200,01|1.800,00|1.800,00|1.800,00|1|38|68.400,00|
|19/02/2019|R|1.800,00|2.150,00|2.150,00|2.005,00|3|18|38.265,00|
|20/02/2019|R|2.150,00|2.580,00|2.580,00|2.580,00|4|19|49.020,00|
|21/02/2019|R|2.580,00|2.580,00|2.580,00|2.580,00|2|145|374.100,00|
|22/02/2019|R|2.580,00|3.000,00|3.095,00|3.000,00|2|15|45.950,00|
|25/02/2019|R|3.000,00|4.320,00|4.320,00|3.500,00|6|61|238.200,00|
|26/02/2019|R|4.320,00|6.220,80|6.220,80|5.180,00|7|91|472.424,80|
|27/02/2019|R|6.220,80|6.800,00|6.800,00|6.700,00|3|117|793.800,00|
|06/03/2019|R|6.800,00|8.000,00|8.159,00|8.000,00|3|26|209.749,00|
|14/03/2019|R|8.000,00|6.550,00|6.600,00|6.400,00|3|365|2.407.500,00|
|15/03/2019|R|6.550,00|7.500,00|7.859,99|6.550,00|3|32|231.219,98|
|18/03/2019|R|7.500,00|7.000,00|7.000,00|6.000,01|3|15|100.000,05|
|20/03/2019|R|7.000,00|7.000,00|7.000,00|5.600,01|8|328|1.958.502,00|
|21/03/2019|R|7.000,00|7.000,00|7.000,00|7.000,00|2|14|98.000,00|
|22/03/2019|R|7.000,00|7.499,00|7.499,00|7.499,00|2|89|667.411,00|
|25/03/2019|R|7.499,00|7.300,00|7.300,00|7.300,00|1|3|21.900,00|
|29/03/2019|R|7.299,00|7.250,00|7.300,00|7.250,00|3|16|114.800,00|
|01/04/2019|R|7.250,00|7.100,00|7.100,00|7.100,00|1|10|71.000,00|
|02/04/2019|R|7.100,00|6.900,00|7.200,00|6.600,00|4|62|421.500,00|
|04/04/2019|R|6.900,00|6.900,00|6.750,00|6.750,00|1|1|6.750,00|
|05/04/2019|R|6.900,00|6.850,00|6.850,00|6.850,00|1|132|904.200,00|
|08/04/2019|R|6.850,00|6.000,00|6.000,00|5.480,01|2|71|425.480,01|
|10/04/2019|R|6.000,00|6.800,00|6.800,00|6.800,00|1|3|20.400,00|
|11/04/2019|R|6.800,00|6.800,00|6.800,00|6.800,00|1|2|13.600,00|
|22/04/2019|R|6.800,00|7.800,00|7.800,00|6.000,00|3|218|1.322.400,00|
|23/04/2019|R|7.800,00|9.000,00|9.000,00|8.000,00|7|50|443.000,00|
|24/04/2019|R|9.000,00|9.000,00|9.000,00|9.000,00|2|134|1.206.000,00|
|25/04/2019|R|9.000,00|9.000,00|9.000,00|9.000,00|1|2|18.000,00|
|26/04/2019|R|9.000,00|9.000,00|9.000,00|9.000,00|1|10|90.000,00|
|03/05/2019|R|9.000,00|10.799,99|10.799,99|10.799,99|1|1|10.799,99|
|08/05/2019|R|9.500,00|10.000,00|10.000,00|9.500,00|3|321|3.199.500,00|
|09/05/2019|R|10.000,00|9.999,99|10.000,00|9.999,99|8|324|3.239.999,20|
|10/05/2019|R|9.999,99|10.000,00|10.000,00|10.000,00|5|881|8.807.500,00|
|13/05/2019|R|10.000,00|10.000,00|10.000,00|10.000,00|4|1.500|15.000.000,00|
|14/05/2019|R|10.000,00|10.000,00|10.000,00|10.000,00|8|2.920|29.200.000,00|
|15/05/2019|R|10.000,00|10.000,00|10.500,00|10.000,00|10|1.039|10.407.500,01|
|16/05/2019|R|10.000,00|10.000,00|10.000,00|10.000,00|4|320|3.200.000,00|
|17/05/2019|R|10.000,00|10.000,00|10.000,00|10.000,00|1|35|350.000,00|
|27/05/2019|R|10.200,00|10.000,00|10.100,00|10.000,00|4|2.000|20.000.500,00|
|28/05/2019|R|10.000,00|10.000,00|10.300,00|10.000,00|10|1.065|10.650.300,00|
|29/05/2019|R|10.000,00|10.000,00|10.000,00|10.000,00|1|400|4.000.000,00|
|30/05/2019|R|10.000,00|10.000,00|10.000,00|10.000,00|5|800|8.000.000,00|
|05/06/2019|R|10.000,00|10.000,00|10.000,00|10.000,00|1|10|100.000,00|
|06/06/2019|R|10.000,00|9.600,00|9.800,00|9.600,00|3|336|3.232.800,00|
|07/06/2019|R|9.600,00|10.000,00|10.000,00|10.000,00|1|1|10.000,00|
|10/06/2019|R|10.000,00|9.000,00|10.000,00|9.000,00|2|99|910.000,00|
|12/06/2019|R|9.000,00|9.000,00|9.000,00|9.000,00|3|202|1.818.000,00|
|14/06/2019|R|9.000,00|10.000,00|10.000,00|10.000,00|4|1.238|12.069.000,00|
|18/06/2019|R|10.000,00|10.000,00|10.500,00|10.000,00|2|17|171.000,00|
|19/06/2019|R|10.000,00|10.400,00|10.400,00|10.400,00|4|165|1.716.000,00|
|20/06/2019|R|10.400,00|10.400,00|10.400,00|10.400,00|4|78|811.200,00|
|21/06/2019|R|10.400,00|10.400,00|10.800,00|10.400,00|3|152|1.581.600,00|
|25/06/2019|R|10.400,00|10.400,00|10.400,00|10.400,00|2|41|426.400,00|
|26/06/2019|R|10.400,00|10.400,00|10.400,00|10.400,00|4|65|676.000,00|
|27/06/2019|R|10.400,00|10.450,00|10.450,00|10.400,00|10|1.137|11.827.320,00|
|28/06/2019|R|10.450,00|11.000,00|11.000,00|10.500,00|3|60|655.000,00|
|02/07/2019|R|11.000,00|10.800,00|11.000,00|10.800,00|3|671|7.250.400,00|
|03/07/2019|R|10.800,00|10.800,00|10.800,00|10.750,00|2|103|1.111.400,00|
|04/07/2019|R|10.800,00|10.850,00|10.850,00|10.850,00|5|1.105|11.989.250,00|
|08/07/2019|R|10.850,00|12.000,00|12.000,00|12.000,00|1|40|480.000,00|
|09/07/2019|R|12.000,00|12.000,00|12.000,00|12.000,00|2|469|5.628.000,00|
|10/07/2019|R|12.000,00|12.000,00|12.000,00|12.000,00|3|95|1.180.000,00|
|11/07/2019|R|12.000,00|13.000,00|13.000,00|12.500,00|6|200|2.580.000,00|
|12/07/2019|R|13.000,00|14.500,00|14.500,00|13.000,00|5|284|3.893.000,00|
|15/07/2019|R|14.500,00|15.000,00|15.000,00|14.500,00|4|590|8.580.000,00|
|16/07/2019|R|15.000,00|15.500,00|15.500,00|14.000,00|12|849|12.625.000,00|
|17/07/2019|R|15.500,00|16.000,00|16.000,00|15.500,00|4|1.833|28.724.875,00|
|18/07/2019|R|16.000,00|15.000,00|15.000,00|14.999,00|6|170|2.549.997,00|
|19/07/2019|R|15.000,00|14.900,00|15.000,00|14.900,00|2|16|239.000,00|
|22/07/2019|R|14.900,00|16.000,00|16.000,00|15.000,00|6|322|4.917.050,00|
|25/07/2019|R|16.000,00|15.550,00|15.555,00|15.550,00|5|40|622.045,00|
|26/07/2019|R|15.550,00|15.000,00|15.500,00|15.000,00|4|394|5.914.500,00|
|29/07/2019|R|15.000,00|14.900,00|14.900,00|14.900,00|1|10|149.000,00|
|30/07/2019|R|14.900,00|14.900,00|14.900,00|14.900,00|3|27|402.300,00|
|31/07/2019|R|14.900,00|14.900,00|14.900,00|14.900,00|3|12|178.800,00|
|02/08/2019|R|14.900,00|14.900,00|14.900,00|14.900,00|5|688|10.251.200,00|
|05/08/2019|R|14.900,00|17.500,00|17.500,00|15.000,00|5|600|9.022.500,00|
|06/08/2019|R|17.500,00|17.500,00|17.500,00|17.500,00|5|135|2.362.500,00|
|07/08/2019|R|17.500,00|20.000,00|20.000,00|20.000,00|3|35|700.000,00|
|08/08/2019|R|20.000,00|20.000,00|20.000,00|20.000,00|2|20|400.000,00|
|12/08/2019|R|20.000,00|20.000,00|20.000,00|20.000,00|1|2|40.000,00|
|13/08/2019|R|20.000,00|20.000,00|20.000,00|20.000,00|1|3|60.000,00|
|14/08/2019|R|20.000,00|20.000,00|20.000,00|20.000,00|1|50|1.000.000,00|
|15/08/2019|R|20.000,00|20.000,00|20.000,00|20.000,00|1|5|100.000,00|
|16/08/2019|R|20.000,00|22.000,00|22.000,00|20.000,00|2|52|1.044.000,00|
|20/08/2019|R|22.000,00|22.000,00|22.000,00|22.000,00|3|9|198.000,00|
|22/08/2019|R|22.000,00|22.500,00|22.500,00|22.500,00|6|49|1.102.500,00|
|23/08/2019|R|22.500,00|24.000,00|24.000,00|22.000,00|5|198|4.537.500,00|
|26/08/2019|R|24.000,00|23.500,00|25.000,00|23.500,00|3|23|573.500,00|
|27/08/2019|R|23.500,00|23.000,00|23.000,00|23.000,00|4|634|14.582.000,00|
|28/08/2019|R|23.000,00|23.000,00|23.000,00|23.000,00|4|38|874.000,00|
|29/08/2019|R|23.000,00|23.000,00|23.000,00|23.000,00|1|100|2.300.000,00|
|30/08/2019|R|23.000,00|23.000,00|23.000,00|23.000,00|4|105|2.415.000,00|
|02/09/2019|R|23.000,00|23.000,01|25.000,00|23.000,00|4|245|5.935.000,15|
|03/09/2019|R|23.000,01|23.000,00|23.201,00|23.000,00|8|413|9.499.804,00|
|04/09/2019|R|23.000,00|23.000,00|23.000,00|23.000,00|1|15|345.000,00|
|05/09/2019|R|23.000,00|23.000,00|23.000,00|23.000,00|5|46|1.058.000,00|
|06/09/2019|R|23.000,00|22.500,00|23.000,00|22.500,00|4|49|1.117.500,00|
|10/09/2019|R|22.500,00|23.000,00|23.000,00|22.500,00|4|242|5.521.000,00|
|11/09/2019|R|23.000,00|22.000,00|23.000,00|22.000,00|4|125|2.770.000,00|
|12/09/2019|R|22.000,00|23.000,00|23.000,00|22.500,00|3|38|869.000,00|
|17/09/2019|R|22.500,00|22.500,00|23.000,00|22.500,00|3|28|634.500,00|
|18/09/2019|R|22.500,00|20.000,00|22.000,00|20.000,00|8|1.025|20.550.000,00|
|19/09/2019|R|20.000,00|20.000,00|23.000,00|23.000,00|1|1|23.000,00|
|20/09/2019|R|20.000,00|20.000,00|20.000,00|20.000,00|5|2.000|40.000.000,00|
|23/09/2019|R|20.000,00|20.500,00|20.500,00|20.000,00|5|722|14.551.000,00|
|24/09/2019|R|20.500,00|20.000,00|20.000,00|20.000,00|4|505|10.100.000,00|
|25/09/2019|R|20.000,00|20.000,00|20.000,00|20.000,00|2|220|4.400.000,00|
|26/09/2019|R|20.000,00|20.000,00|20.000,00|20.000,00|1|50|1.000.000,00|
|02/10/2019|R|19.998,00|20.620,00|20.707,00|20.620,00|2|50|1.031.087,00|
|03/10/2019|R|20.620,00|20.620,00|20.620,00|20.620,00|3|50|1.031.000,00|
|04/10/2019|R|20.620,00|22.000,00|23.951,00|21.999,00|4|58|1.281.823,00|
|09/10/2019|R|22.000,00|22.500,00|23.000,00|22.500,00|3|77|1.770.500,00|
|14/10/2019|R|22.500,00|21.500,00|21.500,00|20.000,00|2|103|2.129.000,00|
|15/10/2019|R|21.500,00|23.000,00|23.000,00|22.000,00|7|75|1.671.992,00|
|16/10/2019|R|23.000,00|20.000,00|23.000,00|20.000,00|3|504|10.092.000,00|
|17/10/2019|R|20.000,00|20.000,00|20.000,00|20.000,00|3|550|11.000.000,00|
|18/10/2019|R|20.000,00|20.000,00|21.000,00|20.000,00|5|101|2.022.035,00|
|21/10/2019|R|20.000,00|20.000,00|22.500,00|20.000,00|2|49|985.000,00|
|22/10/2019|R|20.000,00|20.000,00|20.000,00|20.000,00|1|30|600.000,00|
|23/10/2019|R|20.000,00|23.750,00|23.750,00|23.750,00|1|2|47.500,00|
|24/10/2019|R|23.750,00|22.000,00|23.700,00|22.000,00|2|6|140.500,00|
|25/10/2019|R|22.000,00|22.000,00|22.000,00|22.000,00|1|48|1.056.000,00|
|28/10/2019|R|22.000,00|22.200,00|22.200,00|22.200,00|2|45|999.000,00|
|29/10/2019|R|22.200,00|22.500,00|22.500,00|22.000,00|5|210|4.682.000,00|
|30/10/2019|R|22.500,00|22.500,00|23.998,00|23.998,00|1|1|23.998,00|
|31/10/2019|R|22.500,00|22.000,00|22.500,00|22.000,00|3|105|2.350.000,00|
|01/11/2019|R|22.000,00|22.500,00|25.715,00|22.500,00|4|467|10.510.715,00|
|05/11/2019|R|22.500,00|23.000,00|23.000,00|23.000,00|2|50|1.150.000,00|
|07/11/2019|R|23.000,00|22.000,00|22.000,00|22.000,00|2|178|3.916.000,00|
|08/11/2019|R|22.000,00|22.000,00|22.000,00|22.000,00|1|1|22.000,00|
|11/11/2019|R|22.000,00|25.000,00|26.399,00|25.000,00|6|190|4.758.566,00|
|12/11/2019|R|25.000,00|25.000,00|25.001,00|25.000,00|6|188|4.700.048,00|
|13/11/2019|R|25.000,00|25.250,00|25.250,00|25.250,00|1|100|2.525.000,00|
|14/11/2019|R|25.250,00|21.000,00|26.000,00|21.000,00|3|148|3.233.000,00|
|15/11/2019|R|21.000,00|25.199,00|25.199,00|25.199,00|1|2|50.398,00|
|19/11/2019|R|25.199,00|27.000,00|27.000,00|27.000,00|4|47|1.269.000,00|
|20/11/2019|R|27.000,00|27.000,00|0,00|0,00|1|34|918.000,00|
|21/11/2019|R|27.000,00|27.000,00|27.000,00|27.000,00|1|1|27.000,00|
|22/11/2019|R|27.000,00|26.999,99|26.999,99|25.000,01|3|23|608.999,89|
|25/11/2019|R|26.999,99|26.999,99|27.000,00|26.997,00|6|202|5.453.773,20|
|26/11/2019|R|26.999,99|27.000,00|27.000,00|27.000,00|1|5|135.000,00|
|27/11/2019|R|27.000,00|26.995,00|29.999,00|26.995,00|4|69|1.874.971,00|
|28/11/2019|R|26.995,00|24.000,00|27.000,00|24.000,00|3|354|8.526.000,00|
|29/11/2019|R|24.000,00|25.100,00|25.550,00|25.100,00|2|50|1.270.750,00|
|03/12/2019|R|25.100,00|27.488,00|27.488,00|26.500,00|4|43|1.160.248,00|
|04/12/2019|R|27.488,00|27.499,00|27.500,00|27.499,00|2|43|1.182.463,00|
|05/12/2019|R|27.499,00|27.500,00|27.500,00|27.500,00|2|44|1.210.000,00|
|09/12/2019|R|27.500,00|27.500,00|27.500,00|27.500,00|2|9|247.500,00|
|10/12/2019|R|27.500,00|28.999,00|28.999,00|28.200,00|2|63|1.786.987,00|
|11/12/2019|R|28.999,00|25.000,00|25.001,01|25.000,00|6|452|11.300.028,11|
|12/12/2019|R|25.000,00|25.000,00|25.000,00|25.000,00|3|240|6.000.000,00|
|13/12/2019|R|25.000,00|24.990,00|25.000,00|24.990,00|2|65|1.624.950,00|
|16/12/2019|R|24.990,00|24.990,00|25.000,00|24.990,00|4|89|2.224.910,00|
|17/12/2019|R|24.990,00|21.000,00|25.000,00|21.000,00|2|3|67.000,00|
|18/12/2019|R|21.000,00|22.100,00|22.100,00|22.000,00|2|28|617.600,00|
|20/12/2019|R|22.100,00|31.823,00|31.823,00|26.519,00|3|26|726.652,00|
|23/12/2019|R|31.823,00|34.998,00|34.999,00|34.998,00|4|30|1.049.956,00|
|27/12/2019|R|34.998,00|34.000,00|34.999,00|34.000,00|5|56|1.929.974,00|
|02/01/2020|R|34.000,00|36.000,00|36.000,00|36.000,00|1|5|180.000,00|
|03/01/2020|R|36.000,00|40.000,00|40.000,00|37.000,00|2|202|7.504.000,00|
|07/01/2020|R|40.000,00|43.199,00|43.199,00|43.199,00|1|82|3.542.318,00|
|08/01/2020|R|43.199,00|43.199,00|43.199,00|43.197,00|6|388|16.760.770,50|
|10/01/2020|R|43.199,00|41.000,00|41.000,00|41.000,00|3|90|3.690.000,00|
|13/01/2020|R|41.000,00|41.000,00|41.000,00|41.000,00|2|13|533.000,00|
|14/01/2020|R|41.000,00|40.500,00|41.000,01|40.500,00|5|235|9.622.501,00|
|15/01/2020|R|40.500,00|40.500,00|0,00|0,00|2|46|1.863.000,00|
|16/01/2020|R|40.500,00|40.500,00|40.500,00|40.500,00|1|48|1.944.000,00|
|17/01/2020|R|40.500,00|40.000,00|41.000,00|40.000,00|5|51|2.079.000,00|
|21/01/2020|R|40.000,00|40.000,00|40.000,00|40.000,00|1|8|320.000,00|
|22/01/2020|R|40.000,00|40.000,00|40.000,00|40.000,00|1|30|1.200.000,00|
|23/01/2020|R|40.000,00|41.000,00|41.000,00|41.000,00|1|1|41.000,00|
|24/01/2020|R|41.000,00|40.000,00|40.000,00|40.000,00|1|10|400.000,00|
|27/01/2020|R|40.000,00|39.000,00|39.000,00|36.000,00|6|340|12.961.866,00|
|28/01/2020|R|39.000,00|39.000,00|0,00|0,00|2|75|3.000.000,00|
|29/01/2020|R|39.000,00|39.100,00|39.100,00|36.000,00|2|33|1.259.300,00|
|30/01/2020|R|39.100,00|40.000,00|40.000,00|40.000,00|2|35|1.390.000,00|
|31/01/2020|R|40.000,00|44.500,00|44.500,00|44.500,00|1|29|1.290.500,00|
|03/02/2020|R|44.500,00|45.000,00|45.000,00|40.000,00|5|172|7.640.000,00|
|04/02/2020|R|45.000,00|45.000,00|45.000,00|45.000,00|4|187|8.415.000,00|
|05/02/2020|R|45.000,00|44.999,00|45.000,00|44.999,00|3|61|2.744.941,00|
|06/02/2020|R|44.999,00|45.000,00|45.000,00|45.000,00|1|4|180.000,00|
|07/02/2020|R|45.000,00|44.990,00|44.990,00|44.990,00|1|2|89.980,00|
|10/02/2020|R|44.990,00|49.500,00|50.000,00|49.500,00|3|25|1.240.000,00|
|11/02/2020|R|49.500,00|50.000,00|50.000,00|50.000,00|2|14|700.000,00|
|17/02/2020|R|10.000,00|47.500,00|49.500,00|47.000,00|5|40|1.897.500,00|
|18/02/2020|R|47.500,00|47.399,00|47.399,00|47.399,00|1|2|94.798,00|
|19/02/2020|R|47.399,00|43.000,00|47.493,00|43.000,00|10|292|13.070.410,00|
|26/02/2020|R|42.000,00|42.000,00|44.500,00|42.000,00|6|93|4.014.000,00|
|27/02/2020|R|42.000,00|42.000,00|44.500,00|42.000,00|5|113|4.771.000,00|
|28/02/2020|R|42.000,00|43.000,00|45.999,00|43.000,00|8|55|2.420.981,00|
|02/03/2020|R|43.000,00|42.500,00|43.000,00|42.500,00|8|70|2.976.000,00|
|03/03/2020|R|42.500,00|42.485,00|42.999,00|42.485,00|3|49|2.084.335,00|
|11/03/2020|R|42.485,00|42.000,00|42.485,00|42.000,00|4|117|4.918.850,00|
|12/03/2020|R|42.000,00|43.000,00|47.479,00|43.000,00|8|137|6.083.196,00|
|13/03/2020|R|43.000,00|42.499,00|42.499,00|42.499,00|1|15|637.485,00|
|18/03/2020|R|42.499,00|42.499,00|42.499,00|42.499,00|1|15|637.485,00|
|20/03/2020|R|42.499,00|44.000,00|44.000,00|44.000,00|1|5|220.000,00|
|23/03/2020|R|44.000,00|35.201,00|35.201,00|35.201,00|1|21|739.221,00|
|24/03/2020|R|35.201,00|42.240,00|42.240,00|42.240,00|2|4|168.960,00|
|26/03/2020|R|42.240,00|42.240,00|42.241,00|42.240,00|2|37|1.562.887,00|
|27/03/2020|R|42.240,00|40.000,00|40.001,00|40.000,00|5|380|15.200.022,00|
|30/03/2020|R|40.000,00|45.000,00|45.000,00|45.000,00|1|7|315.000,00|
|31/03/2020|R|45.000,00|45.500,00|45.500,00|45.500,00|1|5|227.500,00|
|01/04/2020|R|45.500,00|46.000,00|46.000,00|46.000,00|1|1|46.000,00|
|02/04/2020|R|46.000,00|47.000,00|47.000,00|47.000,00|2|21|987.000,00|
|03/04/2020|R|47.000,00|56.399,00|56.399,00|49.250,00|4|106|5.455.475,00|
|07/04/2020|R|51.271,82|61.526,00|61.526,00|61.526,00|1|2|123.052,00|
|14/04/2020|R|61.526,00|73.831,19|73.831,19|70.000,01|4|30|2.107.662,93|
|15/04/2020|R|73.831,19|78.000,00|80.000,00|73.821,00|6|116|8.836.821,00|
|17/04/2020|R|78.000,00|80.000,00|80.000,00|80.000,00|4|147|11.760.000,00|
|20/04/2020|R|80.000,00|80.000,00|80.000,00|80.000,00|2|7|560.000,00|
|21/04/2020|R|80.000,00|82.000,00|82.000,00|82.000,00|2|3|246.000,00|
|22/04/2020|R|82.000,00|94.500,00|94.500,00|82.000,00|6|110|9.811.000,00|
|23/04/2020|R|94.500,00|113.000,00|113.400,00|100.000,00|6|34|3.717.599,70|
|24/04/2020|R|113.000,00|130.000,00|135.599,00|130.000,00|4|6|802.394,00|
|27/04/2020|R|130.000,00|129.000,00|129.000,00|129.000,00|1|1|129.000,00|
|28/04/2020|R|129.000,00|103.201,00|130.000,00|103.201,00|7|44|5.658.200,97|
|29/04/2020|R|103.201,00|103.000,00|103.000,00|103.000,00|2|22|2.266.000,00|
|30/04/2020|R|103.000,00|100.000,00|100.000,00|100.000,00|1|5|500.000,00|
|04/05/2020|R|100.000,00|90.000,00|90.000,00|90.000,00|5|39|3.510.000,00|
|05/05/2020|R|90.000,00|95.001,00|95.001,00|95.000,00|2|60|5.700.020,00|
|06/05/2020|R|95.001,00|114.000,00|114.000,00|107.000,00|5|27|2.962.999,95|
|07/05/2020|R|114.000,00|114.000,00|114.000,00|114.000,00|3|24|2.736.000,00|
|08/05/2020|R|114.000,00|114.000,00|114.000,00|113.500,00|8|275|31.300.000,00|
|11/05/2020|R|114.000,00|125.000,00|125.000,00|125.000,00|6|70|8.633.000,00|
|12/05/2020|R|125.000,00|115.500,00|148.999,00|115.500,00|7|153|17.705.051,00|
|13/05/2020|R|115.500,00|118.000,00|118.000,00|118.000,00|3|48|5.664.000,00|
|15/05/2020|R|118.000,00|118.000,00|118.000,00|118.000,00|1|12|1.416.000,00|
|18/05/2020|R|118.000,00|125.000,00|125.000,00|125.000,00|2|15|1.875.000,00|
|19/05/2020|R|125.000,00|120.000,00|120.000,00|120.000,00|1|1|120.000,00|
|20/05/2020|R|120.000,00|120.000,00|120.000,00|120.000,00|3|9|1.080.000,00|
|21/05/2020|R|120.000,00|125.000,00|125.000,00|125.000,00|1|1|125.000,00|
|26/05/2020|R|125.000,00|125.000,00|125.000,00|120.000,00|3|114|14.200.000,00|
|28/05/2020|R|125.000,00|125.000,00|125.000,00|125.000,00|1|1|125.000,00|
|01/06/2020|R|125.000,00|118.000,00|118.000,00|118.000,00|4|95|11.210.000,00|
|02/06/2020|R|118.000,00|126.000,00|126.000,00|126.000,00|1|1|126.000,00|
|03/06/2020|R|126.000,00|125.000,00|125.000,00|125.000,00|1|15|1.875.000,00|
|04/06/2020|R|125.000,00|126.000,00|126.000,00|126.000,00|2|30|3.780.000,00|
|05/06/2020|R|126.000,00|126.000,00|126.000,00|126.000,00|2|43|5.418.000,00|
|08/06/2020|R|126.000,00|126.000,00|126.000,00|126.000,00|4|251|31.626.000,00|
|10/06/2020|R|126.000,00|135.000,00|135.000,00|135.000,00|1|50|6.750.000,00|
|11/06/2020|R|135.000,00|160.000,00|160.000,00|152.000,00|2|2|312.000,00|
|12/06/2020|R|160.000,00|150.000,00|160.000,00|150.000,00|3|15|2.320.000,00|
|16/06/2020|R|150.000,00|149.000,00|150.000,00|149.000,00|5|38|5.698.000,00|
|17/06/2020|R|149.000,00|145.000,00|145.000,00|145.000,00|1|2|290.000,00|
|22/06/2020|R|145.000,00|144.000,00|144.000,00|144.000,00|1|1|144.000,00|
|23/06/2020|R|144.000,00|144.000,00|144.000,00|144.000,00|4|316|37.104.000,00|
|25/06/2020|R|144.000,00|120.000,00|144.000,00|120.000,00|9|178|22.151.450,00|
|30/06/2020|R|120.000,00|120.000,00|120.000,00|120.000,00|2|14|1.680.000,00|
|01/07/2020|R|120.000,00|120.000,00|120.000,00|120.000,00|2|16|1.920.000,00|
|02/07/2020|R|120.000,00|120.000,00|120.000,00|120.000,00|1|3|360.000,00|
|03/07/2020|R|120.000,00|100.000,00|100.002,00|100.000,00|7|290|29.000.162,00|
|06/07/2020|R|100.000,00|110.000,00|110.000,00|92.000,00|5|104|9.744.000,00|
|07/07/2020|R|110.000,00|115.000,00|119.899,00|115.000,00|5|48|5.539.394,00|
|08/07/2020|R|115.000,00|115.000,00|115.000,00|115.000,00|2|11|1.265.000,00|
|09/07/2020|R|115.000,00|115.000,00|115.000,00|115.000,00|1|7|805.000,00|
|10/07/2020|R|115.000,00|115.000,00|120.000,00|120.000,00|2|51|5.870.000,00|
|14/07/2020|R|115.000,00|115.000,00|115.000,00|115.000,00|4|41|4.715.000,00|
|16/07/2020|R|115.000,00|115.000,00|114.999,99|114.999,99|1|1|114.999,99|
|17/07/2020|R|115.000,00|115.000,00|115.000,00|114.999,99|3|51|5.864.999,64|
|20/07/2020|R|115.000,00|125.000,00|125.000,00|115.000,00|4|304|35.960.000,00|
|21/07/2020|R|125.000,00|130.000,00|130.000,00|130.000,00|3|40|5.200.000,00|
|23/07/2020|R|130.000,00|152.000,00|152.000,00|152.000,00|1|6|912.000,00|
|27/07/2020|R|152.000,00|150.000,00|153.000,00|150.000,00|5|249|37.385.000,00|
|28/07/2020|R|150.000,00|150.000,00|0,00|0,00|1|5|750.000,00|
|29/07/2020|R|150.000,00|152.000,00|152.000,00|150.000,00|5|66|9.922.000,00|
|30/07/2020|R|152.000,00|155.000,00|157.000,00|155.000,00|5|26|3.946.000,00|
|31/07/2020|R|155.000,00|155.000,00|158.999,00|155.000,00|2|2|313.999,00|
|03/08/2020|R|155.000,00|160.000,00|160.000,00|160.000,00|2|607|75.945.000,00|
|04/08/2020|R|160.000,00|151.000,00|151.000,00|151.000,00|1|70|10.570.000,00|
|05/08/2020|R|151.000,00|151.000,00|181.195,00|181.195,00|1|1|181.195,00|
|06/08/2020|R|151.000,00|180.000,00|180.000,00|180.000,00|3|19|3.420.000,00|
|07/08/2020|R|180.000,00|180.000,00|189.500,00|189.500,00|1|1|189.500,00|
|10/08/2020|R|180.000,00|195.000,00|195.000,00|195.000,00|2|18|3.510.000,00|
|11/08/2020|R|195.000,00|160.000,00|160.000,00|160.000,00|1|6|960.000,00|
|12/08/2020|R|160.000,00|191.999,00|191.999,00|191.999,00|1|2|383.998,00|
|13/08/2020|R|191.999,00|180.000,00|199.500,00|180.000,00|6|142|26.215.989,00|
|14/08/2020|R|180.000,00|190.000,00|190.000,00|180.000,00|6|93|16.809.999,00|
|17/08/2020|R|190.000,00|190.000,00|200.000,00|190.000,00|6|278|52.958.000,00|
|18/08/2020|R|190.000,00|200.000,00|200.000,00|190.000,00|6|29|5.544.000,00|
|19/08/2020|R|200.000,00|190.000,00|190.000,00|190.000,00|2|50|9.500.000,00|
|20/08/2020|R|190.000,00|224.000,00|224.000,00|224.000,00|2|9|2.016.000,00|
|21/08/2020|R|224.000,00|227.900,00|227.900,00|227.900,00|1|1|227.900,00|
|24/08/2020|R|227.900,00|250.000,00|250.000,00|240.000,00|4|62|15.399.999,98|
|25/08/2020|R|250.000,00|265.800,00|289.800,00|265.800,00|5|25|6.775.000,00|
|26/08/2020|R|265.800,00|265.000,00|265.800,00|265.000,00|2|9|2.389.000,00|
|27/08/2020|R|265.000,00|265.000,00|275.000,00|265.000,00|5|39|10.345.000,00|
|28/08/2020|R|265.000,00|285.000,00|307.900,00|285.000,00|5|12|3.487.900,00|
|31/08/2020|R|285.000,00|270.000,00|270.000,00|270.000,00|3|50|13.500.000,00|
|01/09/2020|R|270.000,00|270.000,00|270.000,00|270.000,00|3|49|13.230.000,00|
|02/09/2020|R|270.000,00|259.200,00|265.000,00|216.000,00|5|16|4.109.800,00|
|03/09/2020|R|259.200,00|259.200,00|0,00|0,00|1|2|510.000,00|
|04/09/2020|R|259.200,00|259.200,00|259.200,00|259.200,00|4|11|2.851.200,00|
|07/09/2020|R|259.200,00|259.200,00|259.200,00|259.200,00|1|5|1.296.000,00|
|08/09/2020|R|259.200,00|260.000,00|260.000,00|259.200,00|6|59|15.332.800,00|
|10/09/2020|R|260.000,00|260.000,00|260.000,00|260.000,00|4|34|8.840.000,00|
|15/09/2020|R|260.000,00|260.000,00|260.000,00|260.000,00|3|12|3.120.000,00|
|16/09/2020|R|260.000,00|260.000,00|260.000,00|260.000,00|1|1|260.000,00|
|21/09/2020|R|260.000,00|260.000,00|260.000,00|260.000,00|3|54|14.040.000,00|
|22/09/2020|R|260.000,00|260.000,00|265.000,00|260.000,00|2|15|3.920.000,00|
|24/09/2020|R|260.000,00|260.000,00|260.000,00|260.000,00|2|45|11.700.000,00|
|25/09/2020|R|260.000,00|286.000,00|286.000,00|286.000,00|2|3|858.000,00|
|28/09/2020|R|286.000,00|319.000,00|319.000,00|309.000,00|3|8|2.522.000,00|
|29/09/2020|R|319.000,00|357.000,00|357.000,00|319.000,00|6|37|12.073.000,00|
|30/09/2020|R|357.000,00|357.000,00|360.000,00|357.000,00|2|9|3.225.000,00|
|01/10/2020|R|357.000,00|365.000,00|365.000,00|360.000,00|2|5|1.810.000,00|
|02/10/2020|R|365.000,00|385.000,00|388.000,00|385.000,00|3|8|3.089.000,00|
|05/10/2020|R|385.000,00|385.000,00|406.000,00|385.000,00|2|14|5.474.000,00|
|06/10/2020|R|385.000,00|385.000,00|385.000,00|385.000,00|3|55|21.175.000,00|
|07/10/2020|R|385.000,00|385.000,00|385.000,00|385.000,00|5|44|16.940.000,00|
|08/10/2020|R|385.000,00|385.000,00|385.000,00|385.000,00|2|20|7.700.000,00|
|09/10/2020|R|385.000,00|385.000,00|385.000,00|385.000,00|2|68|26.180.000,00|
|13/10/2020|R|385.000,00|450.000,00|450.000,00|385.000,00|3|147|57.050.000,00|
|14/10/2020|R|450.000,00|449.999,99|450.000,00|449.999,99|3|58|26.099.999,45|
|15/10/2020|R|449.999,99|450.000,00|450.000,00|449.999,99|3|105|47.249.999,50|
|19/10/2020|R|450.000,00|485.000,00|499.000,00|485.000,00|3|44|21.382.000,00|
|20/10/2020|R|485.000,00|525.000,00|540.000,00|525.000,00|2|5|2.670.000,00|
|21/10/2020|R|525.000,00|500.000,00|550.000,00|450.000,00|7|91|41.350.000,00|
|22/10/2020|R|500.000,00|490.000,00|490.000,00|485.000,00|5|180|87.790.000,00|
|23/10/2020|R|490.000,00|485.000,00|485.000,00|485.000,00|4|47|22.795.000,00|
|26/10/2020|R|485.000,00|581.999,99|581.999,99|485.000,00|7|171|84.098.999,88|
|27/10/2020|R|581.999,99|590.000,00|599.999,00|581.000,00|3|20|11.675.998,00|
|28/10/2020|R|590.000,00|639.999,99|700.000,00|581.000,00|8|50|30.660.999,82|
|30/10/2020|R|639.999,99|635.000,00|635.000,00|635.000,00|6|38|24.130.000,00|
|02/11/2020|R|635.000,00|620.000,00|620.000,00|610.000,00|2|10|6.110.000,00|
|03/11/2020|R|620.000,00|615.000,00|625.000,00|600.000,00|9|95|57.830.000,00|
|05/11/2020|R|615.000,00|610.000,00|615.000,00|610.000,00|2|19|11.680.000,00|
|06/11/2020|R|610.000,00|610.000,00|610.000,00|610.000,00|2|9|5.490.000,00|
|09/11/2020|R|610.000,00|610.000,00|610.000,00|610.000,00|5|46|28.060.000,00|
|10/11/2020|R|610.000,00|625.000,00|650.000,00|600.000,00|9|318|195.955.000,00|
|11/11/2020|R|625.000,00|649.999,99|650.000,00|649.999,99|4|5|3.249.999,96|
|12/11/2020|R|649.999,99|650.000,00|650.000,00|650.000,00|4|95|61.750.000,00|
|13/11/2020|R|650.000,00|695.000,00|695.000,00|695.000,00|3|181|114.290.000,00|
|16/11/2020|R|695.000,00|694.999,99|694.999,99|694.999,99|5|21|14.594.999,79|
|17/11/2020|R|694.999,99|694.000,00|694.000,00|694.000,00|2|23|15.962.000,00|
|18/11/2020|R|694.000,00|694.000,00|694.000,00|694.000,00|2|29|20.126.000,00|
|19/11/2020|R|694.000,00|720.000,00|720.000,00|694.000,00|4|81|56.292.000,00|
|20/11/2020|R|720.000,00|849.999,99|849.999,99|720.000,00|6|116|89.787.999,59|
|24/11/2020|R|849.999,99|995.000,00|999.999,00|900.000,00|5|15|13.889.998,00|
|25/11/2020|R|995.000,00|1.000.000,00|1.000.000,00|1.000.000,00|3|13|13.000.000,00|
|26/11/2020|R|1.000.000,00|1.000.000,00|1.000.000,00|1.000.000,00|2|65|65.000.000,00|
|27/11/2020|R|1.000.000,00|1.200.000,00|1.200.000,00|1.200.000,00|2|21|21.200.000,00|
|30/11/2020|R|1.200.000,00|1.400.000,00|1.400.000,00|1.350.000,00|7|37|51.570.000,00|
|01/12/2020|R|1.400.000,00|1.400.000,00|1.400.000,00|1.400.000,00|1|2|2.800.000,00|
|02/12/2020|R|1.400.000,00|1.400.000,00|1.545.000,00|1.400.000,00|3|6|8.690.000,00|
|03/12/2020|R|1.400.000,00|1.399.990,00|1.400.000,00|1.399.990,00|3|4|5.599.990,00|
|04/12/2020|R|1.399.990,00|1.400.000,00|1.400.000,00|1.400.000,00|3|3|4.200.000,00|
|07/12/2020|R|1.400.000,00|1.120.010,00|1.400.000,00|1.120.010,00|3|61|68.600.600,00|
|08/12/2020|R|1.120.010,00|1.120.010,00|1.149.990,00|900.000,00|7|70|67.650.190,00|
|09/12/2020|R|1.120.010,00|1.119.990,00|1.149.990,00|1.119.990,00|6|58|65.019.900,00|
|10/12/2020|R|1.119.990,00|1.000.000,00|1.000.000,00|1.000.000,00|1|48|48.000.000,00|
|15/12/2020|R|1.000.000,00|1.100.000,00|1.100.000,00|1.100.000,00|1|1|1.100.000,00|
|16/12/2020|R|1.100.000,00|1.100.000,00|1.100.000,00|1.100.000,00|1|10|11.000.000,00|
|17/12/2020|R|1.100.000,00|999.980,00|999.980,00|900.000,00|2|26|23.499.980,00|
|18/12/2020|R|999.980,00|998.000,00|998.000,00|998.000,00|1|1|998.000,00|
|21/12/2020|R|998.000,00|1.000.000,00|1.000.000,00|1.000.000,00|1|26|26.000.000,00|
|22/12/2020|R|1.000.000,00|999.990,00|1.000.000,00|999.990,00|10|103|102.999.950,00|
|23/12/2020|R|999.990,00|999.980,00|999.990,00|999.980,00|4|11|10.999.850,00|
|28/12/2020|R|999.980,00|999.970,00|999.970,00|999.970,00|1|35|34.998.950,00|
|29/12/2020|R|999.970,00|999.960,00|999.960,00|999.800,00|2|2|1.999.760,00|
|30/12/2020|R|999.960,00|999.930,00|999.940,00|999.930,00|3|4|3.999.730,00|
|04/01/2021|R|999.930,00|999.990,00|999.990,00|999.990,00|1|10|9.999.900,00|
|05/01/2021|R|999.990,00|999.990,00|999.990,00|999.990,00|1|1|999.990,00|
|06/01/2021|R|999.990,00|999.990,00|1.000.000,00|999.990,00|2|12|11.999.980,00|
|08/01/2021|R|999.990,00|1.199.000,00|1.199.000,00|1.000.000,00|3|91|91.199.000,00|
|12/01/2021|R|1.199.000,00|1.000.000,00|1.199.000,00|1.000.000,00|4|24|24.985.990,00|
|13/01/2021|R|1.000.000,00|1.000.000,00|1.000.000,00|1.000.000,00|1|6|6.000.000,00|
|14/01/2021|R|1.000.000,00|901.050,00|1.000.000,00|900.010,00|6|46|44.212.660,00|
|15/01/2021|R|901.050,00|1.000.000,00|1.000.000,00|901.100,00|7|73|71.022.000,00|
|19/01/2021|R|1.000.000,00|1.000.000,00|1.000.000,00|1.000.000,00|3|21|21.000.000,00|
|20/01/2021|R|1.000.000,00|1.000.000,00|1.049.990,00|1.000.000,00|2|15|15.049.990,00|
|21/01/2021|R|1.000.000,00|1.049.000,00|1.049.000,00|1.049.000,00|1|4|4.196.000,00|
|22/01/2021|R|1.049.000,00|1.049.000,00|1.049.000,00|1.000.000,00|3|29|29.441.000,00|
|25/01/2021|R|1.049.000,00|1.000.000,00|1.000.000,00|999.990,00|4|15|14.999.990,00|
|26/01/2021|R|1.000.000,00|1.000.000,00|1.000.000,00|1.000.000,00|8|137|137.000.000,00|
|27/01/2021|R|1.000.000,00|1.000.000,00|1.000.000,00|1.000.000,00|3|14|14.000.000,00|
|28/01/2021|R|1.000.000,00|999.990,00|1.000.000,00|999.990,00|2|2|1.999.990,00|
|29/01/2021|R|999.990,00|999.000,00|999.000,00|999.000,00|1|5|4.995.000,00|
|01/02/2021|R|999.000,00|995.000,00|995.000,00|995.000,00|2|15|14.475.000,00|
|02/02/2021|R|995.000,00|1.000.000,00|1.000.000,00|1.000.000,00|1|1|1.000.000,00|
|03/02/2021|R|1.000.000,00|1.100.000,00|1.100.000,00|1.100.000,00|1|1|1.100.000,00|
|04/02/2021|R|1.100.000,00|1.000.000,00|1.000.000,00|1.000.000,00|3|62|62.000.000,00|
|05/02/2021|R|1.000.000,00|1.000.000,00|1.000.000,00|1.000.000,00|1|48|48.000.000,00|
|08/02/2021|R|1.000.000,00|850.030,00|950.000,00|850.030,00|2|7|6.150.150,00|
|09/02/2021|R|850.030,00|1.000.000,00|1.000.000,00|1.000.000,00|2|5|5.000.000,00|
|10/02/2021|R|1.000.000,00|1.000.000,00|1.000.000,00|1.000.000,00|2|15|15.000.000,00|
|11/02/2021|R|1.000.000,00|1.099.970,00|1.099.970,00|1.000.000,00|3|40|40.099.970,00|
|18/02/2021|R|1.099.970,00|1.150.000,00|1.150.000,00|1.150.000,00|2|2|2.300.000,00|
|19/02/2021|R|1.150.000,00|1.050.000,00|1.150.000,00|1.050.000,00|8|399|454.750.000,00|
|22/02/2021|R|1.050.000,00|1.199.990,00|1.199.990,00|1.199.990,00|1|19|22.799.810,00|
|23/02/2021|R|1.199.990,00|1.150.000,00|1.195.000,00|1.150.000,00|2|16|18.490.000,00|
|24/02/2021|R|1.150.000,00|1.150.000,00|1.150.000,00|1.150.000,00|1|20|23.000.000,00|
|25/02/2021|R|1.150.000,00|1.190.000,00|1.299.990,00|1.190.000,00|2|6|7.689.950,00|
|26/02/2021|R|1.190.000,00|1.000.000,00|1.190.000,00|1.000.000,00|2|405|405.950.000,00|
|01/03/2021|R|1.000.000,00|1.199.990,00|1.199.990,00|1.100.000,00|3|4|4.599.980,00|
|02/03/2021|R|1.199.990,00|1.198.990,00|1.198.990,00|1.198.990,00|1|3|3.596.970,00|
|03/03/2021|R|1.198.990,00|1.199.980,00|1.199.980,00|1.198.990,00|2|8|9.597.860,00|
|05/03/2021|R|1.199.980,00|1.190.000,00|1.190.000,00|1.100.000,00|3|6|7.050.000,00|
|08/03/2021|R|1.190.000,00|1.200.000,00|1.250.000,00|1.200.000,00|3|19|23.700.000,00|
|09/03/2021|R|1.200.000,00|1.250.000,00|1.269.000,00|1.250.000,00|4|50|62.538.000,00|
|10/03/2021|R|1.250.000,00|1.298.000,00|1.298.000,00|1.298.000,00|1|15|19.470.000,00|
|11/03/2021|R|1.298.000,00|1.299.000,00|1.299.000,00|1.299.000,00|3|39|49.093.000,00|
|12/03/2021|R|1.299.000,00|1.299.000,00|1.299.000,00|1.299.000,00|1|30|38.970.000,00|
|15/03/2021|R|1.299.000,00|1.499.000,00|1.499.000,00|1.499.000,00|1|32|47.968.000,00|
|16/03/2021|R|1.499.000,00|1.499.000,00|1.499.000,00|1.499.000,00|3|74|110.926.000,00|
|17/03/2021|R|1.499.000,00|1.400.000,00|1.499.000,00|1.300.000,00|4|79|107.178.000,00|
|23/03/2021|R|1.400.000,00|1.410.000,00|1.410.000,00|1.410.000,00|1|13|18.330.000,00|
|24/03/2021|R|1.410.000,00|1.410.000,00|1.410.000,00|1.400.000,00|3|113|159.230.000,00|
|25/03/2021|R|1.410.000,00|1.411.000,00|1.550.000,00|1.411.000,00|3|187|278.313.000,00|
|26/03/2021|R|1.411.000,00|1.798.000,00|1.798.000,00|1.500.000,00|10|183|306.267.000,00|
|29/03/2021|R|1.798.000,00|1.799.990,00|1.799.990,00|1.799.990,00|1|5|8.999.950,00|
|30/03/2021|R|1.799.990,00|1.799.990,00|1.799.990,00|1.799.990,00|1|8|14.399.920,00|
|31/03/2021|R|1.799.990,00|1.800.000,00|1.800.000,00|1.800.000,00|1|2|3.600.000,00|
|05/04/2021|R|1.710.000,00|1.710.000,00|1.710.000,00|1.710.000,00|2|40|68.400.000,00|
|06/04/2021|R|1.710.000,00|1.699.000,00|1.700.000,00|1.699.000,00|2|10|16.991.000,00|
|07/04/2021|R|1.699.000,00|1.699.000,00|1.699.000,00|1.699.000,00|1|5|8.495.000,00|
|08/04/2021|R|1.699.000,00|1.600.000,00|1.600.000,00|1.600.000,00|2|11|17.600.000,00|
|09/04/2021|R|1.600.000,00|1.600.000,00|1.600.000,00|1.600.000,00|1|1|1.600.000,00|
|12/04/2021|R|1.600.000,00|1.700.000,00|1.700.000,00|1.600.000,00|2|13|20.900.000,00|
|13/04/2021|R|1.700.000,00|1.700.000,00|1.700.000,00|1.700.000,00|3|36|61.200.000,00|
|14/04/2021|R|1.700.000,00|1.799.000,00|1.799.000,00|1.799.000,00|2|4|7.196.000,00|
|16/04/2021|R|1.799.000,00|1.675.000,00|1.675.000,00|1.675.000,00|1|15|25.125.000,00|
|20/04/2021|R|1.675.000,00|1.700.000,00|1.799.000,00|1.700.000,00|5|51|87.549.000,00|
|21/04/2021|R|1.700.000,00|1.799.000,00|1.799.000,00|1.799.000,00|2|2|3.598.000,00|
|22/04/2021|R|1.799.000,00|1.799.000,00|1.799.000,00|1.799.000,00|1|10|17.990.000,00|
|23/04/2021|R|1.799.000,00|1.810.000,00|1.810.000,00|1.798.000,00|7|122|220.206.000,00|
|26/04/2021|R|1.810.000,00|2.170.000,00|2.170.000,00|2.000.000,00|2|12|24.850.000,00|
|27/04/2021|R|2.170.000,00|2.171.000,00|2.171.000,00|2.171.000,00|3|209|453.739.000,00|
|28/04/2021|R|2.171.000,00|2.171.000,00|2.171.000,00|2.171.000,00|4|19|41.249.000,00|
|29/04/2021|R|2.171.000,00|2.171.000,00|2.171.000,00|2.171.000,00|2|25|54.275.000,00|
|03/05/2021|R|2.171.000,00|2.214.000,00|2.214.000,00|2.214.000,00|1|38|84.132.000,00|
|04/05/2021|R|2.214.000,00|2.251.000,00|2.251.000,00|2.251.000,00|1|17|38.267.000,00|
|05/05/2021|R|2.251.000,00|2.450.000,00|2.450.000,00|2.450.000,00|4|41|100.450.000,00|
|06/05/2021|R|2.450.000,00|2.450.000,00|2.450.000,00|2.449.970,00|10|183|448.347.480,00|
|07/05/2021|R|2.450.000,00|2.400.000,00|2.450.000,00|2.400.000,00|7|236|577.450.000,00|.
|10/05/2021|R|2.400.000,00|2.400.000,00|2.650.000,00|2.400.000,00|5|91|219.400.040,00|
|11/05/2021|R|2.400.000,00|2.400.000,00|2.400.000,00|2.350.000,00|4|42|99.750.000,00|
|12/05/2021|R|2.400.000,00|2.400.000,00|2.400.000,00|2.400.000,00|1|2|4.800.000,00|
|14/05/2021|R|2.400.000,00|2.400.000,00|2.400.000,00|2.350.000,00|5|216|517.900.000,00|
|18/05/2021|R|2.400.000,00|2.400.000,00|2.550.000,00|2.400.000,00|11|59|142.446.750,00|
|19/05/2021|R|2.400.000,00|2.850.000,00|2.879.000,00|2.400.000,00|3|153|369.029.000,00|
|21/05/2021|R|2.850.000,00|2.729.000,00|2.799.000,00|2.729.000,00|3|16|44.014.000,00|
|25/05/2021|R|2.729.000,00|2.649.000,00|2.700.000,00|2.649.000,00|4|7|18.719.000,00|
|26/05/2021|R|2.649.000,00|2.645.000,00|2.649.000,00|2.645.000,00|2|40|105.880.000,00|
|27/05/2021|R|2.645.000,00|2.599.000,00|2.599.000,00|2.599.000,00|1|4|10.396.000,00|
|28/05/2021|R|2.599.000,00|2.550.000,00|2.599.000,00|2.550.000,00|3|36|93.290.000,00|
|31/05/2021|R|2.550.000,00|2.535.000,00|2.549.000,00|2.535.000,00|2|3|7.619.000,00|
|01/06/2021|R|2.535.000,00|2.499.000,00|2.535.000,00|2.499.000,00|3|16|40.344.000,00|
|02/06/2021|R|2.499.000,00|2.245.000,00|2.250.000,00|2.245.000,00|5|783|1.884.585.000,00|
|03/06/2021|R|2.245.000,00|2.245.000,00|2.245.000,00|2.245.000,00|2|6|13.470.000,00|
|04/06/2021|R|2.245.000,00|2.345.000,00|2.345.000,00|2.250.000,00|2|166|373.595.000,00|
|07/06/2021|R|2.345.000,00|2.670.000,00|2.670.000,00|2.670.000,00|2|4|10.680.000,00|
|09/06/2021|R|2.670.000,00|2.670.000,00|2.670.000,00|2.670.000,00|2|2|5.340.000,00|
|11/06/2021|R|2.670.000,00|2.669.990,00|2.669.990,00|2.669.990,00|2|8|21.359.920,00|
|15/06/2021|R|2.669.990,00|2.251.000,00|2.540.000,00|2.251.000,00|2|20|45.309.000,00|
|18/06/2021|R|2.251.000,00|2.250.000,00|2.256.000,00|2.250.000,00|4|74|166.789.000,00|
|21/06/2021|R|2.250.000,00|2.250.000,00|2.250.000,00|2.250.000,00|3|219|492.750.000,00|
|22/06/2021|R|2.250.000,00|2.250.000,00|2.250.000,00|2.250.000,00|2|87|195.750.000,00|
|25/06/2021|R|2.250.000,00|2.699.000,00|2.699.000,00|2.699.000,00|1|6|16.194.000,00|
|29/06/2021|R|2.699.000,00|2.699.000,00|2.699.000,00|2.699.000,00|1|1|2.699.000,00|
|30/06/2021|R|2.699.000,00|2.699.000,00|2.699.000,00|2.301.000,00|5|154|363.110.000,00|
|01/07/2021|R|2.699.000,00|3.000.000,00|3.000.000,00|3.000.000,00|1|2|6.000.000,00|
|02/07/2021|R|3.000.000,00|3.000.000,00|3.000.000,00|3.000.000,00|4|19|57.000.000,00|
|08/07/2021|R|3.000.000,00|2.400.000,00|2.889.000,00|2.400.000,00|8|744|1.789.844.000,00|
|09/07/2021|R|2.400.000,00|2.410.000,00|2.410.000,00|2.400.000,00|2|167|400.900.000,00|
|12/07/2021|R|2.410.000,00|2.409.990,00|2.410.000,00|2.409.990,00|4|67|161.469.930,00|
|13/07/2021|R|2.409.990,00|2.400.000,00|2.400.000,00|2.400.000,00|1|12|28.800.000,00|
|14/07/2021|R|2.400.000,00|2.400.000,00|2.400.000,00|2.395.000,00|6|17|40.750.000,00|
|15/07/2021|R|2.400.000,00|2.599.000,00|2.599.000,00|2.400.000,00|2|4|9.799.000,00|
|19/07/2021|R|2.599.000,00|2.599.000,00|2.599.000,00|2.599.000,00|1|1|2.599.000,00|
|20/07/2021|R|2.599.000,00|2.599.000,00|2.599.000,00|2.599.000,00|1|5|12.995.000,00|
|23/07/2021|R|2.599.000,00|2.662.000,00|2.662.000,00|2.662.000,00|1|30|79.860.000,00|
|26/07/2021|R|2.662.000,00|2.410.000,00|2.662.000,00|2.410.000,00|4|247|596.278.000,00|
|27/07/2021|R|2.410.000,00|2.410.000,00|2.410.000,00|2.410.000,00|4|65|156.650.000,00|
|28/07/2021|R|2.410.000,00|2.400.000,00|2.411.000,00|2.400.000,00|5|89|214.033.000,00|
|30/07/2021|R|2.400.000,00|2.599.000,00|2.599.000,00|2.599.000,00|1|2|5.198.000,00|
|02/08/2021|R|2.599.000,00|2.599.000,00|2.599.000,00|2.599.000,00|1|11|28.589.000,00|
|03/08/2021|R|2.599.000,00|2.597.000,00|2.599.000,00|2.597.000,00|2|44|114.354.000,00|
|04/08/2021|R|2.597.000,00|2.594.000,00|2.594.000,00|2.594.000,00|1|70|181.580.000,00|
|09/08/2021|R|2.594.000,00|2.589.000,00|2.589.000,00|2.589.000,00|2|244|631.716.000,00|
|10/08/2021|R|2.589.000,00|2.539.000,00|2.539.000,00|2.539.000,00|2|161|408.779.000,00|
|11/08/2021|R|2.539.000,00|2.400.010,00|2.538.900,00|2.400.010,00|5|215|517.390.450,00|
|12/08/2021|R|2.400.010,00|2.400.000,00|2.440.000,00|2.400.000,00|4|17|40.880.000,00|
|13/08/2021|R|2.400.000,00|2.445.000,00|2.445.000,00|2.400.000,00|4|38|91.335.000,00|
|17/08/2021|R|2.445.000,00|2.450.000,00|2.450.000,00|2.390.000,00|4|132|319.565.000,00|
|19/08/2021|R|2.450.000,00|2.538.990,00|2.538.990,00|2.455.000,00|3|139|341.463.990,00|
|20/08/2021|R|2.538.990,00|2.520.000,00|2.538.990,00|2.500.000,00|6|402|1.011.636.580,00|
|23/08/2021|R|2.520.000,00|2.899.000,00|2.899.000,00|2.538.980,00|2|73|186.425.600,00|
|24/08/2021|R|2.899.000,00|2.899.000,00|2.899.000,00|2.700.000,00|3|101|272.899.000,00|
|25/08/2021|R|2.899.000,00|2.700.000,00|2.700.000,00|2.700.000,00|1|19|51.300.000,00|
|26/08/2021|R|2.700.000,00|2.700.000,00|2.899.000,00|2.700.000,00|3|11|30.496.000,00|
|31/08/2021|R|2.700.000,00|2.934.000,00|2.934.000,00|2.934.000,00|1|1|2.934.000,00|
|01/09/2021|R|2.934.000,00|2.933.000,00|2.933.000,00|2.750.000,00|3|7|19.982.000,00|
|06/09/2021|R|2.933.000,00|2.900.000,00|2.900.000,00|2.900.000,00|1|2|5.800.000,00|
|07/09/2021|R|2.900.000,00|2.700.000,00|2.700.000,00|2.700.000,00|1|2|5.400.000,00|
|08/09/2021|R|2.700.000,00|2.687.000,00|2.698.000,00|2.687.000,00|4|75|201.602.000,00|
















 






 

























       


















