


|03/01/2013|R|0,83|0,83|0,83|0,82|2|250.000|206.500,00|
|08/01/2013|R|0,83|0,82|0,82|0,82|3|254.000|208.280,00|
|09/01/2013|R|0,82|0,83|0,83|0,83|1|50.000|41.500,00|
|14/01/2013|R|0,83|0,83|0,83|0,83|1|2.000|1.660,00|
|15/01/2013|R|0,83|0,83|0,83|0,83|2|83.000|68.890,00|
|17/01/2013|R|0,83|0,83|0,00|0,00|1|50.000|41.000,00|
|22/01/2013|R|0,83|0,81|0,81|0,80|4|154.000|124.290,00|
|25/01/2013|R|0,81|0,84|0,84|0,82|7|197.380|162.899,20|
|05/02/2013|R|0,84|0,84|0,00|0,00|1|28.735|23.562,70|
|08/02/2013|R|0,84|0,84|0,00|0,00|1|6.650|5.386,50|
|14/02/2013|R|0,84|0,81|0,81|0,81|1|14.578|11.808,18|
|15/02/2013|R|0,81|0,81|0,81|0,81|1|29.000|23.490,00|
|18/02/2013|R|0,81|0,81|0,81|0,81|1|445.000|360.450,00|
|19/02/2013|R|0,81|0,81|0,81|0,81|2|14.000|11.340,00|
|21/02/2013|R|0,81|0,81|0,81|0,81|1|20.000|16.200,00|
|22/02/2013|R|0,81|0,75|0,75|0,75|1|50.000|37.500,00|
|26/02/2013|R|0,75|0,82|0,82|0,82|2|43.917|36.011,94|
|06/03/2013|R|0,82|0,82|0,83|0,83|1|1.900|1.577,00|
|07/03/2013|R|0,82|0,78|0,79|0,78|2|110.000|86.100,00|
|11/03/2013|R|0,78|0,75|0,75|0,75|1|10.000|7.500,00|
|12/03/2013|R|0,75|0,75|0,80|0,80|1|3.700|2.960,00|
|18/03/2013|R|0,75|0,80|0,80|0,80|1|33.000|26.400,00|
|22/03/2013|R|0,80|0,83|0,83|0,83|1|4.000|3.320,00|
|26/03/2013|R|0,83|0,83|0,79|0,79|1|3.000|2.370,00|
|27/03/2013|R|0,83|0,76|0,76|0,76|1|50.000|38.000,00|
|05/04/2013|R|0,76|0,76|0,83|0,83|1|3.000|2.490,00|
|08/04/2013|R|0,76|0,76|0,83|0,83|1|20|16,60|
|10/04/2013|R|0,76|0,79|0,79|0,79|1|5.000|3.950,00|
|12/04/2013|R|0,79|0,80|0,80|0,80|1|15.500|12.400,00|
|15/04/2013|R|0,80|0,80|0,80|0,80|1|12.500|10.000,00|
|16/04/2013|R|0,80|0,75|0,80|0,75|3|522.500|392.500,00|
|17/04/2013|R|0,75|0,80|0,80|0,80|1|50.000|40.000,00|
|18/04/2013|R|0,80|0,82|0,82|0,82|1|4.000|3.280,00|
|22/04/2013|R|0,82|0,80|0,80|0,80|1|5.000|4.000,00|
|23/04/2013|R|0,80|0,80|0,00|0,00|1|100.000|80.000,00|
|29/04/2013|R|0,80|0,80|0,82|0,82|1|500|410,00|
|07/05/2013|R|0,80|0,82|0,82|0,82|1|5.000|4.100,00|
|08/05/2013|R|0,82|0,82|0,00|0,00|1|200.000|160.000,00|
|09/05/2013|R|0,82|0,82|0,82|0,82|1|6.000|4.920,00|
|14/05/2013|R|0,82|0,82|0,82|0,82|1|3.000|2.460,00|
|15/05/2013|R|0,82|0,81|0,81|0,81|2|48.501|39.285,81|
|16/05/2013|R|0,81|0,82|0,82|0,82|5|44.000|36.050,00|
|23/05/2013|R|0,82|0,82|0,85|0,85|1|3.500|2.975,00|
|24/05/2013|R|0,82|0,90|0,90|0,90|2|6.800|6.120,00|
|31/05/2013|R|0,90|0,90|0,90|0,90|1|3.000|2.700,00|
|05/06/2013|R|0,90|0,91|0,91|0,91|2|4.000|3.640,00|
|06/06/2013|R|0,91|0,91|0,90|0,90|1|1.500|1.350,00|
|07/06/2013|R|0,91|0,90|0,90|0,90|2|56.745|51.070,50|
|12/06/2013|R|0,90|0,91|0,91|0,90|2|89.233|80.378,70|
|17/06/2013|R|0,91|1,00|1,00|1,00|1|10.000|10.000,00|
|18/06/2013|R|1,00|1,00|1,00|1,00|3|410.767|410.767,00|
|19/06/2013|R|1,00|1,00|1,00|1,00|1|350.000|350.000,00|
|20/06/2013|R|1,00|1,00|1,00|1,00|4|150.000|160.000,00|
|21/06/2013|R|1,00|1,19|1,19|1,19|2|360.000|419.400,00|
|25/06/2013|R|1,19|1,10|1,10|1,10|1|3.500|3.850,00|
|26/06/2013|R|1,10|1,30|1,30|1,20|7|665.165|854.298,00|
|27/06/2013|R|1,30|1,35|1,35|1,35|3|60.500|81.675,00|
|28/06/2013|R|1,35|1,50|1,50|1,35|3|210.000|297.500,00|
|01/07/2013|R|1,50|1,60|1,60|1,60|2|90.000|144.000,00|
|02/07/2013|R|1,60|1,60|1,60|1,60|4|501.000|801.600,00|
|03/07/2013|R|1,60|1,65|1,65|1,58|7|573.000|923.273,96|
|04/07/2013|R|1,65|1,63|1,63|1,63|2|3.500|5.705,00|
|09/07/2013|R|1,63|1,60|1,63|1,60|4|151.800|242.934,00|
|10/07/2013|R|1,60|1,60|1,60|1,60|2|240.000|384.000,00|
|11/07/2013|R|1,60|1,61|1,61|1,61|1|40.000|64.400,00|
|15/07/2013|R|1,61|1,61|1,64|1,64|1|800|1.312,00|
|17/07/2013|R|1,61|1,60|1,61|1,60|3|177.500|284.500,00|
|18/07/2013|R|1,60|1,61|1,61|1,61|2|200.000|322.000,00|
|25/07/2013|R|1,61|1,65|1,65|1,65|2|13.344|22.017,60|
|26/07/2013|R|1,65|1,65|1,65|1,65|1|26.600|43.890,00|
|29/07/2013|R|1,65|1,65|1,65|1,65|3|65.800|108.610,00|
|30/07/2013|R|1,65|1,65|1,65|1,65|1|10.200|16.830,00|
|02/08/2013|R|1,65|1,66|1,66|1,66|1|30.000|49.800,00|
|06/08/2013|R|1,66|1,66|1,66|1,66|1|130.056|215.892,96|
|07/08/2013|R|1,66|1,67|1,67|1,67|2|48.000|80.160,00|
|08/08/2013|R|1,67|1,67|1,68|1,67|2|200.000|334.050,00|
|12/08/2013|R|1,67|1,68|1,68|1,68|2|16.000|26.880,00|
|14/08/2013|R|1,68|1,67|1,67|1,67|1|5.000|8.350,00|
|23/08/2013|R|1,67|1,67|1,75|1,75|2|1.400|2.450,00|
|29/08/2013|R|1,67|1,67|1,67|1,67|1|47.000|78.490,00|
|30/08/2013|R|1,67|1,70|1,70|1,68|3|47.000|79.100,00|
|04/09/2013|R|1,70|1,70|1,71|1,71|1|1.000|1.710,00|
|12/09/2013|R|1,70|2,00|2,00|1,75|5|101.000|192.750,00|
|13/09/2013|R|2,00|2,35|2,35|2,35|2|5.000|11.750,00|
|16/09/2013|R|2,35|3,00|3,00|3,00|2|14.000|41.350,00|
|17/09/2013|R|3,00|3,40|3,40|3,40|1|1.110|3.774,00|
|18/09/2013|R|3,40|3,90|4,08|3,27|21|198.999|709.567,05|
|19/09/2013|R|3,90|3,95|4,00|3,90|8|87.400|345.180,00|
|20/09/2013|R|3,95|4,00|4,00|4,00|5|6.050|24.200,00|
|23/09/2013|R|4,00|3,65|3,65|3,65|2|40.000|146.000,00|
|24/09/2013|R|3,65|3,80|3,80|3,80|4|69.875|263.293,75|
|25/09/2013|R|3,80|3,79|4,55|3,50|12|99.290|383.385,00|
|26/09/2013|R|3,79|3,05|3,80|3,05|10|172.600|578.753,50|
|27/09/2013|R|3,05|3,49|3,49|3,49|1|2.500|8.725,00|
|30/09/2013|R|3,49|3,12|3,74|3,12|2|1.600|5.054,00|
|01/10/2013|R|3,12|3,68|3,69|3,65|7|71.250|261.762,50|
|02/10/2013|R|3,68|3,25|3,30|3,25|2|30.000|98.500,00|
|03/10/2013|R|3,25|3,60|3,60|3,60|2|10.000|36.000,00|
|04/10/2013|R|3,60|2,88|3,55|2,88|9|158.000|481.560,00|
|07/10/2013|R|2,88|2,88|3,39|3,39|2|600|2.034,00|
|08/10/2013|R|2,88|3,25|3,25|2,88|4|157.400|477.540,00|
|09/10/2013|R|3,25|2,65|2,65|2,62|3|28.400|74.660,00|
|10/10/2013|R|2,65|2,45|3,16|2,45|5|245.232|635.927,12|
|11/10/2013|R|2,45|2,11|2,40|2,11|5|240.000|523.600,00|
|15/10/2013|R|2,11|2,30|2,51|2,30|4|24.700|57.797,00|
|16/10/2013|R|2,30|2,30|2,40|2,30|3|104.000|239.600,00|
|17/10/2013|R|2,30|2,30|2,60|2,60|1|1.000|2.600,00|
|18/10/2013|R|2,30|2,50|2,50|2,50|4|35.500|88.750,00|
|21/10/2013|R|2,50|2,55|2,55|2,55|1|3.000|7.650,00|
|23/10/2013|R|2,55|2,64|2,64|2,64|5|77.842|144.575,13|
|25/10/2013|R|2,64|2,20|2,61|2,20|4|117.900|273.780,00|
|28/10/2013|R|2,20|2,50|2,62|2,50|4|59.360|148.580,00|
|29/10/2013|R|2,50|2,49|2,62|2,49|11|188.398|484.715,00|
|30/10/2013|R|2,49|2,70|2,70|2,62|6|54.700|144.606,00|
|31/10/2013|R|2,70|2,51|2,90|2,51|4|57.300|148.406,00|
|01/11/2013|R|2,51|2,90|2,90|2,80|2|2.700|7.712,20|
|05/11/2013|R|2,90|2,71|2,90|2,71|5|38.414|105.700,60|
|06/11/2013|R|2,71|3,00|3,00|3,00|1|2.500|7.500,00|
|07/11/2013|R|3,00|3,00|3,00|3,00|4|18.564|55.692,00|
|08/11/2013|R|3,00|3,10|3,10|3,00|4|57.189|172.285,90|
|11/11/2013|R|3,10|3,15|3,15|3,15|3|48.000|151.200,00|
|12/11/2013|R|3,15|3,14|3,15|3,13|3|42.000|131.700,00|
|13/11/2013|R|3,14|3,14|0,00|0,00|1|20.000|62.000,00|
|15/11/2013|R|3,14|3,14|0,00|0,00|2|21.000|65.100,00|
|18/11/2013|R|3,14|3,14|3,11|3,10|4|60.400|187.244,00|
|20/11/2013|R|3,14|3,10|3,10|2,72|4|62.500|182.350,00|
|21/11/2013|R|3,10|2,70|3,10|2,70|7|372.500|1.013.090,00|
|22/11/2013|R|2,70|2,70|3,10|3,10|2|1.300|3.670,00|
|25/11/2013|R|2,70|3,00|3,00|3,00|3|2.830|8.490,00|
|26/11/2013|R|3,00|3,15|3,15|3,15|1|1.000|3.150,00|
|27/11/2013|R|3,15|3,15|3,15|3,00|2|23.500|71.025,00|
|28/11/2013|R|3,15|3,00|3,00|3,00|2|54.000|162.000,00|
|29/11/2013|R|3,00|3,00|0,00|0,00|3|6.500|19.500,00|
|02/12/2013|R|3,00|3,10|3,30|3,00|6|10.318|31.414,00|
|04/12/2013|R|3,10|3,10|0,00|0,00|1|30.000|93.000,00|
|05/12/2013|R|3,10|3,14|3,14|3,10|2|13.000|40.420,00|
|06/12/2013|R|3,14|3,14|3,14|3,14|1|300|942,00|
|09/12/2013|R|3,14|3,15|3,15|2,80|4|322.000|904.230,00|
|11/12/2013|R|3,15|3,15|3,16|3,15|3|58.818|185.307,78|
|12/12/2013|R|3,15|3,10|3,15|2,80|8|387.945|1.091.386,00|
|13/12/2013|R|3,10|3,15|3,15|3,15|3|7.300|22.995,00|
|16/12/2013|R|3,15|3,15|3,20|3,20|1|650|2.080,00|
|19/12/2013|R|3,15|3,50|3,50|3,50|1|3.710|12.985,00|
|26/12/2013|R|3,50|4,13|4,15|3,50|9|111.400|409.750,00|
|27/12/2013|R|4,13|4,13|4,13|4,13|1|5.000|20.650,00|
|03/01/2014|R|4,13|4,14|4,14|4,14|1|2.000|8.280,00|
|07/01/2014|R|4,14|4,13|4,15|4,13|5|24.000|99.360,00|
|08/01/2014|R|4,13|4,12|4,20|4,12|5|102.700|423.890,00|
|10/01/2014|R|4,12|4,12|4,10|4,10|1|200|820,00|
|13/01/2014|R|4,12|4,15|4,20|4,14|4|3.957|16.436,55|
|14/01/2014|R|4,15|4,14|4,15|4,14|2|11.000|45.550,00|
|16/01/2014|R|4,14|4,14|4,14|4,14|2|39.438|163.273,32|
|17/01/2014|R|4,14|4,10|4,14|4,10|2|6.370|26.131,80|
|21/01/2014|R|4,10|4,13|4,13|4,13|1|1.000|4.130,00|
|22/01/2014|R|4,13|4,10|4,11|4,10|2|4.592|18.863,12|
|24/01/2014|R|4,10|4,10|4,11|4,10|5|186.740|765.671,40|
|27/01/2014|R|4,10|3,86|3,90|3,85|4|6.668|25.891,80|
|28/01/2014|R|3,86|3,83|3,84|3,83|3|206.000|789.100,00|
|29/01/2014|R|3,83|3,66|3,80|3,66|3|100.000|366.800,00|
|30/01/2014|R|3,66|3,66|3,67|3,66|5|54.500|199.635,00|
|31/01/2014|R|3,66|3,66|3,90|3,90|2|2.015|7.858,50|
|03/02/2014|R|3,66|3,90|3,90|3,90|1|1.000|3.900,00|
|04/02/2014|R|3,90|3,66|3,66|3,66|4|103.180|382.438,80|
|05/02/2014|R|3,66|3,69|3,69|3,69|1|10.000|36.900,00|
|06/02/2014|R|3,69|3,66|3,80|3,66|3|61.000|223.480,00|
|07/02/2014|R|3,66|3,75|3,75|3,66|2|6.000|22.050,00|
|13/02/2014|R|3,75|3,50|3,60|3,50|2|3.155|11.242,50|
|14/02/2014|R|3,50|3,60|3,60|3,50|2|19.395|69.382,50|
|17/02/2014|R|3,60|3,60|0,00|0,00|1|2.500|9.375,00|
|19/02/2014|R|3,60|3,60|0,00|0,00|2|60.000|214.000,00|
|20/02/2014|R|3,60|4,00|4,00|4,00|1|5.000|20.000,00|
|24/02/2014|R|4,00|3,55|3,55|3,55|1|1.320|4.686,00|
|25/02/2014|R|3,55|3,55|3,56|3,55|4|289.580|1.028.648,00|
|05/03/2014|R|3,55|3,55|3,55|3,55|1|85.731|304.345,05|
|06/03/2014|R|3,55|3,55|3,55|3,55|4|53.799|190.986,45|
|07/03/2014|R|3,55|3,50|3,50|3,50|2|60.000|210.000,00|
|10/03/2014|R|3,50|3,17|3,48|3,17|3|116.077|368.607,96|
|11/03/2014|R|3,17|3,07|3,17|3,07|2|23.000|70.910,00|
|12/03/2014|R|3,07|3,07|3,44|3,00|2|480|1.563,20|
|13/03/2014|R|3,07|3,07|3,10|3,07|2|6.000|18.510,00|
|20/03/2014|R|3,07|3,00|3,00|3,00|4|106.500|319.500,00|
|21/03/2014|R|3,00|3,00|3,00|3,00|4|74.300|222.900,00|
|24/03/2014|R|3,00|3,00|0,00|0,00|1|50.000|150.000,00|
|25/03/2014|R|3,00|3,00|3,00|3,00|1|3.000|9.000,00|
|27/03/2014|R|3,00|3,00|2,99|2,99|1|200|598,00|
|03/04/2014|R|3,00|3,00|2,95|2,95|1|555|1.637,25|
|04/04/2014|R|3,00|3,00|3,00|2,95|2|462|1.371,25|
|09/04/2014|R|3,00|3,00|3,00|3,00|1|20.000|60.000,00|
|10/04/2014|R|3,00|3,00|3,00|3,00|3|68.295|204.885,00|
|11/04/2014|R|3,00|3,00|3,00|3,00|1|360|1.080,00|
|14/04/2014|R|3,00|3,00|3,00|3,00|1|15.000|45.000,00|
|22/04/2014|R|3,00|3,00|3,00|3,00|2|1.320|3.960,00|
|23/04/2014|R|3,00|2,40|2,90|2,40|2|2.135|5.561,50|
|24/04/2014|R|2,40|2,95|2,95|2,95|1|15.000|44.250,00|
|25/04/2014|R|2,95|2,81|3,00|2,81|4|104.780|313.131,00|
|28/04/2014|R|2,81|3,00|3,00|3,00|1|50.000|150.000,00|
|30/04/2014|R|3,00|3,20|3,20|3,10|2|25.000|79.500,00|
|12/05/2014|R|3,20|3,20|3,18|3,18|1|400|1.272,00|
|15/05/2014|R|3,20|3,20|0,00|0,00|1|6.000|18.600,00|
|16/05/2014|R|3,20|2,82|3,00|2,82|6|122.450|367.089,00|
|19/05/2014|R|2,82|2,82|3,00|3,00|1|170|510,00|
|20/05/2014|R|2,82|3,00|3,00|3,00|2|3.000|9.000,00|
|21/05/2014|R|3,00|2,95|2,95|2,95|2|100.000|295.000,00|
|22/05/2014|R|2,95|3,00|3,00|3,00|2|1.250|3.750,00|
|23/05/2014|R|3,00|3,10|3,10|3,00|2|27.946|84.000,30|
|26/05/2014|R|3,10|3,15|3,15|3,15|1|3.000|9.450,00|
|27/05/2014|R|3,15|3,50|3,50|3,50|3|58.874|206.059,00|
|29/05/2014|R|3,50|3,20|3,20|3,20|1|3.710|11.872,00|
|10/06/2014|R|3,20|3,00|3,10|3,00|5|29.000|87.650,00|
|11/06/2014|R|3,00|3,00|0,00|0,00|1|17.210|51.630,00|
|17/06/2014|R|3,00|3,00|3,00|3,00|1|1.000|3.000,00|
|18/06/2014|R|3,00|2,95|2,95|2,90|2|300.000|875.000,00|
|20/06/2014|R|2,95|2,90|2,90|2,82|3|178.685|508.062,50|
|30/06/2014|R|2,90|2,90|2,90|2,90|1|1.700|4.930,00|
|07/07/2014|R|2,90|2,90|2,90|2,90|1|800|2.320,00|
|10/07/2014|R|2,90|2,90|2,90|2,90|1|1.250|3.625,00|
|14/07/2014|R|2,90|2,82|2,85|2,82|2|48.800|137.670,00|
|16/07/2014|R|2,82|2,40|2,41|2,40|2|180.000|432.300,00|
|22/07/2014|R|2,39|2,86|2,86|2,86|1|5.000|14.300,00|
|29/07/2014|R|2,86|2,90|2,90|2,90|1|5.000|14.500,00|
|01/08/2014|R|2,90|2,85|2,85|2,85|2|5.000|14.250,00|
|05/08/2014|R|2,85|2,85|2,85|2,85|1|12.000|34.200,00|
|14/08/2014|R|2,85|2,85|2,85|2,85|2|127.000|361.950,00|
|15/08/2014|R|2,85|2,71|2,71|2,71|1|133.000|360.430,00|
|20/08/2014|R|2,71|2,58|2,58|2,58|1|140.000|361.200,00|
|26/08/2014|R|2,58|2,58|2,75|2,75|1|120|330,00|
|01/09/2014|R|2,58|2,45|2,51|2,45|8|310.500|773.455,00|
|02/09/2014|R|2,45|2,60|2,60|2,60|1|3.000|7.800,00|
|04/09/2014|R|2,60|2,60|2,60|2,60|1|1.500|3.900,00|
|08/09/2014|R|2,60|2,55|2,55|2,55|1|40.000|102.000,00|
|09/09/2014|R|2,55|2,45|2,45|2,45|1|1.430|3.503,50|
|10/09/2014|R|2,45|2,33|2,45|2,33|5|221.070|517.096,50|
|11/09/2014|R|2,33|2,49|2,50|2,49|5|20.000|49.880,00|
|12/09/2014|R|2,49|2,49|2,49|2,49|1|4.000|9.960,00|
|15/09/2014|R|2,49|2,49|2,49|2,49|5|43.000|107.070,00|
|16/09/2014|R|2,49|2,49|2,49|2,49|2|23.000|57.270,00|
|17/09/2014|R|2,49|2,48|2,49|2,48|5|280.500|689.430,00|
|18/09/2014|R|2,48|2,48|2,48|2,48|2|18.500|45.880,00|
|19/09/2014|R|2,48|2,79|2,79|2,79|1|30.000|83.700,00|
|26/09/2014|R|2,79|2,75|2,75|2,75|1|2.988|8.217,00|
|29/09/2014|R|2,75|2,74|2,74|2,74|2|6.500|17.810,00|
|30/09/2014|R|2,74|2,74|2,74|2,74|2|187.000|512.380,00|
|01/10/2014|R|2,74|2,60|2,60|2,60|2|139.000|361.400,00|
|03/10/2014|R|2,60|2,60|2,60|2,60|2|8.000|20.800,00|
|09/10/2014|R|2,60|2,48|2,48|2,48|2|255.000|632.400,00|
|13/10/2014|R|2,48|2,48|2,90|2,90|1|300|870,00|
|21/10/2014|R|2,48|2,55|2,55|2,55|1|15.000|38.250,00|
|22/10/2014|R|2,55|2,60|2,60|2,60|1|50.000|130.000,00|
|23/10/2014|R|2,60|2,60|2,60|2,60|2|55.000|143.000,00|
|24/10/2014|R|2,60|2,60|2,60|2,60|4|207.550|539.630,00|
|27/10/2014|R|2,60|2,60|2,65|2,60|2|25.000|65.300,00|
|28/10/2014|R|2,60|2,60|2,60|2,60|1|770|2.002,00|
|29/10/2014|R|2,60|2,60|2,60|2,60|2|139.000|361.400,00|
|30/10/2014|R|2,60|2,60|2,60|2,60|2|140.000|364.000,00|
|31/10/2014|R|2,60|2,60|2,60|2,60|7|185.230|481.598,00|
|03/11/2014|R|2,60|2,60|2,60|2,60|1|142.000|369.200,00|
|04/11/2014|R|2,60|2,60|0,00|0,00|1|118.000|306.800,00|
|05/11/2014|R|2,60|2,60|2,60|2,60|6|355.750|924.950,00|
|06/11/2014|R|2,60|2,60|2,60|2,60|3|80.200|208.520,00|
|07/11/2014|R|2,60|2,60|2,60|2,60|7|236.333|614.465,80|
|10/11/2014|R|2,60|2,60|2,60|2,60|3|187.917|488.584,20|
|11/11/2014|R|2,60|2,60|2,60|2,60|3|141.000|366.600,00|
|12/11/2014|R|2,60|2,58|2,59|2,58|2|143.300|371.134,00|
|13/11/2014|R|2,58|2,58|2,59|2,58|3|145.773|376.152,07|
|14/11/2014|R|2,58|2,36|2,56|2,36|6|444.230|1.090.648,80|
|17/11/2014|R|2,36|2,36|2,38|2,36|6|215.000|507.420,00|
|18/11/2014|R|2,36|2,36|2,36|2,36|2|10.000|23.600,00|
|19/11/2014|R|2,36|2,36|2,36|2,36|3|636.800|1.502.848,00|
|21/11/2014|R|2,36|2,40|2,40|2,40|3|10.000|24.000,00|
|28/11/2014|R|2,40|2,40|0,00|0,00|1|4.000|10.360,00|
|10/12/2014|R|2,40|2,60|2,60|2,60|1|1.700|4.420,00|
|12/12/2014|R|2,60|2,64|2,64|2,64|1|2.000|5.280,00|
|15/12/2014|R|2,64|2,40|2,40|2,40|1|22.000|52.800,00|
|17/12/2014|R|2,40|2,40|2,75|2,75|1|924|2.541,00|
|19/12/2014|R|2,40|2,40|2,40|2,40|1|603.000|1.447.200,00|
|22/12/2014|R|2,40|2,50|2,50|2,40|5|336.013|810.831,20|
|26/12/2014|R|2,50|2,59|2,59|2,59|1|1.200|3.108,00|
|29/12/2014|R|2,59|2,59|2,60|2,59|2|90.000|233.600,00|
|30/12/2014|R|2,59|2,60|2,60|2,41|3|245.000|627.500,00|
|02/01/2015|R|2,60|2,90|2,90|2,90|1|50.000|145.000,00|
|07/01/2015|R|2,90|2,99|3,00|2,99|2|2.200|6.588,00|
|09/01/2015|R|2,99|2,99|2,99|2,99|1|5.000|14.950,00|
|14/01/2015|R|2,99|2,95|2,95|2,95|1|100.000|295.000,00|
|20/01/2015|R|2,95|2,95|2,75|2,75|1|1.000|2.750,00|
|21/01/2015|R|2,95|2,74|2,75|2,74|4|158.000|433.610,00|
|22/01/2015|R|2,74|2,74|2,74|2,74|1|20.000|54.800,00|
|23/01/2015|R|2,74|2,74|2,75|2,74|4|168.178|460.889,50|
|26/01/2015|R|2,74|2,71|2,74|2,71|3|1.940|5.270,60|
|28/01/2015|R|2,71|2,71|2,71|2,71|1|3.500|9.485,00|
|30/01/2015|R|2,71|2,60|2,61|2,60|3|130.000|338.035,00|
|06/02/2015|R|2,60|2,30|2,50|2,30|2|100.000|231.000,00|
|13/02/2015|R|2,30|2,33|2,33|2,33|1|50.000|116.500,00|
|19/02/2015|R|2,33|2,33|2,60|2,60|1|500|1.300,00|
|20/02/2015|R|2,33|2,30|2,32|2,30|5|210.000|485.100,00|
|02/03/2015|R|2,30|2,30|0,00|0,00|1|3.592|8.441,20|
|03/03/2015|R|2,30|2,55|2,55|2,45|4|139.000|344.450,00|
|04/03/2015|R|2,55|2,63|2,69|2,41|4|304.620|796.367,80|
|05/03/2015|R|2,63|2,70|2,70|2,70|2|438.428|1.183.755,60|
|06/03/2015|R|2,70|2,75|2,75|2,75|1|50.000|137.500,00|
|09/03/2015|R|2,75|3,00|3,00|3,00|1|13.300|39.900,00|
|10/03/2015|R|3,00|3,00|3,00|3,00|2|10.000|30.000,00|
|11/03/2015|R|3,00|3,15|3,15|3,00|5|134.533|403.779,00|
|12/03/2015|R|3,15|3,00|3,15|3,00|4|41.000|123.048,00|
|13/03/2015|R|3,00|3,15|3,15|3,15|1|3.200|10.080,00|
|16/03/2015|R|3,15|3,15|3,15|3,15|1|3.075|9.686,25|
|17/03/2015|R|3,15|3,01|3,01|3,01|1|25.000|75.250,00|
|18/03/2015|R|3,01|3,00|3,10|3,00|3|125.000|376.556,67|
|20/03/2015|R|3,00|3,49|3,50|3,00|10|352.173|1.103.805,00|
|24/03/2015|R|3,49|3,49|0,00|0,00|1|28.000|95.200,00|
|25/03/2015|R|3,49|3,25|3,40|3,25|4|44.700|151.830,00|
|27/03/2015|R|3,25|3,26|3,26|3,25|3|120.000|390.400,00|
|30/03/2015|R|3,26|3,40|3,40|3,25|3|7.500|25.050,00|
|01/04/2015|R|3,40|3,40|3,50|3,50|1|490|1.715,00|
|06/04/2015|R|3,40|3,40|3,45|3,45|1|840|2.898,00|
|08/04/2015|R|3,40|3,50|3,50|3,45|6|298.000|1.038.667,00|
|09/04/2015|R|3,50|3,75|3,75|3,75|2|110.700|415.125,00|
|14/04/2015|R|3,75|3,51|3,75|3,51|4|75.230|268.552,50|
|15/04/2015|R|3,51|3,51|3,52|3,50|5|551.854|1.937.629,00|
|16/04/2015|R|3,51|3,75|3,75|3,50|4|39.270|143.637,50|
|17/04/2015|R|3,75|3,74|3,74|3,74|1|365.000|1.365.100,00|
|20/04/2015|R|3,74|3,74|3,60|3,60|2|71.409|265.629,48|
|21/04/2015|R|3,74|3,70|3,70|3,69|4|253.043|936.253,67|
|22/04/2015|R|3,70|3,70|3,70|3,70|4|191.200|707.440,00|
|24/04/2015|R|3,70|3,70|0,00|0,00|1|541|2.001,70|
|27/04/2015|R|3,70|3,70|3,70|3,70|6|200.960|743.552,00|
|28/04/2015|R|3,70|3,70|3,70|3,70|1|13.000|48.100,00|
|29/04/2015|R|3,70|3,70|3,70|3,65|2|23.500|86.450,00|
|30/04/2015|R|3,70|3,70|3,70|3,70|2|29.691|109.856,70|
|06/05/2015|R|3,70|3,65|3,65|3,65|1|30.000|109.500,00|
|07/05/2015|R|3,65|3,65|3,75|3,75|1|190|712,50|
|08/05/2015|R|3,65|3,75|3,75|3,75|1|2.000|7.500,00|
|12/05/2015|R|3,75|3,70|3,70|3,70|1|3.500|12.950,00|
|15/05/2015|R|3,70|3,75|3,75|3,70|4|390.310|1.462.837,50|
|19/05/2015|R|3,75|3,75|3,75|3,75|3|252.000|945.000,00|
|20/05/2015|R|3,75|3,75|0,00|0,00|1|100.000|375.000,00|
|21/05/2015|R|3,75|4,00|4,00|4,00|5|412.732|1.598.103,00|
|22/05/2015|R|4,00|4,80|4,80|4,00|9|740.830|2.964.920,00|
|25/05/2015|R|4,80|5,00|5,00|5,00|1|5.360|26.800,00|
|26/05/2015|R|5,00|4,50|5,00|4,50|4|120.500|552.500,00|
|27/05/2015|R|4,50|4,50|4,50|4,50|1|100.000|450.000,00|
|01/06/2015|R|4,50|5,00|5,00|4,50|6|479.140|2.268.200,00|
|02/06/2015|R|5,00|5,00|5,00|5,00|1|1.500|7.500,00|
|10/06/2015|R|5,00|5,30|5,30|5,00|4|34.400|181.060,00|
|11/06/2015|R|5,30|6,00|6,00|6,00|2|600|3.600,00|
|12/06/2015|R|6,00|5,50|5,50|5,50|1|4.240|23.320,00|
|15/06/2015|R|5,50|6,00|6,00|6,00|1|1.500|9.000,00|
|16/06/2015|R|6,00|6,00|6,00|5,55|2|33.022|184.182,00|
|17/06/2015|R|6,00|6,00|6,00|6,00|1|2.000|12.000,00|
|19/06/2015|R|6,00|6,00|6,00|6,00|2|10.067|60.402,00|
|23/06/2015|R|6,00|6,20|6,20|6,20|1|3.000|18.600,00|
|26/06/2015|R|6,20|6,50|6,50|6,50|1|8.000|52.000,00|
|30/06/2015|R|6,50|6,50|6,60|6,50|3|118.257|769.204,60|
|01/07/2015|R|6,50|7,75|7,75|7,75|1|400|3.100,00|
|02/07/2015|R|7,75|7,80|7,80|7,80|2|60.000|468.000,00|
|07/07/2015|R|7,80|7,80|7,80|7,80|1|44.374|346.117,20|
|08/07/2015|R|7,80|7,90|8,00|7,90|3|20.835|165.918,25|
|10/07/2015|R|7,90|7,95|8,00|7,80|11|319.517|2.498.986,70|
|13/07/2015|R|7,95|7,80|7,80|7,80|2|200.500|1.563.900,00|
|15/07/2015|R|7,80|7,80|7,90|7,90|1|100|790,00|
|17/07/2015|R|7,80|7,80|7,80|7,80|1|400|3.120,00|
|21/07/2015|R|7,80|7,90|7,90|7,90|1|1.432|11.312,80|
|27/07/2015|R|7,90|7,50|7,80|7,50|3|8.600|65.280,00|
|29/07/2015|R|7,50|7,50|7,50|7,50|1|1.000|7.500,00|
|03/08/2015|R|7,50|7,00|7,00|6,50|2|29.143|190.929,50|
|04/08/2015|R|7,00|7,00|7,00|7,00|1|1.500|10.500,00|
|05/08/2015|R|7,00|6,50|7,00|6,50|3|258.003|1.677.519,50|
|10/08/2015|R|6,50|6,50|6,80|6,50|2|21.254|138.751,00|
|11/08/2015|R|6,50|6,80|6,80|6,80|1|2.000|13.600,00|
|14/08/2015|R|6,80|6,70|6,80|6,70|3|4.900|33.260,00|
|18/08/2015|R|6,70|6,50|6,50|6,50|1|1.000|6.500,00|
|20/08/2015|R|6,50|6,50|6,50|6,50|1|1.000|6.500,00|
|21/08/2015|R|6,50|6,50|6,50|6,50|2|3.230|20.995,00|
|24/08/2015|R|6,50|6,50|6,50|6,50|2|8.000|52.000,00|
|25/08/2015|R|6,50|6,50|6,50|6,50|1|400|2.600,00|
|28/08/2015|R|6,50|6,00|6,00|6,00|2|31.650|189.900,00|
|01/09/2015|R|6,00|6,50|6,50|6,50|3|5.378|34.957,00|
|02/09/2015|R|6,50|6,00|6,00|6,00|1|1.250|7.500,00|
|04/09/2015|R|6,00|6,00|6,00|6,00|1|3.270|19.620,00|
|07/09/2015|R|6,00|6,00|6,00|6,00|1|1.251|7.506,00|
|08/09/2015|R|6,00|6,00|6,00|6,00|1|1.650|9.900,00|
|09/09/2015|R|6,00|6,50|6,50|6,50|1|1.600|10.400,00|
|10/09/2015|R|6,50|6,00|6,00|6,00|1|1.250|7.500,00|
|11/09/2015|R|6,00|6,00|6,00|6,00|2|4.275|25.650,00|
|14/09/2015|R|6,00|5,80|5,80|5,80|1|1.000|5.800,00|
|15/09/2015|R|5,80|5,75|5,75|5,75|1|1.256|7.222,00|
|16/09/2015|R|5,75|5,75|5,75|5,75|1|44|253,00|
|17/09/2015|R|5,75|5,70|5,70|5,70|1|25.000|142.500,00|
|23/09/2015|R|5,70|5,00|5,25|5,00|2|6.000|30.250,00|
|24/09/2015|R|5,00|4,70|4,70|4,70|1|3.000|14.100,00|
|28/09/2015|R|4,70|4,50|4,50|4,50|1|50.000|225.000,00|
|02/10/2015|R|4,50|3,65|3,90|3,65|2|22.000|80.800,00|
|15/10/2015|R|3,65|3,90|3,90|3,90|3|59.342|231.433,80|
|16/10/2015|R|3,90|4,25|4,25|4,00|5|52.687|211.748,00|
|21/10/2015|R|4,25|4,99|4,99|4,99|1|1.000|4.990,00|
|22/10/2015|R|4,99|5,00|5,00|4,99|3|10.445|52.155,00|
|23/10/2015|R|5,00|4,99|4,99|4,99|2|4.000|19.960,00|
|26/10/2015|R|4,99|4,98|4,98|4,98|2|1.200|5.976,00|
|27/10/2015|R|4,98|4,98|4,98|4,98|1|200|996,00|
|28/10/2015|R|4,98|4,90|4,90|4,50|2|55.000|248.300,00|
|04/11/2015|R|4,90|5,25|5,25|5,25|1|20.000|105.000,00|
|05/11/2015|R|5,25|5,25|5,50|5,25|3|10.000|47.750,00|
|09/11/2015|R|5,25|5,19|5,19|5,19|1|1.000|5.190,00|
|10/11/2015|R|5,19|5,20|5,20|5,20|3|7.000|36.400,00|
|11/11/2015|R|5,20|4,50|5,00|4,50|2|48.000|216.236,00|
|17/11/2015|R|4,50|5,10|5,10|5,10|2|10.000|51.000,00|
|19/11/2015|R|5,10|5,10|0,00|0,00|1|600|3.600,00|
|26/11/2015|R|5,10|5,10|0,00|0,00|1|4.000|24.440,00|
|02/12/2015|R|5,10|6,00|6,00|6,00|4|17.528|105.168,00|
|03/12/2015|R|6,00|6,50|6,50|6,50|1|1.000|6.500,00|
|09/12/2015|R|6,50|7,00|7,25|7,00|4|19.600|141.950,00|
|10/12/2015|R|7,00|8,00|8,00|8,00|2|2.020|16.160,00|
|11/12/2015|R|8,00|7,99|7,99|7,99|1|2.000|15.980,00|
|15/12/2015|R|7,99|7,75|7,75|7,00|4|15.480|108.720,00|
|16/12/2015|R|7,75|7,00|7,00|7,00|2|28.500|199.500,00|
|17/12/2015|R|7,00|7,10|7,10|7,10|1|3.000|21.300,00|
|21/12/2015|R|7,10|7,00|7,10|7,00|3|12.950|90.697,80|
|22/12/2015|R|7,00|7,30|7,30|7,05|3|12.480|88.202,50|
|30/12/2015|R|7,30|7,30|7,30|7,30|4|16.500|120.450,00|
|13/01/2016|R|7,30|7,35|7,35|7,35|1|1.000|7.350,00|
|14/01/2016|R|7,35|7,30|7,30|7,30|1|1.200|8.760,00|
|15/01/2016|R|7,30|7,00|7,00|7,00|1|10.000|70.000,00|
|18/01/2016|R|7,00|7,10|7,14|7,10|4|5.400|38.380,00|
|19/01/2016|R|7,10|7,00|7,05|7,00|2|13.600|95.230,00|
|20/01/2016|R|7,00|7,00|7,00|7,00|1|1.200|8.400,00|
|25/01/2016|R|7,00|7,00|7,00|6,90|2|20.000|139.860,00|
|26/01/2016|R|7,00|6,80|7,00|6,80|2|1.500|10.400,00|
|27/01/2016|R|6,80|6,80|6,80|6,80|2|6.000|40.800,00|
|28/01/2016|R|6,80|6,99|7,00|6,99|2|2.500|17.480,00|
|03/02/2016|R|6,99|7,50|7,50|7,10|2|17.030|127.525,00|
|04/02/2016|R|7,50|7,10|7,10|7,10|2|8.000|56.800,00|
|05/02/2016|R|7,10|6,90|6,90|6,90|1|10.000|69.000,00|
|11/02/2016|R|6,90|6,50|6,50|6,50|1|2.000|13.000,00|
|18/02/2016|R|6,50|7,00|7,00|7,00|2|3.200|22.400,00|
|19/02/2016|R|7,00|7,00|7,00|6,98|8|76.000|530.822,00|
|23/02/2016|R|7,00|7,00|7,00|7,00|1|140|980,00|
|24/02/2016|R|7,00|7,00|7,00|7,00|2|1.000|7.000,00|
|25/02/2016|R|7,00|7,00|6,90|6,90|1|400|2.760,00|
|26/02/2016|R|7,00|6,90|6,90|6,90|1|20.000|138.000,00|
|01/03/2016|R|6,90|6,80|6,80|6,60|2|1.900|12.740,00|
|02/03/2016|R|6,80|6,40|6,80|6,40|2|1.660|10.688,00|
|04/03/2016|R|6,40|6,78|6,78|6,78|1|4.000|27.120,00|
|07/03/2016|R|6,78|6,80|6,80|6,80|4|13.500|91.790,00|
|11/03/2016|R|6,80|5,60|6,80|5,60|2|100.300|562.040,00|
|14/03/2016|R|5,60|5,60|6,70|6,70|1|1.000|6.700,00|
|15/03/2016|R|5,60|6,69|6,69|6,69|1|2.000|13.380,00|
|16/03/2016|R|6,69|6,00|6,50|6,00|2|14.000|84.500,00|
|17/03/2016|R|6,00|6,20|6,20|6,20|3|4.600|28.520,00|
|18/03/2016|R|6,20|6,20|6,80|6,80|1|900|6.120,00|
|21/03/2016|R|6,20|6,20|6,50|6,00|2|1.400|8.750,00|
|28/03/2016|R|6,20|6,20|6,40|6,40|1|1.000|6.400,00|
|29/03/2016|R|6,20|5,60|6,40|5,60|4|364.000|2.039.200,00|
|30/03/2016|R|5,60|5,60|6,50|6,50|1|100|650,00|
|31/03/2016|R|5,60|5,90|5,90|5,90|1|10.000|59.000,00|
|01/04/2016|R|5,90|6,00|6,30|5,05|3|2.500|14.825,00|
|04/04/2016|R|6,00|5,90|5,90|5,90|2|18.000|106.200,00|
|05/04/2016|R|5,90|5,90|5,90|5,90|1|340|2.006,00|
|06/04/2016|R|5,90|5,20|5,90|5,20|3|81.660|426.942,00|
|08/04/2016|R|5,20|5,20|6,00|6,00|3|6.317|39.178,08|
|12/04/2016|R|5,20|6,20|6,20|6,20|2|3.000|18.600,00|
|13/04/2016|R|6,20|6,15|6,15|6,15|5|5.700|35.055,00|
|14/04/2016|R|6,15|6,15|6,15|6,15|2|16.160|99.384,00|
|15/04/2016|R|6,15|6,85|6,85|6,50|3|8.630|59.070,00|
|18/04/2016|R|6,85|6,20|6,50|6,20|6|29.900|192.694,00|
|20/04/2016|R|6,20|6,20|6,30|6,30|1|1.000|6.300,00|
|22/04/2016|R|6,20|6,20|6,00|6,00|1|200|1.200,00|
|25/04/2016|R|6,20|6,20|5,99|5,99|1|500|2.995,00|
|28/04/2016|R|6,20|5,99|5,99|5,99|1|2.000|11.980,00|
|29/04/2016|R|5,99|5,99|5,99|5,99|1|1.500|8.985,00|
|02/05/2016|R|5,99|5,99|6,50|6,50|1|1.000|6.500,00|
|04/05/2016|R|5,99|6,50|6,50|6,39|3|6.000|38.892,00|
|05/05/2016|R|6,50|5,25|5,75|5,25|3|78.435|432.283,75|
|10/05/2016|R|5,25|5,70|5,70|5,70|1|2.800|15.960,00|
|12/05/2016|R|5,70|5,70|5,70|5,70|1|4.400|25.080,00|
|13/05/2016|R|5,70|5,70|5,70|5,70|1|1.200|6.840,00|
|16/05/2016|R|5,70|5,30|5,35|5,30|2|53.000|283.400,00|
|17/05/2016|R|5,30|5,25|5,25|5,25|3|223.470|1.173.217,50|
|18/05/2016|R|5,25|5,25|5,26|5,25|4|292.250|1.535.324,05|
|23/05/2016|R|5,25|5,00|5,00|5,00|1|8.948|44.740,00|
|24/05/2016|R|5,00|5,02|5,02|5,02|1|3.000|15.060,00|
|25/05/2016|R|5,02|5,95|5,95|5,95|1|3.000|17.850,00|
|26/05/2016|R|5,95|5,95|5,95|5,95|1|3.333|19.831,35|
|01/06/2016|R|5,95|6,20|6,20|6,20|4|53.300|330.460,00|
|02/06/2016|R|6,20|6,30|6,48|6,30|2|11.000|69.480,00|
|03/06/2016|R|6,30|5,99|5,99|5,99|1|5.000|29.950,00|
|06/06/2016|R|5,99|6,28|6,28|6,28|1|5.500|34.540,00|
|07/06/2016|R|6,28|5,85|5,85|5,85|1|11.500|67.275,00|
|09/06/2016|R|5,85|5,85|5,85|5,85|1|5.000|29.250,00|
|10/06/2016|R|5,85|5,85|6,00|6,00|1|500|3.000,00|
|15/06/2016|R|5,85|5,85|5,85|5,85|1|33.000|193.050,00|
|16/06/2016|R|5,85|5,85|6,19|6,19|1|1.000|6.190,00|
|20/06/2016|R|5,85|5,90|5,90|5,90|1|4.700|27.730,00|
|22/06/2016|R|5,90|5,26|5,26|5,26|1|5.000|26.300,00|
|23/06/2016|R|5,26|5,90|5,90|5,90|1|4.000|23.600,00|
|27/06/2016|R|5,90|5,00|5,90|5,00|2|7.000|36.800,00|
|29/06/2016|R|5,00|5,00|5,00|5,00|1|40.000|200.000,00|
|30/06/2016|R|5,00|5,00|5,50|5,00|2|72.000|361.000,00|
|06/07/2016|R|5,00|5,50|5,50|5,50|1|4.300|23.650,00|
|07/07/2016|R|5,50|5,49|5,49|5,49|2|3.546|19.467,54|
|08/07/2016|R|5,49|5,49|5,49|5,49|2|4.000|21.960,00|
|20/07/2016|R|5,49|5,25|5,25|5,25|1|7.000|36.750,00|
|22/07/2016|R|5,25|5,25|5,65|5,65|1|1.200|6.780,00|
|26/07/2016|R|5,25|5,59|5,60|5,59|3|133.000|744.500,00|
|27/07/2016|R|5,59|5,00|5,50|5,00|3|21.545|107.997,50|
|04/08/2016|R|5,00|5,00|5,49|5,49|1|535|2.937,15|
|10/08/2016|R|5,00|5,00|5,00|5,00|2|53.000|265.000,00|
|11/08/2016|R|5,00|5,00|0,00|0,00|1|133.761|668.805,00|
|12/08/2016|R|5,00|5,00|5,00|5,00|1|40.000|200.000,00|
|16/08/2016|R|5,00|5,10|5,10|5,10|1|55.400|282.540,00|
|23/08/2016|R|5,10|5,10|0,00|0,00|1|2.000|11.000,00|
|24/08/2016|R|5,10|5,00|5,11|5,00|4|90.000|454.050,00|
|29/08/2016|R|5,00|5,00|5,00|5,00|1|35.000|175.000,00|
|31/08/2016|R|5,00|5,95|5,95|5,95|1|2.000|11.900,00|
|05/09/2016|R|5,95|5,95|5,95|5,95|2|45.309|269.588,55|
|07/09/2016|R|5,95|5,95|5,95|5,95|1|2.000|11.900,00|
|12/09/2016|R|5,95|5,50|5,50|5,50|2|7.000|39.380,00|
|14/09/2016|R|5,50|5,75|5,75|5,75|1|10.000|57.500,00|
|15/09/2016|R|5,75|5,75|5,75|5,75|1|500|2.875,00|
|16/09/2016|R|5,75|5,75|5,75|5,75|1|1.000|5.750,00|
|20/09/2016|R|5,75|5,75|0,00|0,00|1|12.000|60.600,00|
|21/09/2016|R|5,75|5,50|5,50|5,50|2|22.000|121.400,00|
|22/09/2016|R|5,50|5,50|5,70|5,70|1|900|5.130,00|
|27/09/2016|R|5,50|5,50|0,00|0,00|1|4.000|22.960,00|
|28/09/2016|R|5,50|5,50|5,50|5,50|1|50.000|275.000,00|
|29/09/2016|R|5,50|5,50|5,51|5,50|3|84.500|465.450,00|
|30/09/2016|R|5,50|5,50|5,80|5,50|3|153.448|845.498,40|
|05/10/2016|R|5,50|5,60|5,61|5,60|5|230.000|1.288.300,00|
|06/10/2016|R|5,60|5,65|5,65|5,65|1|4.000|22.600,00|
|07/10/2016|R|5,65|5,60|5,60|5,60|2|14.500|81.200,00|
|10/10/2016|R|5,60|5,60|6,00|6,00|1|750|4.500,00|
|11/10/2016|R|5,60|5,65|5,65|5,65|4|115.400|652.010,00|
|13/10/2016|R|5,65|5,65|5,65|5,60|2|11.552|65.191,20|
|14/10/2016|R|5,65|5,65|5,65|5,65|1|24.600|138.990,00|
|17/10/2016|R|5,65|6,20|6,20|5,65|3|1.999|12.284,35|
|19/10/2016|R|6,20|5,81|6,00|5,81|2|26.000|151.250,00|
|20/10/2016|R|5,81|6,00|6,00|6,00|1|3.000|18.000,00|
|21/10/2016|R|6,00|6,00|6,00|6,00|1|801|4.806,00|
|24/10/2016|R|6,00|5,80|5,80|5,80|1|200.444|1.162.575,20|
|25/10/2016|R|5,80|5,80|6,00|5,80|2|12.867|75.202,00|
|26/10/2016|R|5,80|5,80|6,05|6,05|1|500|3.025,00|
|27/10/2016|R|5,80|5,80|5,81|5,80|2|125.999|730.814,20|
|31/10/2016|R|5,80|5,86|5,86|5,86|1|9.000|52.740,00|
|01/11/2016|R|5,86|6,00|6,00|5,86|2|84.600|497.156,00|
|02/11/2016|R|6,00|6,20|6,20|6,20|1|10.000|62.000,00|
|03/11/2016|R|6,20|6,95|6,95|6,95|2|106.000|736.700,00|
|04/11/2016|R|6,95|7,34|7,34|6,95|2|100.000|714.500,00|
|08/11/2016|R|7,34|7,35|8,00|7,35|5|132.000|971.500,00|
|09/11/2016|R|7,35|7,35|7,35|7,35|3|120.000|882.000,00|
|10/11/2016|R|7,35|8,80|8,80|7,50|9|121.100|974.280,00|
|11/11/2016|R|8,80|10,56|10,56|8,95|9|210.823|2.058.564,85|
|14/11/2016|R|10,56|12,05|12,65|10,50|15|165.513|1.826.779,45|
|15/11/2016|R|12,05|13,50|14,20|12,05|12|157.959|1.999.874,75|
|16/11/2016|R|13,50|13,50|13,99|13,50|7|156.595|2.121.112,05|
|17/11/2016|R|13,50|14,00|14,05|13,75|7|294.550|4.109.247,50|
|18/11/2016|R|14,00|14,00|14,10|14,00|9|215.000|3.011.500,00|
|21/11/2016|R|14,00|14,00|13,50|13,50|1|200|2.700,00|
|22/11/2016|R|14,00|11,20|13,50|11,20|3|35.080|447.080,00|
|24/11/2016|R|11,20|13,43|13,43|13,43|2|5.300|71.179,00|
|25/11/2016|R|13,43|13,43|13,99|13,43|2|5.500|74.145,00|
|28/11/2016|R|13,43|13,43|13,43|13,43|4|28.200|378.726,00|
|29/11/2016|R|13,43|14,00|14,00|14,00|5|5.100|71.400,00|
|30/11/2016|R|14,00|14,00|14,00|14,00|5|54.900|768.600,00|
|01/12/2016|R|14,00|14,75|15,00|14,00|4|33.200|468.575,00|
|02/12/2016|R|14,75|14,76|15,00|14,76|4|28.100|421.068,00|
|05/12/2016|R|14,76|14,75|14,80|14,75|4|173.095|2.553.901,25|
|06/12/2016|R|14,75|15,99|17,50|14,75|11|327.074|4.839.134,50|
|07/12/2016|R|15,99|16,00|16,00|16,00|4|11.474|183.584,00|
|08/12/2016|R|16,00|15,90|16,00|14,00|10|87.946|1.361.326,10|
|13/12/2016|R|15,90|12,90|15,00|12,90|5|201.000|2.637.000,00|
|14/12/2016|R|12,90|14,00|15,50|12,90|8|4.970|73.247,00|
|15/12/2016|R|14,00|14,00|14,00|14,00|1|714|9.996,00|
|19/12/2016|R|14,00|12,90|12,90|12,90|1|1.500|19.350,00|
|28/12/2016|R|12,90|12,90|14,00|14,00|1|100|1.400,00|
|30/12/2016|R|12,90|14,00|14,00|14,00|2|2.600|36.400,00|
|06/01/2017|R|14,00|14,00|14,00|14,00|2|1.450|20.300,00|
|12/01/2017|R|14,00|13,50|13,50|11,21|4|55.250|621.545,00|
|16/01/2017|R|13,50|13,50|10,80|10,80|1|300|3.240,00|
|20/01/2017|R|13,50|11,00|11,00|11,00|1|1.000|11.000,00|
|23/01/2017|R|11,00|11,00|11,00|11,00|3|27.000|297.000,00|
|24/01/2017|R|11,00|11,00|11,00|11,00|1|3.000|33.000,00|
|25/01/2017|R|11,00|13,99|13,99|13,00|3|9.000|123.140,00|
|27/01/2017|R|13,99|13,99|12,00|12,00|1|364|4.368,00|
|30/01/2017|R|13,99|13,99|13,00|13,00|1|100|1.300,00|
|03/02/2017|R|13,99|11,20|11,20|11,20|2|16.000|179.200,00|
|07/02/2017|R|11,20|13,20|13,20|13,20|2|23.000|303.600,00|
|09/02/2017|R|13,20|13,20|13,20|13,10|2|63.000|826.600,00|
|10/02/2017|R|13,20|13,20|13,20|13,20|2|6.000|79.200,00|
|13/02/2017|R|13,20|12,00|13,00|11,50|3|210.000|2.517.000,00|
|15/02/2017|R|12,00|12,00|12,01|10,57|8|234.300|2.807.610,00|
|16/02/2017|R|12,00|12,00|12,50|12,00|2|16.450|197.625,00|
|17/02/2017|R|12,00|12,00|12,00|11,80|2|130.000|1.540.000,00|
|20/02/2017|R|12,00|12,50|12,50|12,50|2|2.100|26.250,00|
|21/02/2017|R|12,50|12,50|13,19|12,00|4|31.450|388.332,00|
|22/02/2017|R|12,50|12,50|12,50|12,50|1|2.000|25.000,00|
|23/02/2017|R|12,50|13,00|13,20|13,00|2|23.000|303.000,00|
|24/02/2017|R|13,00|13,00|13,20|13,00|4|31.000|405.000,00|
|01/03/2017|R|13,00|15,00|15,00|13,49|7|84.000|1.181.800,00|
|02/03/2017|R|15,00|16,99|16,99|15,50|10|79.200|1.262.780,00|
|03/03/2017|R|16,99|14,00|14,00|14,00|4|82.500|1.245.000,00|
|06/03/2017|R|14,00|14,07|14,07|14,00|8|163.000|2.290.900,00|
|07/03/2017|R|14,07|14,01|16,49|14,00|5|158.170|2.314.903,30|
|08/03/2017|R|14,01|15,00|15,00|15,00|1|50.000|750.000,00|
|09/03/2017|R|15,00|15,00|15,00|15,00|2|100.000|1.500.000,00|
|10/03/2017|R|15,00|14,00|15,01|14,00|6|435.011|6.210.574,00|
|13/03/2017|R|14,00|14,01|15,00|14,01|3|100.000|1.403.970,00|
|14/03/2017|R|14,01|14,05|14,05|14,01|2|45.000|631.050,00|
|16/03/2017|R|14,05|15,00|15,01|14,75|3|14.000|209.530,00|
|17/03/2017|R|15,00|17,00|17,00|16,60|3|10.300|174.180,00|
|20/03/2017|R|17,00|17,00|17,00|17,00|1|50.000|850.000,00|
|21/03/2017|R|17,00|20,38|20,38|20,00|4|65.000|1.307.600,00|
|22/03/2017|R|20,38|24,45|24,45|23,89|10|113.000|2.712.700,00|
|23/03/2017|R|24,45|29,29|29,30|20,05|11|190.602|5.569.458,86|
|24/03/2017|R|29,29|25,01|30,50|25,00|4|41.220|1.065.010,00|
|27/03/2017|R|25,01|29,90|29,95|25,01|5|30.000|848.850,00|
|28/03/2017|R|29,90|29,90|29,90|29,80|8|23.455|701.154,50|
|29/03/2017|R|29,90|28,50|28,50|28,50|3|23.500|669.750,00|
|30/03/2017|R|28,50|28,50|28,50|28,50|1|1.000|28.500,00|
|31/03/2017|R|28,50|28,50|28,50|28,50|3|44.000|1.254.000,00|
|03/04/2017|R|28,50|28,50|28,50|27,00|5|154.000|4.308.000,00|
|04/04/2017|R|28,50|27,95|28,50|27,95|3|71.000|1.997.000,00|
|05/04/2017|R|27,95|28,49|28,49|28,49|2|22.000|616.980,00|
|06/04/2017|R|28,49|27,95|28,50|27,50|3|23.670|660.095,00|
|07/04/2017|R|27,95|28,00|28,45|28,00|6|11.067|312.677,60|
|10/04/2017|R|28,00|27,49|27,49|27,49|3|3.589|98.661,61|
|11/04/2017|R|27,49|24,00|26,50|23,00|8|71.555|1.657.320,00|
|12/04/2017|R|24,00|24,00|24,00|23,95|4|64.945|1.557.680,00|
|18/04/2017|R|24,00|25,00|27,00|25,00|10|100.500|2.616.000,00|
|20/04/2017|R|25,00|26,00|26,00|25,00|4|16.200|411.200,00|
|21/04/2017|R|26,00|26,00|26,00|26,00|2|3.400|88.400,00|
|24/04/2017|R|26,00|25,00|25,00|25,00|1|240.000|6.000.000,00|
|25/04/2017|R|25,00|25,00|30,00|25,00|9|16.150|407.551,50|
|26/04/2017|R|25,00|25,00|30,00|25,00|16|780.050|19.540.850,00|
|28/04/2017|R|25,00|26,00|26,99|26,00|4|38.900|1.012.291,00|
|03/05/2017|R|26,00|26,50|26,50|26,50|4|35.000|927.500,00|
|04/05/2017|R|26,50|27,00|27,00|27,00|3|54.100|1.460.700,00|
|05/05/2017|R|27,00|27,00|27,00|27,00|3|50.021|1.350.567,00|
|08/05/2017|R|27,00|29,00|30,00|29,00|3|28.209|820.561,00|
|09/05/2017|R|29,00|29,00|29,00|29,00|1|3.000|87.000,00|
|10/05/2017|R|29,00|28,99|29,00|26,00|12|422.000|11.218.350,00|
|11/05/2017|R|28,99|30,00|30,00|28,97|8|365.000|10.653.350,00|
|12/05/2017|R|30,00|29,97|31,00|29,97|2|101.000|3.028.000,00|
|15/05/2017|R|29,97|30,00|35,00|30,00|18|471.470|14.803.960,00|
|16/05/2017|R|30,00|30,01|34,99|30,00|4|64.000|1.940.110,00|
|17/05/2017|R|30,01|28,00|30,00|27,00|8|740.000|20.145.500,00|
|19/05/2017|R|28,00|26,50|26,50|26,50|1|100.000|2.650.000,00|
|22/05/2017|R|26,50|27,00|30,94|27,00|7|542.510|14.850.779,40|
|23/05/2017|R|27,00|29,99|29,99|29,99|2|10.000|299.900,00|
|24/05/2017|R|29,99|32,00|33,50|32,00|4|15.200|486.700,00|
|25/05/2017|R|32,00|30,00|35,00|30,00|11|92.510|2.868.460,00|
|26/05/2017|R|30,00|27,05|35,89|27,05|10|320.000|8.793.800,00|
|30/05/2017|R|27,05|27,05|30,99|30,99|1|10|309,90|
|31/05/2017|R|27,05|31,00|31,00|28,50|7|10.204|316.221,50|
|01/06/2017|R|31,00|27,00|31,00|27,00|10|355.350|9.626.068,50|
|02/06/2017|R|27,00|27,00|30,49|27,00|15|514.069|14.063.791,00|
|05/06/2017|R|27,00|27,00|29,00|29,00|1|100|2.900,00|
|06/06/2017|R|27,00|27,00|28,00|27,00|14|828.220|22.416.410,00|
|07/06/2017|R|27,00|29,00|30,98|27,00|3|54.510|1.571.809,80|
|08/06/2017|R|29,00|29,00|29,00|29,00|2|10.000|290.000,00|
|09/06/2017|R|29,00|29,00|30,00|29,00|5|280.010|8.220.300,00|
|12/06/2017|R|29,00|28,49|28,49|28,49|3|22.636|644.899,64|
|13/06/2017|R|28,49|28,50|29,50|28,00|9|907.510|25.433.545,00|
|14/06/2017|R|28,50|29,00|30,00|29,00|8|23.800|709.707,90|
|15/06/2017|R|29,00|29,99|30,50|29,99|10|37.117|1.119.910,00|
|16/06/2017|R|29,99|29,00|30,00|29,00|8|86.605|2.545.449,75|
|20/06/2017|R|29,00|30,00|30,00|29,00|3|800.000|23.300.000,00|
|21/06/2017|R|30,00|31,99|33,99|31,00|4|13.000|420.405,00|
|22/06/2017|R|31,99|31,99|35,90|31,99|2|100.995|3.234.720,50|
|23/06/2017|R|31,99|31,99|32,00|31,99|8|66.900|2.140.680,00|
|26/06/2017|R|31,99|35,99|36,00|31,99|4|263.795|8.453.987,05|
|27/06/2017|R|35,99|32,00|33,00|32,00|6|37.100|1.208.099,00|
|29/06/2017|R|32,00|35,00|35,00|35,00|1|5.000|175.000,00|
|30/06/2017|R|35,00|35,00|35,99|35,99|1|10|359,90|
|04/07/2017|R|35,00|35,00|35,99|35,99|1|10|359,90|
|06/07/2017|R|35,00|35,00|35,00|35,00|3|83.129|2.909.515,00|
|07/07/2017|R|35,00|35,00|35,00|30,00|3|1.300|40.650,00|
|10/07/2017|R|35,00|33,99|33,99|33,99|4|11.010|374.229,90|
|11/07/2017|R|33,99|33,99|33,98|33,98|2|685|23.276,30|
|12/07/2017|R|33,99|33,99|35,00|35,00|1|10|350,00|
|13/07/2017|R|33,99|34,99|35,00|33,50|4|13.304|465.174,00|
|14/07/2017|R|34,99|35,00|35,00|34,98|6|75.500|2.641.895,00|
|17/07/2017|R|35,00|41,98|41,98|41,98|2|1.627|68.301,46|
|18/07/2017|R|41,98|41,95|41,95|39,99|5|48.070|1.973.496,50|
|19/07/2017|R|41,95|40,00|40,00|40,00|3|1.500|60.000,00|
|21/07/2017|R|40,00|41,95|41,95|41,95|5|18.295|767.475,25|
|25/07/2017|R|41,95|46,00|47,99|46,00|4|30.408|1.409.713,00|
|01/08/2017|R|46,00|46,00|54,50|46,00|2|5.100|235.450,00|
|02/08/2017|R|46,00|46,00|46,00|40,00|3|7.000|307.000,00|
|03/08/2017|R|46,00|51,99|51,99|51,99|3|9.570|497.544,30|
|04/08/2017|R|51,99|57,00|57,00|48,00|14|296.261|15.153.182,70|
|07/08/2017|R|57,00|59,00|59,99|57,00|8|110.003|6.342.071,00|
|08/08/2017|R|59,00|59,00|68,39|59,00|8|28.835|1.710.232,45|
|09/08/2017|R|59,00|69,99|69,99|57,00|10|146.740|8.447.054,80|
|10/08/2017|R|69,99|65,00|65,00|64,94|2|2.002|130.129,88|
|11/08/2017|R|65,00|64,94|64,94|60,00|5|3.110|197.023,40|
|15/08/2017|R|64,94|77,00|77,00|64,94|6|15.629|1.036.423,72|
|16/08/2017|R|77,00|81,00|82,00|81,00|4|8.103|657.446,00|
|17/08/2017|R|81,00|75,00|80,00|75,00|4|13.090|998.050,00|
|18/08/2017|R|75,00|80,00|81,00|80,00|5|13.623|1.089.943,00|
|21/08/2017|R|80,00|79,50|80,00|79,50|6|7.660|609.287,50|
|22/08/2017|R|79,50|79,00|79,00|78,75|5|20.523|1.620.817,00|
|23/08/2017|R|79,00|75,00|79,00|71,00|10|92.874|7.107.858,00|
|24/08/2017|R|75,00|77,25|77,80|77,25|2|19.023|1.469.539,40|
|25/08/2017|R|77,25|77,85|78,50|77,85|3|10.023|780.305,50|
|28/08/2017|R|77,85|76,00|78,00|76,00|6|6.505|495.135,00|
|29/08/2017|R|76,00|76,00|78,00|78,00|1|13|1.014,00|
|30/08/2017|R|76,00|75,00|76,00|75,00|3|5.008|376.608,00|
|31/08/2017|R|75,00|76,00|78,00|75,00|7|6.770|512.675,50|
|01/09/2017|R|76,00|76,00|77,99|77,99|1|50|3.899,50|
|04/09/2017|R|76,00|75,00|76,00|75,00|2|1.636|123.360,00|
|05/09/2017|R|75,00|75,00|75,00|75,00|4|26.700|2.002.500,00|
|06/09/2017|R|75,00|70,00|73,00|70,00|2|50.000|3.500.069,00|
|07/09/2017|R|70,00|75,00|76,00|75,00|5|50.500|3.802.500,00|
|08/09/2017|R|75,00|75,00|77,99|77,99|4|206|16.065,94|
|12/09/2017|R|75,00|77,00|77,00|77,00|3|18.313|1.410.101,00|
|13/09/2017|R|77,00|76,00|79,99|76,00|15|223.875|17.233.491,25|
|14/09/2017|R|76,00|83,50|86,00|80,00|11|57.625|4.738.437,50|
|15/09/2017|R|83,50|100,00|100,00|88,00|9|75.386|7.486.869,00|
|18/09/2017|R|100,00|100,00|119,00|100,00|8|14.133|1.631.315,50|
|19/09/2017|R|100,00|100,01|106,00|100,01|2|30.003|3.000.618,00|
|20/09/2017|R|100,01|110,00|119,89|101,01|15|195.228|21.738.327,39|
|21/09/2017|R|110,00|110,00|110,00|110,00|5|19.779|2.175.690,00|
|22/09/2017|R|110,00|115,00|115,00|115,00|1|25.000|2.875.000,00|
|25/09/2017|R|115,00|115,00|115,00|110,00|5|24.000|2.690.000,00|
|26/09/2017|R|115,00|115,00|120,00|115,00|5|20.023|2.302.760,00|
|27/09/2017|R|115,00|130,00|130,00|115,00|7|85.977|9.902.355,00|
|28/09/2017|R|130,00|131,00|150,00|130,00|18|42.950|5.631.240,00|
|29/09/2017|R|131,00|157,00|157,00|150,00|10|11.729|1.765.695,00|
|02/10/2017|R|157,00|188,00|188,00|172,50|10|73.658|13.240.002,00|
|03/10/2017|R|188,00|200,00|209,99|188,00|17|48.800|9.850.769,00|
|04/10/2017|R|200,00|198,50|203,00|198,00|21|178.388|35.417.092,42|
|05/10/2017|R|198,50|203,00|212,99|203,00|11|36.050|7.391.838,50|
|06/10/2017|R|203,00|195,00|203,99|195,00|5|3.723|751.720,09|
|09/10/2017|R|195,00|194,00|195,00|194,00|3|2.550|496.700,00|
|10/10/2017|R|194,00|191,00|192,99|191,00|5|469.746|84.602.915,10|
|11/10/2017|R|191,00|190,00|195,00|184,01|11|27.745|5.181.976,00|
|13/10/2017|R|190,00|185,00|199,99|185,00|12|65.145|12.107.785,50|
|16/10/2017|R|185,00|185,00|192,00|192,00|5|326.898|55.577.566,00|
|17/10/2017|R|185,00|185,00|185,00|185,00|4|3.010|556.850,00|
|18/10/2017|R|185,00|185,00|190,00|185,00|5|44.010|8.191.850,00|
|19/10/2017|R|185,00|179,99|185,00|179,99|6|4.450|810.190,00|
|20/10/2017|R|179,99|175,00|180,00|175,00|11|98.166|17.576.037,00|
|23/10/2017|R|175,00|190,00|190,00|180,00|5|10.190|1.908.386,00|
|24/10/2017|R|190,00|183,99|185,00|183,50|4|6.010|1.105.590,00|
|25/10/2017|R|183,99|183,99|183,99|180,00|6|16.100|2.601.990,00|
|26/10/2017|R|183,99|175,00|175,00|160,00|10|102.687|16.658.225,00|
|27/10/2017|R|175,00|175,00|175,00|175,00|8|5.678|993.650,00|
|30/10/2017|R|175,00|173,00|174,00|150,00|5|110.005|16.595.870,00|
|31/10/2017|R|173,00|165,00|173,00|165,00|7|9.425|1.585.670,00|
|01/11/2017|R|165,00|160,00|166,00|140,00|10|135.932|19.471.450,00|
|02/11/2017|R|160,00|160,00|160,00|130,00|3|161.200|20.962.000,00|
|03/11/2017|R|160,00|165,00|165,00|160,00|8|6.510|1.070.350,00|
|07/11/2017|R|165,00|140,00|168,00|140,00|5|149.055|20.872.235,00|
|08/11/2017|R|140,00|129,99|150,00|120,00|10|402.025|50.467.329,80|
|09/11/2017|R|129,99|125,00|129,99|125,00|8|52.170|6.574.518,25|
|13/11/2017|R|125,00|125,00|125,00|125,00|4|2.100|262.500,00|
|14/11/2017|R|125,00|124,00|124,00|124,00|2|1.514|185.680,00|
|15/11/2017|R|124,00|124,00|124,00|110,00|11|66.160|7.537.440,00|
|16/11/2017|R|124,00|124,00|139,99|139,99|1|285|39.897,15|
|17/11/2017|R|124,00|145,00|146,00|145,00|4|5.297|771.237,00|
|20/11/2017|R|145,00|148,00|152,50|148,00|8|7.280|1.073.075,00|
|21/11/2017|R|148,00|158,00|160,00|158,00|6|16.093|2.565.750,00|
|22/11/2017|R|158,00|166,00|166,00|165,00|2|1.050|174.250,00|
|23/11/2017|R|166,00|164,50|164,50|164,50|1|500|82.250,00|
|24/11/2017|R|164,50|160,00|187,00|159,00|4|2.457|403.663,00|
|28/11/2017|R|160,00|145,00|191,00|145,00|6|27.050|4.566.175,00|
|29/11/2017|R|145,00|160,00|160,00|145,00|5|8.288|1.232.355,00|
|30/11/2017|R|160,00|164,95|170,00|131,00|17|147.767|20.378.214,30|
|01/12/2017|R|164,95|164,00|190,00|160,00|6|42.325|6.896.241,80|
|04/12/2017|R|164,00|160,00|160,00|160,00|8|14.453|2.312.480,00|
|05/12/2017|R|160,00|135,00|163,00|135,00|5|419.172|59.012.100,00|
|06/12/2017|R|135,00|130,00|159,00|130,00|10|99.905|13.148.350,00|
|07/12/2017|R|130,00|154,00|155,00|154,00|11|36.155|5.600.720,00|
|08/12/2017|R|154,00|155,00|160,00|125,00|8|379.350|48.723.295,00|
|12/12/2017|R|155,00|125,00|185,00|125,00|40|1.150.810|146.135.875,00|
|13/12/2017|R|125,00|145,00|145,00|125,05|4|1.145|161.037,50|
|14/12/2017|R|145,00|144,99|144,99|125,00|8|697.350|87.216.726,50|
|15/12/2017|R|144,99|125,00|140,01|125,00|13|625.060|78.850.384,00|
|18/12/2017|R|125,00|125,00|140,00|140,00|2|339|47.460,00|
|19/12/2017|R|125,00|135,00|144,00|130,00|8|166.910|22.107.890,00|
|20/12/2017|R|135,00|161,99|161,99|130,00|15|586.700|81.093.300,00|
|21/12/2017|R|161,99|145,00|145,00|130,00|13|435.105|60.330.265,00|
|22/12/2017|R|145,00|130,00|139,00|130,00|5|254.010|33.021.390,00|
|26/12/2017|R|130,00|126,00|138,00|126,00|4|17.714|2.243.620,00|
|27/12/2017|R|126,00|126,00|130,50|126,00|8|129.910|16.778.750,00|
|28/12/2017|R|126,00|140,00|140,00|140,00|3|2.745|384.300,00|
|29/12/2017|R|140,00|140,00|140,00|140,00|4|12.762|1.786.680,00|
|03/01/2018|R|140,00|155,00|155,00|150,00|5|1.020|157.474,25|
|04/01/2018|R|155,00|130,00|155,00|130,00|8|304.200|39.626.240,00|
|05/01/2018|R|130,00|131,00|131,00|131,00|1|17.500|2.292.500,00|
|08/01/2018|R|131,00|157,19|157,19|130,00|17|293.641|40.994.740,54|
|09/01/2018|R|157,19|170,00|170,61|165,00|9|98.900|16.473.549,00|
|10/01/2018|R|170,00|175,00|200,00|140,00|8|158.177|28.630.673,00|
|11/01/2018|R|175,00|169,00|169,00|169,00|2|128.054|22.199.450,00|
|12/01/2018|R|169,00|175,00|199,00|175,00|9|190.500|33.885.000,00|
|15/01/2018|R|175,00|175,01|199,00|175,00|20|522.180|94.101.022,30|
|16/01/2018|R|175,01|175,00|190,00|175,00|7|171.453|30.117.540,00|
|17/01/2018|R|175,00|180,00|180,00|175,00|12|295.691|51.793.625,00|
|18/01/2018|R|180,00|175,00|175,00|165,00|5|584.375|102.065.625,00|
|19/01/2018|R|175,00|175,00|180,00|175,00|7|66.650|11.696.640,00|
|22/01/2018|R|175,00|175,00|185,00|170,00|8|1.589.472|270.975.815,00|
|23/01/2018|R|175,00|185,00|185,00|175,00|5|48.637|8.996.475,00|
|24/01/2018|R|185,00|185,00|190,00|185,00|10|225.371|41.696.980,00|
|25/01/2018|R|185,00|190,00|200,00|180,00|8|2.803.000|504.580.000,00|
|26/01/2018|R|190,00|210,00|210,00|190,00|15|641.860|123.846.400,00|
|29/01/2018|R|210,00|200,00|210,00|190,00|11|63.966|12.542.860,00|
|30/01/2018|R|200,00|191,00|198,00|190,00|8|1.284.400|244.601.200,00|
|31/01/2018|R|191,00|190,00|191,00|180,00|6|1.412.312|254.418.592,00|
|01/02/2018|R|190,00|180,00|180,00|170,00|4|121.004|21.673.910,00|
|02/02/2018|R|180,00|180,00|180,00|180,00|4|480.000|86.400.000,00|
|05/02/2018|R|180,00|185,00|185,00|181,00|4|141.773|26.220.913,00|
|06/02/2018|R|185,00|185,00|186,00|185,00|12|274.819|50.872.015,00|
|07/02/2018|R|185,00|190,00|190,00|190,00|3|42.500|8.075.000,00|
|08/02/2018|R|190,00|185,00|190,00|185,00|12|117.700|21.838.000,00|
|09/02/2018|R|185,00|185,00|195,00|180,10|9|254.900|46.513.200,00|
|14/02/2018|R|185,00|190,00|190,00|185,00|15|860.987|162.304.589,00|
|15/02/2018|R|190,00|210,00|210,00|195,00|11|519.551|102.777.200,00|
|16/02/2018|R|210,00|212,00|251,00|200,02|9|347.187|71.467.974,00|
|19/02/2018|R|212,00|254,00|254,00|220,00|11|1.078.872|252.081.564,00|
|20/02/2018|R|254,00|304,50|304,50|265,00|8|1.080.000|322.641.750,00|
|21/02/2018|R|304,50|360,00|360,00|360,00|1|50.000|18.000.000,00|
|22/02/2018|R|360,00|500,00|500,00|432,00|7|538.336|273.634.198,40|
|23/02/2018|R|500,00|864,01|864,01|600,00|12|97.774|81.530.060,40|
|26/02/2018|R|864,01|1.950,00|2.070,00|1.000,00|38|614.824|840.592.610,00|
|27/02/2018|R|1.950,00|1.800,00|2.000,00|1.800,00|39|309.293|575.196.052,00|
|28/02/2018|R|1.800,00|1.699,00|1.800,00|1.699,00|9|3.507|6.135.073,00|
|01/03/2018|R|1.699,00|1.490,00|1.690,00|1.400,00|8|31.250|51.697.500,00|
|02/03/2018|R|1.490,00|1.350,00|1.550,00|1.200,00|15|218.453|296.107.998,00|
|05/03/2018|R|1.350,00|1.400,00|1.400,00|1.400,00|7|116.415|162.981.000,00|
|06/03/2018|R|1.400,00|1.635,00|1.640,00|1.120,00|15|149.567|228.384.500,00|
|07/03/2018|R|1.635,00|1.962,00|1.962,00|1.635,00|27|382.849|638.585.115,00|
|08/03/2018|R|1.962,00|2.250,00|2.250,00|2.000,00|29|473.542|1.019.206.898,50|
|09/03/2018|R|2.250,00|2.150,00|2.200,00|2.050,00|14|30.925|66.268.600,00|
|12/03/2018|R|2.150,00|2.100,00|2.100,00|2.100,00|7|547.000|1.173.750.000,00|
|13/03/2018|R|2.100,00|2.149,00|2.200,00|2.100,00|22|86.223|184.339.742,00|
|14/03/2018|R|2.149,00|2.080,00|2.148,00|2.080,00|26|510.850|1.072.806.951,90|
|15/03/2018|R|2.080,00|2.101,00|2.200,00|2.080,00|20|95.339|200.682.260,00|
|16/03/2018|R|2.101,00|2.070,00|2.195,00|2.070,00|13|132.666|279.526.100,00|
|20/03/2018|R|2.070,00|2.000,00|2.100,00|2.000,00|11|13.226|27.289.600,00|
|21/03/2018|R|2.000,00|2.000,00|2.030,00|2.000,00|7|5.271|10.548.600,00|
|22/03/2018|R|2.000,00|1.900,00|2.000,00|1.900,00|7|16.160|30.784.000,00|
|23/03/2018|R|1.900,00|1.800,00|1.900,00|1.750,00|12|3.684|6.783.500,00|
|26/03/2018|R|1.800,00|1.450,00|1.800,00|1.450,00|14|319.447|573.954.600,00|
|27/03/2018|R|1.450,00|1.740,00|1.740,00|1.740,00|2|50.000|87.000.000,00|
|28/03/2018|R|1.740,00|2.040,00|2.050,00|1.800,00|18|464.750|880.719.310,00|
|02/04/2018|R|2.040,00|2.040,00|2.100,00|2.040,00|14|252.861|518.217.700,00|
|03/04/2018|R|2.040,00|2.000,00|2.050,00|2.000,00|12|126.042|252.170.250,00|
|04/04/2018|R|2.000,00|2.000,00|2.050,00|1.750,00|13|47.971|90.972.800,00|
|05/04/2018|R|2.000,00|2.100,00|2.100,00|1.900,00|12|96.252|191.409.000,00|
|06/04/2018|R|2.100,00|2.050,00|2.100,00|2.050,00|14|190.904|391.568.200,00|
|09/04/2018|R|2.050,00|2.205,00|2.300,00|2.100,00|16|43.881|96.997.900,00|
|10/04/2018|R|2.205,00|3.175,00|3.175,00|2.200,00|24|113.310|281.847.255,00|
|11/04/2018|R|3.175,00|3.015,00|3.800,00|3.000,00|26|57.030|179.531.050,00|
|12/04/2018|R|3.015,00|3.800,00|4.300,00|3.000,00|35|108.160|386.591.025,00|
|13/04/2018|R|3.800,00|4.500,00|5.350,00|4.300,00|45|136.990|616.188.620,00|
|16/04/2018|R|4.500,00|6.000,00|6.000,00|5.000,00|27|26.501|138.478.000,00|
|17/04/2018|R|6.000,00|8.350,00|8.640,00|7.200,00|41|47.284|340.924.920,00|
|18/04/2018|R|8.350,00|8.600,00|8.640,00|8.500,00|28|16.474|142.044.460,00|
|20/04/2018|R|8.600,00|8.500,00|8.640,00|8.500,00|30|138.694|1.191.398.900,00|
|23/04/2018|R|8.500,00|8.200,00|8.500,00|7.250,00|13|107.669|764.955.436,65|
|24/04/2018|R|8.200,00|8.000,00|8.200,00|8.000,00|8|5.360|43.719.880,00|
|25/04/2018|R|8.000,00|7.699,00|7.999,00|7.699,00|4|2.442|19.283.380,00|
|26/04/2018|R|7.699,00|6.160,00|7.490,00|6.160,00|30|47.993|304.316.600,00|
|27/04/2018|R|6.160,00|6.500,00|6.500,00|6.160,00|17|6.631|43.026.360,00|
|30/04/2018|R|6.500,00|6.500,00|6.500,00|6.500,00|14|16.736|108.784.000,00|
|02/05/2018|R|6.500,00|5.300,00|6.500,00|5.300,00|22|77.203|447.575.190,00|
|03/05/2018|R|5.300,00|5.500,00|6.000,00|5.500,00|23|124.614|698.109.420,00|
|04/05/2018|R|5.500,00|4.980,00|5.500,00|4.970,00|13|27.755|140.068.780,00|
|07/05/2018|R|4.980,00|3.990,00|3.990,00|3.990,00|5|2.251|8.981.490,00|
|08/05/2018|R|3.990,00|3.000,00|3.990,00|3.000,00|27|508.335|1.677.337.250,00|
|09/05/2018|R|3.000,00|2.800,00|3.190,00|2.000,00|19|121.468|256.974.950,00|
|10/05/2018|R|2.800,00|3.160,00|3.160,00|2.800,00|16|177.952|552.422.320,00|
|11/05/2018|R|3.160,00|3.500,00|3.600,00|3.160,00|16|135.348|438.531.800,00|
|15/05/2018|R|3.500,00|3.800,00|4.000,00|3.500,00|13|65.288|254.347.600,00|
|16/05/2018|R|3.800,00|3.800,00|4.000,00|3.750,00|11|18.322|68.945.100,00|
|17/05/2018|R|3.800,00|3.900,00|3.950,00|3.800,00|22|47.673|183.176.300,00|
|18/05/2018|R|3.900,00|3.800,00|4.000,00|3.800,00|9|7.718|29.348.400,00|
|21/05/2018|R|3.800,00|3.600,00|3.750,00|3.600,00|11|22.775|84.898.000,00|
|22/05/2018|R|3.600,00|3.600,00|3.800,00|3.600,00|14|52.088|192.831.500,00|
|23/05/2018|R|3.600,00|3.800,00|3.800,00|3.790,00|16|8.263|31.369.900,00|
|24/05/2018|R|3.800,00|4.000,00|4.000,00|3.850,00|22|223.810|888.465.000,00|
|25/05/2018|R|4.000,00|4.800,00|4.800,00|4.600,00|13|21.342|100.937.600,00|
|28/05/2018|R|4.800,00|5.300,00|5.300,00|5.000,00|17|48.530|242.809.000,00|
|29/05/2018|R|5.300,00|5.300,00|5.300,00|4.800,00|21|2.018.310|9.716.708.500,00|
|30/05/2018|R|5.300,00|5.300,00|5.800,00|4.800,00|11|523.347|2.518.214.100,00|
|31/05/2018|R|5.300,00|5.190,00|5.300,00|5.190,00|13|3.469|18.294.090,00|
|01/06/2018|R|5.190,00|4.800,00|5.600,00|4.800,00|20|237.422|1.154.600.320,00|
|05/06/2018|R|4.800,00|4.550,00|5.000,00|4.500,00|22|97.073|458.917.300,00|
|06/06/2018|R|4.550,00|4.700,00|4.800,00|4.500,00|19|1.431.968|6.830.347.600,00|
|07/06/2018|R|4.700,00|4.850,00|4.900,00|4.500,00|12|56.615|256.267.950,00|
|08/06/2018|R|4.850,00|4.310,00|4.850,00|4.310,00|22|133.501|614.951.700,00|
|11/06/2018|R|4.310,00|3.990,00|4.800,00|3.800,00|22|190.045|790.717.000,00|
|12/06/2018|R|3.990,00|3.500,00|3.990,00|3.500,00|21|145.224|508.824.960,00|
|13/06/2018|R|3.500,00|3.750,00|4.200,00|3.700,00|16|76.179|282.741.000,00|
|14/06/2018|R|3.750,00|4.000,00|4.000,00|3.800,00|23|151.294|583.525.190,00|
|15/06/2018|R|4.000,00|4.400,00|4.800,00|4.000,00|9|103.111|413.304.800,00|
|18/06/2018|R|4.400,00|4.100,00|4.850,00|4.000,00|9|103.838|460.517.000,00|
|19/06/2018|R|4.100,00|4.400,00|4.700,00|4.000,00|17|99.395|424.449.650,00|
|20/06/2018|R|4.400,00|5.100,00|5.200,00|4.400,00|29|206.532|962.379.400,00|
|21/06/2018|R|5.100,00|5.100,00|6.110,00|5.100,00|27|168.238|916.383.790,00|
|22/06/2018|R|5.100,00|5.300,00|5.990,00|5.100,00|19|44.263|233.123.110,00|
|25/06/2018|R|5.300,00|5.800,00|6.110,00|5.300,00|19|711.723|4.110.618.100,00|
|26/06/2018|R|5.800,00|5.900,00|6.000,00|5.300,00|26|813.098|4.672.467.400,00|
|27/06/2018|R|5.900,00|5.800,00|5.900,00|5.800,00|10|115.757|671.411.300,00|
|28/06/2018|R|5.800,00|6.350,00|6.500,00|5.800,00|16|67.151|390.949.100,00|
|29/06/2018|R|6.350,00|6.000,00|6.500,00|6.000,00|22|38.919|250.769.880,00|
|03/07/2018|R|6.000,00|6.000,00|6.500,00|6.000,00|20|120.624|732.945.900,00|
|04/07/2018|R|6.000,00|6.100,00|6.300,00|6.000,00|23|56.954|341.988.600,00|
|06/07/2018|R|6.100,00|6.100,00|6.100,00|6.000,00|12|42.858|258.432.800,00|
|09/07/2018|R|6.100,00|5.500,00|6.300,00|5.500,00|17|103.877|618.151.500,00|
|10/07/2018|R|5.500,00|5.000,00|5.800,00|5.000,00|5|7.174|36.504.200,00|
|11/07/2018|R|5.000,00|5.000,00|5.450,00|4.800,00|10|26.620|130.813.200,00|
|12/07/2018|R|5.000,00|5.290,00|5.300,00|5.290,00|9|82.185|435.480.500,00|
|13/07/2018|R|5.290,00|5.400,00|5.800,00|5.000,00|13|408.680|2.046.530.200,00|
|16/07/2018|R|5.400,00|5.300,00|5.500,00|5.050,00|14|483.108|2.460.261.100,00|
|17/07/2018|R|5.300,00|4.990,00|5.300,00|4.990,00|18|398.840|2.028.583.920,00|
|18/07/2018|R|4.990,00|5.250,00|5.700,00|5.000,00|20|377.751|1.891.047.070,00|
|19/07/2018|R|5.250,00|5.250,00|5.400,00|5.000,00|9|7.341|39.086.850,00|
|20/07/2018|R|5.250,00|4.700,00|5.250,00|4.700,00|6|8.705|42.785.000,00|
|23/07/2018|R|4.700,00|4.900,00|5.000,00|4.900,00|4|10.681|52.374.400,00|
|25/07/2018|R|4.900,00|4.000,00|4.900,00|4.000,00|10|10.364|47.647.600,00|
|26/07/2018|R|4.000,00|4.200,00|4.500,00|4.000,00|10|27.000|113.560.000,00|
|27/07/2018|R|4.200,00|4.400,00|4.900,00|4.100,00|12|17.578|73.596.700,00|
|30/07/2018|R|4.400,00|3.900,00|4.000,00|3.900,00|4|19.045|74.830.000,00|
|01/08/2018|R|3.900,00|4.000,00|4.500,00|4.000,00|7|182.892|732.042.400,00|
|02/08/2018|R|4.000,00|3.800,00|4.000,00|3.700,00|18|156.816|595.543.800,00|
|03/08/2018|R|3.800,00|3.800,00|4.200,00|3.800,00|21|171.460|654.602.160,00|
|06/08/2018|R|3.800,00|4.000,00|4.000,00|3.800,00|6|2.364|9.265.800,00|
|07/08/2018|R|4.000,00|4.200,00|4.500,00|4.100,00|8|32.724|136.905.600,00|
|08/08/2018|R|4.200,00|4.100,00|4.100,00|4.100,00|1|7.000|28.700.000,00|
|09/08/2018|R|4.100,00|4.200,00|4.240,00|4.100,00|9|13.489|55.687.200,00|
|10/08/2018|R|4.200,00|4.100,00|4.250,00|4.000,00|7|56.242|228.423.250,00|
|13/08/2018|R|4.100,00|4.200,00|4.900,00|4.000,00|14|72.613|295.197.750,00|
|14/08/2018|R|4.200,00|4.850,00|4.900,00|4.200,00|17|421.365|1.984.677.700,00|
|15/08/2018|R|4.850,00|6.700,00|6.700,00|4.900,00|19|511.622|2.884.157.000,00|
|16/08/2018|R|6.700,00|13.000,00|13.000,00|8.000,00|20|261.549|2.773.059.720,00|
|21/08/2018|R|0,13|0,18|0,18|0,15|20|818.381|132.443,00|
|22/08/2018|R|0,18|0,15|0,20|0,15|26|367.544|59.120,78|
|23/08/2018|R|0,15|0,14|0,16|0,14|29|591.808|89.983,88|
|24/08/2018|R|0,14|0,13|0,15|0,12|19|347.877|42.912,35|
|27/08/2018|R|0,13|0,13|0,14|0,13|14|63.108|8.210,72|
|28/08/2018|R|0,13|0,10|0,15|0,10|15|138.952|15.696,03|
|29/08/2018|R|0,10|0,10|0,11|0,09|16|49.160|5.267,37|
|30/08/2018|R|0,10|0,11|0,12|0,11|5|15.275|1.780,37|
|31/08/2018|R|0,11|0,11|0,12|0,10|20|139.991|15.153,74|
|03/09/2018|R|0,11|0,10|0,11|0,10|16|45.254|4.551,48|
|04/09/2018|R|0,10|0,09|0,09|0,08|12|38.851|3.483,09|
|05/09/2018|R|0,09|0,09|0,09|0,08|13|91.550|8.239,00|
|06/09/2018|R|0,09|0,09|0,09|0,09|10|8.096|753,64|
|07/09/2018|R|0,09|0,09|0,09|0,09|18|422.050|37.984,50|
|11/09/2018|R|0,09|0,09|0,10|0,09|7|1.754|162,86|
|12/09/2018|R|0,09|0,09|0,10|0,09|23|725.036|65.336,24|
|13/09/2018|R|0,09|0,09|0,10|0,09|13|54.569|5.188,96|
|14/09/2018|R|0,09|0,09|0,09|0,08|24|314.434|25.234,97|
|17/09/2018|R|0,09|0,09|0,09|0,08|7|10.748|877,09|
|18/09/2018|R|0,09|0,09|0,10|0,09|7|13.500|1.330,00|
|19/09/2018|R|0,09|0,08|0,11|0,08|14|207.973|16.746,97|
|20/09/2018|R|0,08|0,08|0,08|0,08|23|294.757|23.580,56|
|21/09/2018|R|0,08|0,08|0,08|0,07|9|206.783|16.542,44|
|24/09/2018|R|0,08|0,08|0,08|0,08|34|550.000|44.000,00|
|25/09/2018|R|0,08|0,12|0,12|0,08|22|724.320|62.623,00|
|26/09/2018|R|0,12|0,14|0,17|0,13|38|437.557|69.327,21|
|27/09/2018|R|0,14|0,18|0,21|0,16|69|1.296.765|236.504,60|
|28/09/2018|R|0,18|0,20|0,21|0,18|49|811.052|161.712,12|
|01/10/2018|R|0,20|0,26|0,28|0,22|39|806.987|201.226,99|
|02/10/2018|R|0,26|0,28|0,31|0,26|36|1.514.706|424.492,76|
|03/10/2018|R|0,28|0,28|0,30|0,27|15|437.223|122.586,70|
|04/10/2018|R|0,28|0,25|0,29|0,25|7|64.487|16.825,67|
|05/10/2018|R|0,25|0,25|0,28|0,25|17|1.117.793|301.296,81|
|08/10/2018|R|0,25|0,25|0,28|0,25|11|98.658|26.463,31|
|09/10/2018|R|0,25|0,22|0,25|0,22|4|11.740|2.793,20|
|10/10/2018|R|0,22|0,22|0,24|0,22|6|35.523|7.905,06|
|11/10/2018|R|0,22|0,20|0,21|0,20|9|40.030|8.086,00|
|15/10/2018|R|0,20|0,22|0,22|0,20|6|74.227|16.129,94|
|16/10/2018|R|0,22|0,22|0,23|0,21|10|283.323|59.698,06|
|17/10/2018|R|0,22|0,23|0,24|0,23|8|158.753|36.034,72|
|18/10/2018|R|0,23|0,21|0,26|0,21|7|10.425|2.269,25|
|19/10/2018|R|0,21|0,22|0,25|0,22|8|115.220|26.527,00|
|22/10/2018|R|0,22|0,23|0,24|0,23|3|12.556|2.782,78|
|23/10/2018|R|0,23|0,24|0,25|0,24|5|28.919|7.203,71|
|24/10/2018|R|0,24|0,22|0,25|0,20|17|518.108|105.963,63|
|25/10/2018|R|0,22|0,21|0,22|0,20|9|115.820|24.296,00|
|26/10/2018|R|0,21|0,22|0,25|0,20|18|536.304|110.015,94|
|29/10/2018|R|0,22|0,20|0,25|0,20|6|43.026|8.736,44|
|30/10/2018|R|0,20|0,21|0,23|0,21|6|32.223|6.919,29|
|31/10/2018|R|0,21|0,20|0,20|0,20|3|12.500|2.500,00|
|01/11/2018|R|0,20|0,22|0,23|0,22|2|10.023|2.205,29|
|02/11/2018|R|0,22|0,22|0,22|0,21|14|195.137|42.570,00|
|06/11/2018|R|0,22|0,22|0,23|0,22|9|240.931|53.089,82|
|07/11/2018|R|0,22|0,22|0,22|0,22|12|97.340|21.414,80|
|08/11/2018|R|0,22|0,23|0,24|0,22|21|469.851|103.450,77|
|09/11/2018|R|0,23|0,23|0,25|0,23|15|599.552|141.962,81|
|12/11/2018|R|0,23|0,24|0,26|0,24|7|142.366|35.195,38|
|13/11/2018|R|0,24|0,24|0,25|0,24|8|394.134|94.614,16|
|14/11/2018|R|0,24|0,24|0,27|0,24|13|164.073|39.706,73|
|15/11/2018|R|0,24|0,23|0,24|0,23|16|1.116.122|256.974,51|
|16/11/2018|R|0,23|0,25|0,26|0,25|3|15.897|4.083,22|
|19/11/2018|R|0,25|0,23|0,29|0,23|9|18.588|4.501,24|
|20/11/2018|R|0,23|0,20|0,23|0,20|6|125.206|25.933,70|
|21/11/2018|R|0,20|0,22|0,24|0,20|20|517.273|103.895,52|
|22/11/2018|R|0,22|0,20|0,23|0,20|10|481.951|96.500,20|
|23/11/2018|R|0,20|0,24|0,24|0,21|3|639|141,90|
|26/11/2018|R|0,24|0,22|0,23|0,22|10|844.212|188.573,64|
|27/11/2018|R|0,22|0,25|0,25|0,23|6|121.047|30.256,99|
|28/11/2018|R|0,25|0,27|0,27|0,26|23|601.578|157.651,06|
|29/11/2018|R|0,27|0,28|0,29|0,25|20|530.784|141.442,67|
|30/11/2018|R|0,28|0,31|0,33|0,28|18|487.900|149.298,00|
|03/12/2018|R|0,31|0,36|0,36|0,36|8|24.541|8.834,76|
|04/12/2018|R|0,36|0,31|0,41|0,31|19|530.715|175.851,78|
|05/12/2018|R|0,31|0,29|0,33|0,28|20|610.946|173.702,56|
|06/12/2018|R|0,29|0,30|0,33|0,30|11|405.000|121.650,00|
|07/12/2018|R|0,30|0,28|0,33|0,28|8|67.000|20.030,00|
|10/12/2018|R|0,28|0,26|0,29|0,26|14|391.051|108.707,51|
|11/12/2018|R|0,26|0,28|0,31|0,28|12|185.535|53.586,87|
|12/12/2018|R|0,28|0,29|0,30|0,26|14|55.621|15.561,93|
|13/12/2018|R|0,29|0,29|0,32|0,29|9|99.216|28.773,33|
|14/12/2018|R|0,29|0,29|0,29|0,29|2|5.070|1.470,30|
|17/12/2018|R|0,29|0,27|0,30|0,25|5|533.311|133.619,60|
|18/12/2018|R|0,27|0,29|0,29|0,25|31|1.835.443|496.028,50|
|19/12/2018|R|0,29|0,33|0,33|0,28|19|1.410.000|407.300,00|
|20/12/2018|R|0,33|0,29|0,33|0,28|14|607.067|177.625,43|
|21/12/2018|R|0,29|0,29|0,29|0,28|15|645.000|186.600,00|
|26/12/2018|R|0,29|0,34|0,34|0,29|14|482.633|145.503,58|
|27/12/2018|R|0,34|0,38|0,40|0,34|21|838.698|297.804,38|
|28/12/2018|R|0,38|0,41|0,44|0,34|20|422.729|176.707,66|
|03/01/2019|R|0,41|0,45|0,48|0,41|18|1.030.788|429.748,07|
|04/01/2019|R|0,45|0,63|0,63|0,50|15|139.858|78.996,02|
|07/01/2019|R|0,63|0,72|0,74|0,68|14|956.028|664.364,64|
|08/01/2019|R|0,72|1,03|1,05|0,80|44|2.221.880|2.172.010,81|
|09/01/2019|R|1,03|0,89|1,05|0,89|26|170.263|165.308,74|
|10/01/2019|R|0,89|0,91|1,03|0,90|23|1.408.969|1.302.911,18|
|11/01/2019|R|0,91|1,35|1,35|1,03|34|1.212.287|1.418.938,38|
|14/01/2019|R|1,35|2,20|2,35|1,40|37|1.000.221|2.071.882,34|
|15/01/2019|R|2,20|2,60|3,00|2,50|38|510.900|1.381.101,49|
|16/01/2019|R|2,60|2,20|2,60|2,10|25|542.831|1.170.927,70|
|17/01/2019|R|2,20|2,00|2,20|2,00|21|99.294|211.193,10|
|18/01/2019|R|2,00|1,90|2,00|1,65|13|150.508|268.352,50|
|21/01/2019|R|1,90|1,70|2,20|1,70|17|299.607|578.699,40|
|22/01/2019|R|1,70|1,79|1,80|1,65|15|125.159|213.414,70|
|24/01/2019|R|1,79|1,80|1,80|1,70|7|313.037|533.411,40|
|25/01/2019|R|1,80|1,70|2,00|1,70|22|621.979|1.067.388,55|
|28/01/2019|R|1,70|1,90|2,10|1,70|19|536.313|944.752,25|
|29/01/2019|R|1,90|2,00|2,50|2,00|21|227.243|468.690,02|
|30/01/2019|R|2,00|2,00|2,20|1,98|10|121.342|245.683,16|
|31/01/2019|R|2,00|1,70|2,00|1,70|22|1.064.092|1.812.414,23|
|01/02/2019|R|1,70|1,36|1,62|1,36|36|1.696.224|2.520.854,33|
|04/02/2019|R|1,36|1,60|1,60|1,36|24|510.955|730.517,00|
|05/02/2019|R|1,60|1,80|1,80|1,70|16|395.417|697.843,76|
|06/02/2019|R|1,80|1,95|1,98|1,80|7|410.000|743.910,00|
|07/02/2019|R|1,95|2,19|2,19|2,00|9|84.250|184.230,13|
|08/02/2019|R|2,19|1,80|2,20|1,80|10|59.146|113.756,40|
|11/02/2019|R|1,80|1,59|2,15|1,59|11|40.678|72.696,90|
|12/02/2019|R|1,59|1,70|1,75|1,38|6|14.419|24.458,77|
|13/02/2019|R|1,70|1,80|1,85|1,76|10|219.988|394.065,28|
|14/02/2019|R|1,80|1,70|1,80|1,70|11|99.362|170.778,60|
|15/02/2019|R|1,70|1,80|1,85|1,80|11|103.829|187.038,56|
|18/02/2019|R|1,80|2,07|2,14|1,86|15|110.404|211.594,72|
|19/02/2019|R|2,07|2,00|2,20|1,80|23|344.544|676.148,00|
|20/02/2019|R|2,00|2,02|2,35|2,00|26|1.833.484|3.681.677,06|
|21/02/2019|R|2,02|2,10|2,30|2,00|33|2.947.363|6.418.959,39|
|22/02/2019|R|2,10|3,20|3,54|2,33|46|2.799.934|8.205.545,80|
|25/02/2019|R|3,20|3,84|4,60|3,10|36|1.219.193|4.797.500,10|
|26/02/2019|R|3,84|4,30|4,30|3,95|27|1.005.600|4.246.400,00|
|27/02/2019|R|4,30|6,90|7,10|5,15|41|1.117.259|7.147.584,20|
|06/03/2019|R|6,90|6,50|7,25|6,50|39|1.322.453|9.407.330,92|
|07/03/2019|R|6,50|5,30|6,60|5,30|48|3.198.405|17.713.666,50|
|14/03/2019|R|5,30|4,24|5,30|4,24|29|775.718|3.464.466,45|
|15/03/2019|R|4,24|5,00|5,00|4,00|20|204.900|838.186,48|
|18/03/2019|R|5,00|4,99|5,00|4,05|16|111.328|555.907,50|
|20/03/2019|R|4,99|4,20|4,99|4,00|31|939.389|3.897.067,50|
|21/03/2019|R|4,20|4,20|4,99|4,00|27|1.242.484|4.995.720,00|
|22/03/2019|R|4,20|4,30|4,99|4,00|17|1.282.565|5.389.441,50|
|25/03/2019|R|4,30|4,10|5,00|4,09|23|822.810|3.609.493,80|
|29/03/2019|R|4,10|4,97|4,99|4,10|16|208.229|1.016.844,90|
|01/04/2019|R|4,97|4,97|5,72|4,01|13|60.165|248.571,00|
|02/04/2019|R|4,97|5,25|5,30|5,20|13|226.808|1.200.843,09|
|03/04/2019|R|5,25|5,00|5,25|5,00|15|146.356|736.174,20|
|04/04/2019|R|5,00|4,60|4,70|4,40|14|123.796|568.064,44|
|05/04/2019|R|4,60|4,59|4,59|4,59|9|36.604|168.012,36|
|08/04/2019|R|4,59|4,30|4,37|4,00|15|402.738|1.727.586,96|
|09/04/2019|R|4,30|3,90|4,40|3,90|18|195.413|802.425,90|
|10/04/2019|R|3,90|3,90|4,05|3,90|13|63.784|250.774,70|
|11/04/2019|R|3,90|3,70|3,90|3,70|22|522.315|1.944.707,60|
|12/04/2019|R|3,70|4,90|5,00|4,43|18|839.744|4.193.610,12|
|22/04/2019|R|4,90|5,20|5,90|5,03|18|794.000|4.097.670,75|
|23/04/2019|R|5,20|6,24|6,24|6,00|30|592.552|3.695.893,92|
|24/04/2019|R|6,24|5,70|7,00|5,70|24|265.703|1.740.125,13|
|25/04/2019|R|5,70|5,20|6,00|5,01|26|1.370.828|6.972.319,60|
|26/04/2019|R|5,20|5,15|6,00|5,00|45|1.740.000|8.796.120,39|
|29/04/2019|R|5,15|5,20|5,99|5,15|31|931.805|4.846.924,03|
|02/05/2019|R|5,20|5,15|5,95|5,10|13|779.098|4.011.617,75|
|03/05/2019|R|5,15|5,35|5,99|5,20|18|335.349|1.844.889,11|
|08/05/2019|R|5,50|5,00|5,10|5,00|7|78.520|392.714,30|
|09/05/2019|R|5,00|4,89|5,00|4,89|25|1.380.347|6.751.963,18|
|10/05/2019|R|4,89|5,00|5,05|4,89|25|2.690.408|13.267.706,81|
|13/05/2019|R|5,00|5,10|5,20|5,00|18|1.311.295|6.659.015,72|
|14/05/2019|R|5,10|5,00|5,10|5,00|19|867.614|4.338.440,55|
|15/05/2019|R|5,00|4,74|4,99|4,50|15|2.342.476|11.130.662,00|
|16/05/2019|R|4,74|4,90|5,20|4,70|16|422.929|2.053.719,68|
|17/05/2019|R|4,90|4,99|5,20|4,80|11|323.770|1.659.024,65|
|27/05/2019|R|4,50|4,80|4,80|4,50|18|819.760|3.863.618,00|
|28/05/2019|R|4,78|4,62|4,75|4,60|10|1.067.152|4.984.799,20|
|29/05/2019|R|4,62|4,85|5,49|4,70|19|1.102.624|5.187.251,40|
|30/05/2019|R|4,85|4,70|4,90|4,00|17|331.449|1.558.016,90|
|31/05/2019|R|4,70|5,00|5,52|4,70|15|333.217|1.656.377,90|
|04/06/2019|R|5,00|4,90|5,01|4,90|5|103.296|506.415,77|
|05/06/2019|R|4,90|4,90|4,90|4,65|23|641.153|3.116.125,94|
|06/06/2019|R|4,90|4,15|4,90|4,15|12|1.052.328|4.601.171,60|
|07/06/2019|R|4,15|4,60|4,90|4,60|10|28.286|131.964,20|
|10/06/2019|R|4,60|4,74|4,90|4,70|9|87.148|415.275,49|
|11/06/2019|R|4,74|4,55|4,89|4,01|12|403.524|1.624.057,44|
|12/06/2019|R|4,55|4,55|4,70|4,06|16|2.326.719|10.052.404,49|
|13/06/2019|R|4,55|4,90|5,00|4,55|8|121.455|595.815,50|
|14/06/2019|R|4,90|4,90|4,90|4,50|12|1.068.821|4.836.222,90|
|18/06/2019|R|4,90|4,90|4,90|4,50|12|1.136.282|5.285.245,60|
|19/06/2019|R|4,90|4,90|5,85|4,90|8|168.185|781.387,85|
|20/06/2019|R|4,90|4,51|5,10|4,50|10|3.091.568|13.954.222,75|
|21/06/2019|R|4,51|4,90|5,00|4,90|11|85.824|425.682,80|
|25/06/2019|R|4,90|4,90|4,90|4,90|11|772.174|3.786.445,50|
|26/06/2019|R|4,90|5,18|5,30|5,00|11|2.889.906|14.560.503,10|
|27/06/2019|R|5,18|5,00|5,24|4,99|17|574.623|2.878.205,55|
|28/06/2019|R|5,00|5,80|5,80|5,30|22|1.099.479|5.933.964,80|
|01/07/2019|R|5,80|6,00|6,00|5,80|7|243.964|1.443.584,00|
|02/07/2019|R|6,00|6,00|6,94|5,80|10|104.125|615.899,90|
|03/07/2019|R|6,00|5,80|6,00|5,80|14|187.300|1.120.772,27|
|04/07/2019|R|5,80|5,35|6,00|5,20|11|1.164.053|6.249.287,35|
|08/07/2019|R|5,35|5,90|5,90|5,80|19|3.054.158|17.264.217,50|
|09/07/2019|R|5,90|6,15|6,20|6,00|9|201.841|1.213.197,15|
|10/07/2019|R|6,15|6,05|6,49|6,05|15|131.669|835.666,84|
|11/07/2019|R|6,05|6,50|6,50|6,30|11|789.600|5.060.900,00|
|12/07/2019|R|6,50|6,74|6,75|6,50|11|408.508|2.672.928,24|
|15/07/2019|R|6,74|6,80|6,90|6,74|12|614.966|4.179.607,68|
|16/07/2019|R|6,80|7,30|7,30|7,00|10|231.769|1.623.827,80|
|17/07/2019|R|7,30|7,80|8,00|7,30|13|760.124|5.577.732,20|
|18/07/2019|R|7,80|7,50|7,95|6,74|16|350.173|2.711.523,68|
|19/07/2019|R|7,50|7,25|7,80|7,25|13|339.723|2.503.701,10|
|22/07/2019|R|7,25|7,40|8,00|7,20|18|10.528.626|76.959.907,50|
|25/07/2019|R|7,40|7,90|7,95|7,80|12|596.193|4.709.847,65|
|26/07/2019|R|7,90|7,80|7,90|7,50|14|174.780|1.362.556,00|
|29/07/2019|R|7,80|7,50|7,80|7,50|16|107.082|833.234,70|
|30/07/2019|R|7,50|7,85|7,95|7,69|6|53.411|419.336,44|
|31/07/2019|R|7,85|7,85|7,85|7,79|22|1.616.836|12.662.438,46|
|01/08/2019|R|7,85|8,65|8,65|8,00|6|520.000|4.485.000,00|
|02/08/2019|R|8,65|9,00|9,00|8,65|13|553.023|4.854.400,10|
|05/08/2019|R|9,00|10,40|10,40|9,20|11|215.110|2.189.144,00|
|06/08/2019|R|10,40|11,50|12,00|10,40|10|118.206|1.349.944,00|
|07/08/2019|R|11,50|13,00|13,75|12,00|18|198.387|2.562.058,75|
|08/08/2019|R|13,00|13,00|14,50|13,00|16|180.416|2.454.083,50|
|09/08/2019|R|13,00|12,99|13,00|12,00|15|131.490|1.658.058,11|
|12/08/2019|R|12,99|13,00|13,00|12,00|7|601.256|7.317.103,00|
|13/08/2019|R|13,00|12,50|13,50|12,49|13|156.490|2.012.437,29|
|14/08/2019|R|12,50|12,00|13,50|12,00|12|69.463|841.855,60|
|15/08/2019|R|12,00|13,00|13,50|12,99|11|51.161|665.493,00|
|16/08/2019|R|13,00|12,80|14,00|12,80|13|220.905|2.855.742,80|
|20/08/2019|R|12,80|12,50|14,00|12,50|19|1.105.219|13.995.880,22|
|21/08/2019|R|12,50|12,00|14,00|12,00|6|253.349|3.049.377,54|
|22/08/2019|R|12,00|12,00|14,39|12,00|18|1.233.666|14.885.350,12|
|23/08/2019|R|12,00|13,00|13,00|11,80|9|42.521|522.065,25|
|26/08/2019|R|13,00|11,50|13,00|11,50|10|174.770|2.194.618,00|
|27/08/2019|R|11,50|11,70|12,00|11,25|22|3.996.707|45.716.408,40|
|28/08/2019|R|11,70|11,30|12,01|11,30|12|1.202.580|13.730.966,46|
|29/08/2019|R|11,30|12,01|13,00|11,50|10|273.251|3.228.967,69|
|30/08/2019|R|12,01|13,50|13,50|13,50|7|100.000|1.350.000,00|
|02/09/2019|R|13,50|13,00|14,00|13,00|20|535.818|7.162.560,50|
|03/09/2019|R|13,00|13,80|14,50|13,56|24|305.834|4.233.659,90|
|04/09/2019|R|13,80|13,25|14,00|13,25|12|434.323|6.007.094,00|
|05/09/2019|R|13,25|13,25|14,00|13,25|17|246.098|3.312.823,52|
|06/09/2019|R|13,25|13,20|14,00|13,20|15|189.686|2.610.297,75|
|09/09/2019|R|13,20|14,00|14,00|14,00|5|49.458|692.412,00|
|10/09/2019|R|14,00|12,50|14,00|12,50|15|171.564|2.238.604,40|
|11/09/2019|R|12,50|10,01|12,60|10,01|18|294.865|3.183.485,50|
|12/09/2019|R|10,01|10,50|11,00|10,00|8|292.177|3.036.370,00|
|25/09/2019|R|9,00|7,20|9,00|7,20|26|1.551.100|11.291.343,21|
|26/09/2019|R|7,20|8,50|8,63|7,20|7|316.969|2.463.016,29|
|27/09/2019|R|8,50|8,10|8,50|7,20|10|258.120|2.146.858,80|
|30/09/2019|R|8,10|7,50|8,10|7,50|15|205.451|1.600.595,60|
|01/10/2019|R|7,50|7,70|8,00|7,50|9|788.975|6.028.137,50|
|02/10/2019|R|7,70|7,99|8,00|7,00|9|285.540|2.012.177,63|
|03/10/2019|R|7,99|7,20|8,00|7,00|23|1.279.397|8.970.390,90|
|04/10/2019|R|7,20|7,01|8,48|7,01|16|762.109|5.389.663,50|
|07/10/2019|R|7,01|7,01|7,99|7,90|5|34.588|276.480,20|
|08/10/2019|R|7,01|7,50|7,50|7,00|22|997.523|7.000.567,35|
|09/10/2019|R|7,50|7,00|7,50|7,00|18|1.285.162|9.038.387,57|
|10/10/2019|R|7,00|7,00|7,49|7,00|13|106.750|747.897,78|
|11/10/2019|R|7,00|6,50|7,00|6,00|25|1.055.692|6.557.386,45|
|14/10/2019|R|6,50|6,50|6,50|6,50|6|75.138|488.397,00|
|15/10/2019|R|6,50|6,00|7,00|5,80|7|90.529|559.691,60|
|16/10/2019|R|6,00|6,50|6,50|6,00|29|1.438.397|9.227.538,57|
|17/10/2019|R|6,50|6,26|6,26|6,26|3|31.179|195.180,54|
|18/10/2019|R|6,26|6,26|6,70|6,00|22|1.349.906|8.582.712,01|
|21/10/2019|R|6,26|6,26|6,50|5,50|4|3.391|21.345,00|
|22/10/2019|R|6,26|6,00|6,00|6,00|2|20.900|125.400,00|
|23/10/2019|R|6,00|6,20|6,50|6,00|4|172.258|1.054.172,00|
|24/10/2019|R|6,20|6,50|6,50|6,50|3|18.238|118.547,00|
|25/10/2019|R|6,50|6,70|6,70|6,50|8|164.562|1.080.653,00|
|28/10/2019|R|6,70|6,00|6,70|6,00|4|218.600|1.317.690,00|
|29/10/2019|R|6,00|6,50|6,50|6,00|4|105.007|632.542,00|
|30/10/2019|R|6,50|6,69|6,69|6,69|5|110.610|739.980,90|
|31/10/2019|R|6,69|6,01|6,70|6,01|9|607.000|3.652.900,00|
|01/11/2019|R|6,01|6,40|6,50|6,40|3|12.273|78.572,20|
|05/11/2019|R|6,40|6,20|6,20|6,20|3|8.015|49.693,00|
|06/11/2019|R|6,20|6,20|6,70|6,20|4|36.094|230.109,80|
|07/11/2019|R|6,20|6,70|6,70|6,10|3|18.984|126.622,80|
|08/11/2019|R|6,70|6,70|6,70|6,70|5|329.000|2.204.300,00|
|11/11/2019|R|6,70|7,20|7,20|6,80|15|635.887|4.449.669,53|
|12/11/2019|R|7,20|7,25|7,30|7,20|6|657.002|4.745.417,40|
|13/11/2019|R|7,25|7,39|7,40|7,30|9|435.546|3.182.241,44|
|14/11/2019|R|7,39|7,60|7,80|7,39|17|2.292.855|17.111.569,50|
|15/11/2019|R|7,60|7,50|7,50|7,50|2|10.000|75.000,00|
|18/11/2019|R|7,50|8,49|8,49|7,78|8|913.000|7.250.590,00|
|19/11/2019|R|8,49|8,78|8,80|8,40|9|539.159|4.617.550,00|
|20/11/2019|R|8,78|9,48|9,50|8,80|7|761.804|6.796.426,40|
|21/11/2019|R|9,48|11,36|11,36|9,50|7|420.049|3.999.884,87|
|22/11/2019|R|11,36|11,90|11,90|11,75|10|88.960|1.051.049,00|
|25/11/2019|R|11,90|11,89|11,90|11,89|3|16.050|190.945,00|
|26/11/2019|R|11,89|11,99|11,99|11,85|4|10.156|121.608,60|
|27/11/2019|R|11,99|11,89|11,95|11,89|7|50.200|597.615,00|
|28/11/2019|R|11,89|11,75|11,89|11,75|6|717.255|8.503.361,95|
|29/11/2019|R|11,75|11,99|12,01|11,99|15|691.495|8.297.315,00|
|02/12/2019|R|11,99|12,00|12,10|11,99|24|4.825.967|57.870.300,81|
|03/12/2019|R|12,00|12,00|12,10|11,99|26|1.572.161|18.872.122,53|
|04/12/2019|R|12,00|11,99|12,25|11,99|9|840.199|10.077.396,72|
|05/12/2019|R|11,99|12,00|12,50|11,99|10|367.538|4.408.327,35|
|06/12/2019|R|12,00|12,00|12,00|11,99|15|1.101.756|13.214.562,67|
|09/12/2019|R|12,00|12,00|12,99|10,25|12|663.701|7.920.649,45|
|10/12/2019|R|12,00|12,00|12,00|11,99|8|137.434|1.649.207,56|
|12/12/2019|R|12,00|12,00|12,00|11,99|7|249.503|2.994.027,32|
|13/12/2019|R|12,00|11,99|11,99|11,99|5|12.660|151.343,40|
|16/12/2019|R|11,99|10,80|11,00|10,80|4|450.000|4.862.270,40|
|17/12/2019|R|10,80|11,99|12,00|11,99|3|6.597|79.138,03|
|18/12/2019|R|11,99|12,00|12,00|11,99|7|41.830|501.560,00|
|19/12/2019|R|12,00|12,48|12,48|12,48|3|17.000|212.160,00|
|20/12/2019|R|12,48|12,48|12,40|12,40|2|1.900|23.560,00|
|23/12/2019|R|12,48|12,00|12,30|12,00|12|350.408|4.235.017,20|
|26/12/2019|R|12,00|12,50|12,50|12,30|4|407.060|4.891.450,00|
|27/12/2019|R|12,50|12,00|12,50|12,00|11|660.594|7.936.124,26|
|30/12/2019|R|12,00|12,50|12,50|12,50|7|139.847|1.748.087,50|
|02/01/2020|R|12,50|12,50|12,50|12,50|2|246.499|3.081.237,50|
|03/01/2020|R|12,50|13,45|13,49|12,99|16|581.922|7.612.008,90|
|07/01/2020|R|13,45|16,13|16,13|16,13|10|174.000|2.806.620,00|
|08/01/2020|R|16,13|19,00|19,20|16,00|14|244.794|4.351.598,00|
|09/01/2020|R|19,00|18,95|20,00|18,00|8|857.250|15.856.537,50|
|10/01/2020|R|18,95|18,00|19,95|18,00|20|663.700|12.255.325,85|
|13/01/2020|R|18,00|19,99|19,99|19,25|5|176.940|3.529.364,60|
|14/01/2020|R|19,99|20,00|20,00|19,99|6|248.950|4.976.610,50|
|15/01/2020|R|20,00|19,50|19,99|19,00|7|40.282|794.438,94|
|16/01/2020|R|19,50|19,00|20,00|19,00|11|238.050|4.623.333,15|
|17/01/2020|R|19,00|15,51|19,95|15,30|10|50.422|857.881,40|
|21/01/2020|R|15,51|16,00|16,00|15,30|11|1.962.744|31.402.154,00|
|22/01/2020|R|16,00|16,01|17,00|16,00|8|454.975|7.297.749,50|
|23/01/2020|R|16,01|17,00|17,00|17,00|6|10.293|174.981,00|
|24/01/2020|R|17,00|17,00|17,00|16,10|7|317.425|5.138.725,00|
|27/01/2020|R|17,00|17,00|17,00|17,00|5|29.518|501.806,00|
|28/01/2020|R|17,00|16,90|18,00|16,90|8|57.968|986.997,00|
|29/01/2020|R|16,90|17,00|17,00|16,50|11|71.066|1.202.869,00|
|30/01/2020|R|17,00|18,70|18,70|17,50|5|299.152|5.249.764,00|
|31/01/2020|R|18,70|19,98|19,99|19,98|7|16.316|326.018,84|
|03/02/2020|R|19,98|18,01|19,95|18,00|15|541.406|9.796.223,20|
|04/02/2020|R|18,01|17,50|19,98|17,00|7|70.105|1.229.760,32|
|05/02/2020|R|17,50|18,47|18,50|18,05|16|508.731|9.391.140,60|
|06/02/2020|R|18,47|19,49|19,50|19,49|5|23.450|457.263,80|
|07/02/2020|R|19,49|19,49|19,98|18,00|14|546.336|10.693.803,28|
|10/02/2020|R|19,49|19,49|19,98|19,49|9|264.594|5.164.122,31|
|11/02/2020|R|19,49|19,48|19,99|19,48|10|518.249|10.098.065,09|
|12/02/2020|R|19,48|20,00|20,00|19,00|9|1.265.500|25.077.950,00|
|17/02/2020|R|20,00|22,99|23,00|22,50|6|253.030|5.694.660,00|
|18/02/2020|R|22,99|22,75|23,00|22,75|3|1.680|38.374,75|
|19/02/2020|R|22,75|20,00|23,00|20,00|10|4.380.318|98.415.915,00|
|26/02/2020|R|21,00|23,99|23,99|21,00|8|333.143|7.931.300,57|
|27/02/2020|R|23,99|21,00|23,00|21,00|8|20.019|430.637,00|
|28/02/2020|R|21,00|20,50|22,00|20,50|13|588.094|12.256.521,00|
|02/03/2020|R|20,50|20,00|20,50|20,00|9|178.032|3.619.856,00|
|03/03/2020|R|20,00|20,00|20,00|20,00|17|1.716.000|34.320.000,00|
|04/03/2020|R|20,00|22,99|23,00|22,99|4|4.518|103.878,82|
|05/03/2020|R|22,99|23,00|23,00|23,00|4|21.105|485.415,00|
|06/03/2020|R|23,00|23,96|23,98|23,96|8|39.315|942.457,76|
|09/03/2020|R|23,96|23,90|23,94|23,90|7|49.189|1.177.228,62|
|10/03/2020|R|23,90|22,99|23,88|22,99|5|11.199|262.555,20|
|11/03/2020|R|22,99|23,00|23,94|22,99|3|4.020|93.399,80|
|12/03/2020|R|23,00|23,98|23,98|23,01|8|47.833|1.137.011,36|
|13/03/2020|R|23,98|23,96|23,98|23,95|7|63.498|1.522.654,90|
|16/03/2020|R|23,96|23,98|23,98|23,98|1|8.000|191.840,00|
|17/03/2020|R|23,98|23,96|23,96|23,95|5|12.900|309.005,00|
|18/03/2020|R|23,96|23,00|23,94|23,00|8|314.000|7.507.790,00|
|20/03/2020|R|23,00|23,90|23,94|23,90|3|65.986|1.577.265,40|
|23/03/2020|R|23,90|23,80|23,96|23,80|4|3.524|84.081,20|
|24/03/2020|R|23,80|23,00|23,00|23,00|5|204.002|4.692.046,00|
|25/03/2020|R|23,00|22,00|22,00|22,00|3|265.117|5.832.574,00|
|26/03/2020|R|22,00|21,00|21,49|21,00|9|359.455|7.565.952,45|
|27/03/2020|R|21,00|23,90|23,90|21,00|4|312.066|6.565.428,40|
|30/03/2020|R|23,90|23,90|23,98|23,90|7|141.000|3.369.980,00|
|31/03/2020|R|23,90|23,90|23,91|23,91|2|684|16.354,44|
|01/04/2020|R|23,90|23,90|23,90|23,00|7|54.611|1.302.217,60|
|02/04/2020|R|23,90|23,90|23,90|23,90|3|97.021|2.318.801,90|
|03/04/2020|R|23,90|24,50|24,50|23,00|13|1.016.263|24.381.172,18|
|06/04/2020|R|24,50|24,50|24,50|24,50|8|39.020|955.990,00|
|07/04/2020|R|24,50|22,27|24,50|22,27|14|858.884|20.247.169,52|
|08/04/2020|R|22,27|25,00|25,00|24,00|7|535.703|13.292.575,00|
|13/04/2020|R|25,00|30,00|30,00|25,00|5|100.373|2.539.705,00|
|14/04/2020|R|30,00|36,00|36,00|28,00|23|930.583|29.730.964,00|
|15/04/2020|R|36,00|36,00|36,00|35,95|17|311.675|11.219.748,80|
|16/04/2020|R|36,00|36,00|40,00|36,00|11|423.778|15.374.869,20|
|17/04/2020|R|36,00|33,00|39,99|33,00|17|1.166.368|38.663.487,00|
|20/04/2020|R|33,00|33,00|36,00|33,00|19|150.052|5.174.093,36|
|21/04/2020|R|33,00|34,00|37,94|33,99|18|457.056|15.790.420,44|
|22/04/2020|R|34,00|38,00|38,00|36,00|13|485.105|18.153.699,53|
|23/04/2020|R|38,00|37,00|38,00|37,00|17|557.072|21.035.586,00|
|24/04/2020|R|37,00|37,99|38,00|34,00|11|88.947|3.357.249,65|
|27/04/2020|R|37,99|38,00|38,00|38,00|7|93.133|3.539.054,00|
|28/04/2020|R|38,00|37,50|38,00|36,90|8|26.490|1.001.281,00|
|29/04/2020|R|37,50|37,50|38,00|37,50|11|56.611|2.143.878,00|
|30/04/2020|R|37,50|40,00|40,00|37,00|10|56.392|2.149.232,00|
|04/05/2020|R|40,00|47,90|48,00|38,00|11|611.450|24.460.744,50|
|05/05/2020|R|47,90|45,00|48,00|45,00|17|232.025|11.038.855,78|
|06/05/2020|R|45,00|48,00|48,00|47,00|12|28.743|1.375.820,95|
|07/05/2020|R|48,00|47,99|48,00|47,99|12|64.382|3.090.160,76|
|08/05/2020|R|47,99|48,00|48,00|47,99|16|478.024|22.944.631,64|
|11/05/2020|R|48,00|47,10|56,00|47,10|15|79.417|4.263.197,00|
|12/05/2020|R|47,10|55,95|56,00|47,10|8|104.602|5.496.643,14|
|13/05/2020|R|55,95|50,00|56,00|48,00|13|84.119|4.669.767,89|
|14/05/2020|R|50,00|53,00|53,00|47,01|7|50.659|2.415.327,00|
|15/05/2020|R|53,00|54,00|55,99|53,00|15|78.190|4.300.680,18|
|18/05/2020|R|54,00|55,00|55,00|55,00|10|982.650|51.122.952,00|
|19/05/2020|R|55,00|55,00|55,89|50,01|8|1.860.080|93.126.534,70|
|20/05/2020|R|55,00|50,00|55,00|50,00|15|88.963|4.602.587,00|
|22/05/2020|R|50,00|55,00|55,89|54,98|12|9.567|526.152,80|
|26/05/2020|R|55,00|55,00|56,00|54,00|19|112.230|6.224.927,00|
|27/05/2020|R|55,00|60,00|60,00|55,00|13|1.012.649|58.153.483,00|
|28/05/2020|R|60,00|59,00|59,99|58,00|10|44.126|2.574.818,50|
|29/05/2020|R|59,00|60,00|60,00|59,00|9|278.528|16.681.540,00|
|01/06/2020|R|60,00|64,00|64,00|63,99|8|290.149|18.569.461,50|
|02/06/2020|R|64,00|72,00|72,00|57,00|16|1.783.374|108.569.478,00|
|03/06/2020|R|72,00|72,00|72,00|71,98|13|640.029|46.081.737,71|
|04/06/2020|R|72,00|79,99|80,00|79,99|13|46.396|3.711.320,49|
|05/06/2020|R|79,99|79,99|80,00|78,00|16|137.718|10.899.657,56|
|08/06/2020|R|79,99|79,98|80,00|76,00|11|30.396|2.404.437,60|
|09/06/2020|R|79,98|79,99|79,99|76,00|13|1.437.205|111.830.830,98|
|10/06/2020|R|79,99|79,98|79,99|79,00|11|71.101|5.686.580,00|
|11/06/2020|R|79,98|81,00|81,00|79,90|13|1.709.803|136.801.060,92|
|12/06/2020|R|81,00|80,00|81,00|80,00|14|156.404|12.555.282,00|
|16/06/2020|R|80,00|80,00|82,00|79,99|18|281.301|22.662.399,75|
|17/06/2020|R|80,00|78,00|80,00|78,00|10|13.375|1.050.000,00|
|18/06/2020|R|78,00|75,00|86,75|75,00|11|16.416|1.278.678,75|
|19/06/2020|R|75,00|78,00|80,00|78,00|14|47.667|3.752.906,00|
|22/06/2020|R|78,00|81,00|81,00|80,00|8|37.643|3.046.554,57|
|23/06/2020|R|81,00|80,00|81,00|80,00|12|122.105|9.837.335,00|
|25/06/2020|R|80,00|79,00|80,99|75,00|13|175.202|13.897.082,41|
|26/06/2020|R|79,00|79,00|80,00|79,00|9|99.359|7.943.640,51|
|30/06/2020|R|79,00|86,00|87,00|80,00|4|143.758|12.431.001,00|
|01/07/2020|R|86,00|84,95|86,00|83,00|12|239.980|20.521.477,00|
|02/07/2020|R|84,95|85,00|87,00|84,00|9|14.079|1.187.551,00|
|03/07/2020|R|85,00|82,00|83,99|82,00|7|139.648|11.656.415,55|
|06/07/2020|R|82,00|81,99|82,00|81,00|11|12.568|1.029.466,04|
|07/07/2020|R|81,99|81,00|82,00|81,00|6|142.610|11.551.615,00|
|08/07/2020|R|81,00|76,00|80,00|76,00|9|79.162|6.212.888,00|
|09/07/2020|R|76,00|76,00|76,00|76,00|4|30.000|2.280.000,00|
|10/07/2020|R|76,00|76,00|76,00|76,00|7|103.789|7.887.964,00|
|13/07/2020|R|76,00|75,00|76,00|75,00|6|39.740|3.000.240,00|
|14/07/2020|R|75,00|75,00|76,00|75,00|8|204.029|15.302.620,00|
|15/07/2020|R|75,00|76,00|76,00|76,00|3|46.034|3.498.584,00|
|16/07/2020|R|76,00|80,00|80,00|75,00|10|43.393|3.319.785,00|
|17/07/2020|R|80,00|65,09|78,00|65,09|6|18.708|1.433.404,00|
|22/07/2020|R|65,09|78,00|78,00|76,01|10|812.800|62.298.900,00|
|23/07/2020|R|78,00|82,00|83,20|82,00|5|108.415|9.011.830,00|
|27/07/2020|R|82,00|82,00|83,20|82,00|5|18.057|1.483.734,00|
|28/07/2020|R|82,00|82,50|83,20|82,50|10|93.616|7.766.185,00|
|29/07/2020|R|82,50|82,50|83,20|82,50|12|272.562|22.551.568,50|
|30/07/2020|R|82,50|83,00|83,20|82,50|7|7.260|600.654,50|
|31/07/2020|R|83,00|89,00|89,00|88,50|3|2.300|204.600,00|
|03/08/2020|R|89,00|88,00|90,00|87,00|13|171.559|15.219.917,00|
|04/08/2020|R|88,00|87,00|88,00|87,00|5|140.200|12.207.400,00|
|05/08/2020|R|87,00|88,00|88,00|88,00|4|210.000|18.480.000,00|
|06/08/2020|R|88,00|89,00|89,00|88,90|10|133.923|11.897.875,00|
|07/08/2020|R|89,00|88,25|88,50|88,00|12|114.026|10.043.220,50|
|10/08/2020|R|88,25|88,10|88,50|88,10|8|92.840|8.190.095,20|
|11/08/2020|R|88,10|87,00|88,10|85,00|11|124.720|10.877.140,00|
|12/08/2020|R|87,00|88,00|88,00|80,00|7|30.739|2.683.984,00|
|13/08/2020|R|88,00|88,10|88,10|87,30|5|407.701|35.623.373,30|
|14/08/2020|R|88,10|88,00|88,10|88,00|3|7.253|638.364,00|
|17/08/2020|R|88,00|95,00|95,00|88,00|7|162.705|14.669.310,50|
|18/08/2020|R|95,00|100,00|100,00|97,00|8|41.037|4.086.878,00|
|19/08/2020|R|100,00|100,00|100,00|98,00|9|197.805|19.397.812,00|
|20/08/2020|R|100,00|100,00|100,00|100,00|4|29.307|2.930.700,00|
|21/08/2020|R|100,00|104,00|105,00|104,00|7|12.957|1.359.285,00|
|24/08/2020|R|104,00|107,00|107,00|105,00|5|73.737|7.813.373,00|
|25/08/2020|R|107,00|106,00|108,00|106,00|11|107.450|11.437.480,00|
|26/08/2020|R|106,00|110,00|115,00|107,00|11|235.016|25.857.817,00|
|27/08/2020|R|110,00|100,00|110,00|100,00|7|53.976|5.555.030,00|
|28/08/2020|R|100,00|119,00|120,00|119,00|9|110.937|13.306.168,00|
|31/08/2020|R|119,00|103,00|119,00|103,00|3|136.000|14.504.000,00|
|01/09/2020|R|103,00|103,00|103,00|103,00|2|69.556|7.164.268,00|
|02/09/2020|R|103,00|110,00|116,99|110,00|9|8.059|890.271,59|
|03/09/2020|R|110,00|110,00|110,00|110,00|6|159.315|17.524.725,00|
|04/09/2020|R|110,00|110,00|110,00|104,00|8|44.390|4.882.864,00|
|07/09/2020|R|110,00|110,00|110,00|110,00|2|137.500|15.125.000,00|
|08/09/2020|R|110,00|115,00|115,00|111,00|6|99.915|11.489.825,11|
|09/09/2020|R|115,00|115,00|115,00|115,00|6|102.553|11.793.595,00|
|10/09/2020|R|115,00|115,00|115,00|110,00|4|288.567|31.764.820,00|
|11/09/2020|R|115,00|115,00|115,00|115,00|5|19.337|2.223.755,00|
|15/09/2020|R|115,00|112,00|113,00|112,00|6|276.374|31.203.902,00|
|16/09/2020|R|112,00|112,00|112,00|110,00|7|45.262|5.048.304,00|
|17/09/2020|R|112,00|112,00|112,00|112,00|3|4.738|530.656,00|
|18/09/2020|R|112,00|95,00|110,00|95,00|7|1.295.009|126.531.981,00|
|21/09/2020|R|95,00|113,99|113,99|113,99|4|2.029|231.270,86|
|22/09/2020|R|113,99|116,00|120,00|114,00|12|533.853|61.672.734,10|
|23/09/2020|R|116,00|116,00|116,00|116,00|3|1.063|123.308,00|
|24/09/2020|R|116,00|117,99|117,99|117,46|6|49.403|5.818.446,38|
|25/09/2020|R|117,99|114,99|119,99|114,99|7|146.520|16.861.265,92|
|28/09/2020|R|114,99|104,95|115,00|104,95|7|16.470|1.796.471,61|
|29/09/2020|R|104,95|105,00|124,99|104,95|9|47.840|5.031.409,30|
|30/09/2020|R|105,00|121,00|124,99|115,00|10|1.128.113|134.281.925,70|
|01/10/2020|R|121,00|121,00|121,00|121,00|8|124.951|15.119.071,00|
|02/10/2020|R|121,00|120,00|125,00|120,00|9|600.510|72.910.430,30|
|05/10/2020|R|120,00|120,00|124,99|120,00|2|60.117|7.214.623,83|
|06/10/2020|R|120,00|129,00|129,99|129,00|8|182.370|23.430.898,50|
|07/10/2020|R|129,00|125,00|129,99|125,00|8|64.136|8.132.004,53|
|08/10/2020|R|125,00|125,00|125,00|124,50|14|564.141|70.489.919,00|
|09/10/2020|R|125,00|125,00|125,00|125,00|9|250.000|31.250.000,00|
|13/10/2020|R|125,00|141,00|141,00|129,95|15|441.000|58.090.500,00|
|14/10/2020|R|141,00|150,00|169,19|140,00|19|2.198.924|329.760.044,00|
|15/10/2020|R|150,00|122,00|150,00|122,00|22|880.485|126.050.549,00|
|16/10/2020|R|122,00|120,00|144,99|120,00|12|147.163|17.970.431,38|
|19/10/2020|R|120,00|120,00|125,00|99,00|16|429.417|45.419.590,00|
|20/10/2020|R|120,00|98,00|101,00|98,00|19|2.163.322|212.564.700,00|
|21/10/2020|R|98,00|95,00|98,00|80,00|41|12.444.254|1.015.292.132,00|
|22/10/2020|R|95,00|90,00|95,00|81,61|14|170.783|14.455.852,00|
|23/10/2020|R|90,00|90,00|90,00|81,60|24|1.205.769|104.491.139,83|
|26/10/2020|R|90,00|90,00|90,00|90,00|11|564.723|50.825.070,00|
|27/10/2020|R|90,00|90,00|90,00|89,00|9|240.631|21.575.974,00|
|28/10/2020|R|90,00|99,00|100,00|89,00|19|861.929|79.708.761,27|
|29/10/2020|R|99,00|99,00|118,79|118,79|1|1.000|118.790,00|
|30/10/2020|R|99,00|114,99|115,00|99,00|22|444.538|49.718.292,51|
|02/11/2020|R|114,99|117,00|118,78|92,50|4|13.745|1.547.315,46|
|03/11/2020|R|117,00|117,00|117,00|117,00|7|50.217|5.875.389,00|
|04/11/2020|R|117,00|120,00|120,00|115,00|10|65.210|7.571.767,00|
|05/11/2020|R|120,00|115,00|120,00|115,00|10|52.526|6.284.613,00|
|06/11/2020|R|115,00|115,00|115,00|115,00|10|52.420|6.027.955,00|
|09/11/2020|R|115,00|114,00|115,00|113,00|9|34.494|3.943.871,60|
|10/11/2020|R|114,00|114,00|114,00|114,00|10|343.076|39.110.664,00|
|11/11/2020|R|114,00|116,00|120,00|114,00|10|54.355|6.250.944,00|
|12/11/2020|R|116,00|136,00|136,79|136,00|8|341.010|46.575.657,90|
|13/11/2020|R|136,00|138,00|150,00|135,00|21|118.184|16.053.333,00|
|16/11/2020|R|138,00|150,00|150,00|150,00|7|12.329|1.849.350,00|
|17/11/2020|R|150,00|140,00|150,00|140,00|7|114.556|16.041.310,00|
|18/11/2020|R|140,00|140,00|149,99|140,00|7|26.021|3.760.807,72|
|19/11/2020|R|140,00|148,00|149,98|140,00|10|223.370|31.317.458,66|
|20/11/2020|R|148,00|148,00|149,99|148,00|16|462.005|69.062.563,65|
|24/11/2020|R|148,00|170,00|170,00|160,00|9|35.304|5.778.910,00|
|25/11/2020|R|170,00|160,00|170,00|160,00|6|73.280|11.725.080,00|
|26/11/2020|R|160,00|174,00|179,95|160,00|10|67.176|11.232.373,45|
|27/11/2020|R|174,00|198,00|198,99|179,99|11|86.373|16.226.521,08|
|30/11/2020|R|198,00|195,00|198,00|195,00|23|1.017.136|199.785.268,00|
|01/12/2020|R|195,00|180,00|190,00|180,00|7|40.746|7.712.590,00|
|02/12/2020|R|180,00|150,00|170,00|150,00|12|209.495|31.714.150,00|
|03/12/2020|R|150,00|150,00|150,00|150,00|22|3.184.069|477.610.350,00|
|04/12/2020|R|150,00|150,00|150,00|140,00|15|1.001.524|150.204.850,00|
|07/12/2020|R|150,00|150,00|160,00|150,00|18|1.323.413|201.709.450,00|
|08/12/2020|R|150,00|140,00|150,00|140,00|9|116.061|16.567.940,00|
|09/12/2020|R|140,00|150,00|160,00|150,00|14|55.085|8.328.110,00|
|10/12/2020|R|150,00|150,00|160,00|150,00|14|4.630.590|694.718.150,00|
|11/12/2020|R|150,00|150,00|150,00|150,00|7|525.998|78.899.700,00|
|15/12/2020|R|150,00|150,00|150,00|150,00|7|156.199|23.429.850,00|
|16/12/2020|R|150,00|150,00|150,00|140,00|8|4.499|672.490,00|
|17/12/2020|R|150,00|140,00|150,00|140,00|8|70.137|9.832.090,00|
|18/12/2020|R|140,00|150,00|150,00|150,00|4|29.232|4.384.800,00|
|21/12/2020|R|150,00|140,00|150,00|140,00|12|228.401|34.229.950,00|
|22/12/2020|R|140,00|140,00|140,00|140,00|7|159.846|22.378.440,00|
|23/12/2020|R|140,00|140,00|140,00|140,00|12|56.735|7.942.900,00|
|28/12/2020|R|140,00|140,00|140,00|140,00|10|140.115|19.616.100,00|
|29/12/2020|R|140,00|140,00|140,00|140,00|2|25.389|3.554.460,00|
|30/12/2020|R|140,00|140,00|140,00|140,00|8|160.638|22.489.320,00|
|04/01/2021|R|140,00|130,00|140,00|130,00|7|35.429|4.660.070,00|
|05/01/2021|R|130,00|140,00|140,00|140,00|14|794.570|111.239.800,00|
|06/01/2021|R|140,00|140,00|140,00|140,00|8|258.265|36.157.100,00|
|07/01/2021|R|140,00|140,00|150,00|140,00|34|1.641.624|229.866.250,00|
|08/01/2021|R|140,00|140,00|150,00|140,00|12|397.194|56.020.320,00|
|12/01/2021|R|140,00|140,00|150,00|140,00|8|351.513|49.229.600,00|
|13/01/2021|R|140,00|150,00|150,00|150,00|4|8.979|1.346.850,00|
|14/01/2021|R|150,00|150,00|150,00|140,00|9|139.367|20.124.190,00|
|15/01/2021|R|150,00|150,00|150,00|140,00|4|2.514|373.100,00|
|19/01/2021|R|150,00|140,00|150,00|140,00|8|50.790|7.539.000,00|
|20/01/2021|R|140,00|140,00|140,00|140,00|5|89.836|12.577.040,00|
|21/01/2021|R|140,00|140,00|140,00|140,00|8|106.004|14.840.560,00|
|22/01/2021|R|140,00|140,00|150,00|130,00|12|1.338.481|186.725.920,00|
|25/01/2021|R|140,00|160,00|160,00|140,00|10|196.945|28.804.210,00|
|26/01/2021|R|160,00|170,00|190,00|150,00|9|418.649|69.003.540,00|
|27/01/2021|R|170,00|170,00|200,00|170,00|9|38.557|6.800.660,00|
|28/01/2021|R|170,00|170,00|170,00|170,00|7|22.385|3.805.450,00|
|29/01/2021|R|170,00|170,00|170,00|160,00|10|221.820|36.709.400,00|
|01/02/2021|R|170,00|170,00|170,00|170,00|7|7.056|1.199.520,00|
|02/02/2021|R|170,00|160,00|170,00|160,00|4|145.520|23.593.400,00|
|03/02/2021|R|160,00|150,00|160,00|140,00|7|272.651|40.710.760,00|
|04/02/2021|R|150,00|140,00|150,00|140,00|14|1.601.982|224.281.820,00|
|05/02/2021|R|140,00|150,00|150,00|140,00|12|1.073.279|157.171.160,00|
|08/02/2021|R|150,00|160,00|160,00|160,00|8|42.332|6.773.120,00|
|09/02/2021|R|160,00|160,00|160,00|160,00|5|5.886|941.760,00|
|10/02/2021|R|160,00|160,00|160,00|150,00|5|93.127|14.798.000,00|
|11/02/2021|R|160,00|160,00|160,00|150,00|9|583.822|92.411.520,00|
|12/02/2021|R|160,00|160,00|160,00|160,00|7|33.170|5.307.200,00|
|17/02/2021|R|160,00|160,00|160,00|160,00|3|1.352|216.320,00|
|18/02/2021|R|160,00|150,00|160,00|150,00|7|56.359|8.510.550,00|
|19/02/2021|R|150,00|160,00|160,00|150,00|16|2.639.032|420.835.350,00|
|22/02/2021|R|160,00|160,00|160,00|160,00|3|6.166|986.560,00|
|23/02/2021|R|160,00|160,00|160,00|160,00|3|31.100|4.976.000,00|
|24/02/2021|R|160,00|160,00|180,00|160,00|4|101.864|16.335.520,00|
|25/02/2021|R|160,00|160,00|180,00|180,00|1|117|21.060,00|
|26/02/2021|R|160,00|160,00|190,00|160,00|2|41.555|6.679.250,00|
|01/03/2021|R|160,00|170,00|170,00|160,00|6|59.204|9.576.510,00|
|02/03/2021|R|170,00|170,00|170,00|170,00|1|309|52.530,00|
|03/03/2021|R|170,00|140,00|160,00|140,00|4|100.564|14.082.600,00|
|04/03/2021|R|140,00|140,00|140,00|140,00|2|18.840|2.640.400,00|
|05/03/2021|R|140,00|130,00|150,00|130,00|7|1.515.568|197.046.520,00|
|09/03/2021|R|130,00|130,00|150,00|150,00|4|3.722|558.300,00|
|10/03/2021|R|130,00|150,00|150,00|140,00|5|13.972|2.050.980,00|
|11/03/2021|R|150,00|170,00|170,00|170,00|8|450.071|76.512.070,00|
|12/03/2021|R|170,00|160,00|170,00|160,00|9|397.187|66.571.790,00|
|15/03/2021|R|160,00|190,00|190,00|180,00|7|37.150|6.999.180,00|
|16/03/2021|R|190,00|160,00|200,00|160,00|9|77.680|12.947.500,00|
|17/03/2021|R|160,00|180,00|180,00|180,00|3|11.520|2.073.600,00|
|18/03/2021|R|180,00|180,00|180,00|180,00|8|368.243|66.283.740,00|
|22/03/2021|R|180,00|190,00|190,00|180,00|2|16.302|3.097.240,00|
|23/03/2021|R|190,00|170,00|180,00|170,00|4|175.207|31.478.230,00|
|24/03/2021|R|170,00|170,00|180,00|170,00|6|436.414|74.994.820,00|
|25/03/2021|R|170,00|180,00|180,00|170,00|5|42.340|7.321.200,00|
|26/03/2021|R|180,00|180,00|180,00|180,00|3|44.045|7.928.100,00|
|29/03/2021|R|180,00|180,00|180,00|170,00|5|37.511|6.751.730,00|
|30/03/2021|R|180,00|190,00|190,00|180,00|8|322.984|58.240.120,00|
|31/03/2021|R|190,00|190,00|190,00|190,00|9|146.924|27.915.560,00|
|05/04/2021|R|190,00|190,00|190,00|190,00|3|58.032|11.026.080,00|
|06/04/2021|R|190,00|190,00|210,00|210,00|2|3.295|691.950,00|
|08/04/2021|R|190,00|190,00|190,00|190,00|5|100.728|19.138.320,00|
|09/04/2021|R|190,00|200,00|200,00|200,00|5|7.546|1.509.200,00|
|12/04/2021|R|200,00|200,00|200,00|200,00|4|22.461|4.492.200,00|
|13/04/2021|R|200,00|200,00|200,00|180,00|6|568.103|103.920.600,00|
|14/04/2021|R|200,00|200,00|200,00|200,00|2|12.705|2.541.000,00|
|15/04/2021|R|200,00|200,00|200,00|200,00|8|71.910|14.382.000,00|
|20/04/2021|R|200,00|200,00|0,00|0,00|1|121|24.200,00|
|21/04/2021|R|200,00|200,00|210,00|200,00|4|120.027|24.044.200,00|
|22/04/2021|R|200,00|200,00|240,00|240,00|1|5.981|1.435.440,00|
|23/04/2021|R|200,00|230,00|230,00|200,00|7|106.535|23.557.000,00|
|26/04/2021|R|230,00|250,00|260,00|230,00|7|283.201|68.340.140,00|
|27/04/2021|R|250,00|270,00|290,00|270,00|7|60.563|16.539.240,00|
|28/04/2021|R|270,00|320,00|320,00|300,00|8|68.263|20.797.460,00|
|29/04/2021|R|320,00|320,00|370,00|320,00|10|886.156|306.705.520,00|
|30/04/2021|R|320,00|380,00|380,00|350,00|12|120.981|42.634.680,00|
|03/05/2021|R|380,00|380,00|400,00|380,00|23|523.000|201.646.610,00|
|04/05/2021|R|380,00|400,00|400,00|380,00|24|573.568|226.359.990,00|
|05/05/2021|R|400,00|450,00|470,00|440,00|15|1.774.232|801.416.400,00|
|06/05/2021|R|450,00|480,00|520,00|480,00|18|423.194|208.652.080,00|
|07/05/2021|R|480,00|490,00|520,00|490,00|10|190.649|95.403.510,00|
|10/05/2021|R|490,00|480,00|540,00|470,00|17|909.183|445.120.880,00|
|11/05/2021|R|480,00|410,00|480,00|410,00|12|179.161|78.798.430,00|
|12/05/2021|R|410,00|400,00|410,00|400,00|8|299.830|120.741.470,00|
|13/05/2021|R|400,00|430,00|470,00|400,00|12|402.656|173.744.300,00|
|14/05/2021|R|430,00|420,00|420,00|420,00|9|26.790|11.251.800,00|
|17/05/2021|R|420,00|400,00|460,00|400,00|9|320.471|143.329.820,00|
|18/05/2021|R|400,00|430,00|460,00|430,00|14|202.212|89.667.950,00|
|19/05/2021|R|430,00|430,00|460,00|430,00|14|372.715|167.569.420,00|
|20/05/2021|R|430,00|400,00|400,00|400,00|1|2.300.000|920.000.000,00|
|21/05/2021|R|400,00|450,00|450,00|450,00|5|17.900|8.055.000,00|
|25/05/2021|R|450,00|450,00|450,00|420,00|11|54.543|24.174.030,00|
|26/05/2021|R|450,00|450,00|450,00|450,00|8|147.844|66.529.800,00|
|27/05/2021|R|450,00|450,00|450,00|430,00|13|280.323|125.915.350,00|
|28/05/2021|R|450,00|450,00|450,00|450,00|3|39.731|17.878.950,00|
|31/05/2021|R|450,00|450,00|450,00|450,00|4|2.907|1.308.150,00|
|01/06/2021|R|450,00|430,00|450,00|400,00|8|222.871|90.374.540,00|
|02/06/2021|R|430,00|440,00|450,00|430,00|6|25.949|11.554.100,00|
|03/06/2021|R|440,00|450,00|450,00|450,00|5|55.082|24.786.900,00|
|04/06/2021|R|450,00|440,00|450,00|440,00|5|71.758|31.766.100,00|
|07/06/2021|R|440,00|450,00|450,00|440,00|8|55.019|24.658.550,00|
|08/06/2021|R|450,00|450,00|450,00|450,00|6|410.763|184.843.350,00|
|09/06/2021|R|450,00|440,00|450,00|440,00|9|640.887|288.223.600,00|
|10/06/2021|R|440,00|430,00|430,00|430,00|4|97.697|42.009.710,00|
|11/06/2021|R|430,00|440,00|440,00|440,00|5|28.942|12.734.480,00|
|15/06/2021|R|440,00|430,00|430,00|430,00|2|23.550|10.126.500,00|
|16/06/2021|R|430,00|430,00|430,00|400,00|5|56.044|23.798.920,00|
|17/06/2021|R|430,00|410,00|430,00|410,00|10|211.553|88.402.260,00|
|18/06/2021|R|410,00|400,00|400,00|350,00|9|592.895|237.108.000,00|
|21/06/2021|R|400,00|400,00|420,00|420,00|1|250|105.000,00|
|22/06/2021|R|400,00|420,00|420,00|420,00|1|64.000|26.880.000,00|
|23/06/2021|R|420,00|400,00|420,00|400,00|5|37.118|15.233.560,00|
|25/06/2021|R|400,00|420,00|420,00|420,00|6|13.624|5.722.080,00|
|29/06/2021|R|420,00|420,00|420,00|420,00|5|233.016|97.866.720,00|
|30/06/2021|R|420,00|400,00|420,00|400,00|9|444.387|181.321.760,00|
|01/07/2021|R|400,00|420,00|420,00|400,00|4|203.527|85.455.380,00|
|02/07/2021|R|420,00|380,00|410,00|380,00|12|1.115.326|445.970.620,00|
|06/07/2021|R|380,00|400,00|400,00|390,00|7|399.097|159.598.800,00|
|07/07/2021|R|400,00|390,00|400,00|390,00|3|17.093|6.667.200,00|
|08/07/2021|R|390,00|390,00|400,00|380,00|13|1.997.471|777.713.210,00|
|09/07/2021|R|390,00|400,00|400,00|400,00|7|809.892|323.956.800,00|
|12/07/2021|R|400,00|400,00|400,00|400,00|3|61.714|24.685.600,00|
|13/07/2021|R|400,00|400,00|400,00|400,00|1|160|64.000,00|
|14/07/2021|R|400,00|400,00|400,00|400,00|10|4.648.459|1.859.383.600,00|
|15/07/2021|R|400,00|460,00|480,00|450,00|12|580.216|268.008.920,00|
|16/07/2021|R|460,00|520,00|540,00|520,00|7|88.892|46.423.840,00|
|19/07/2021|R|520,00|520,00|530,00|500,00|6|56.212|28.792.410,00|
|20/07/2021|R|520,00|530,00|530,00|520,00|9|1.107.149|579.778.970,00|
|21/07/2021|R|530,00|520,00|520,00|510,00|6|50.540|26.144.740,00|
|22/07/2021|R|520,00|540,00|540,00|520,00|5|15.846|8.401.920,00|
|23/07/2021|R|540,00|550,00|550,00|540,00|6|103.460|55.927.400,00|
|26/07/2021|R|550,00|500,00|550,00|500,00|5|14.598|7.466.120,00|
|27/07/2021|R|500,00|510,00|510,00|510,00|2|15.800|8.058.000,00|
|28/07/2021|R|510,00|540,00|540,00|540,00|5|5.865|3.167.100,00|
|29/07/2021|R|540,00|500,00|540,00|500,00|3|6.383|3.295.820,00|
|30/07/2021|R|500,00|530,00|530,00|500,00|11|4.129.837|2.066.593.410,00|
|02/08/2021|R|530,00|540,00|540,00|530,00|8|435.082|230.802.400,00|
|03/08/2021|R|540,00|540,00|540,00|540,00|4|16.489|8.904.060,00|
|04/08/2021|R|540,00|530,00|540,00|530,00|4|112.121|60.145.340,00|
|05/08/2021|R|530,00|530,00|530,00|530,00|4|34.232|18.142.960,00|
|06/08/2021|R|530,00|530,00|530,00|520,00|6|39.957|21.102.590,00|











 


















































