
    
|24/03/2017|R|30.000,00|115.000,00|115.000,00|115.000,00|4|40|4.600.000,00|
|27/03/2017|R|115.000,00|165.000,00|165.000,00|165.000,00|12|65|10.725.000,00|
|28/03/2017|R|165.000,00|170.000,00|170.000,00|170.000,00|6|26|4.420.000,00|
|30/03/2017|R|170.000,00|165.000,00|165.000,00|165.000,00|3|12|1.930.000,00|
|31/03/2017|R|165.000,00|160.000,00|160.000,00|160.000,00|2|20|3.200.000,00|
|03/04/2017|R|160.000,00|164.000,00|164.000,00|164.000,00|3|15|2.470.500,00|
|05/04/2017|R|164.000,00|154.949,00|164.000,00|164.000,00|1|5|774.745,00|
|10/04/2017|R|154.949,00|159.995,00|159.995,00|159.995,00|1|1|159.995,00|
|11/04/2017|R|159.995,00|159.990,00|159.995,00|159.995,00|1|14|2.239.860,00|
|26/04/2017|R|159.988,75|155.000,00|159.988,75|159.988,75|2|364|54.670.000,00|
|27/04/2017|R|155.000,00|159.985,00|159.985,00|159.985,00|2|6|959.910,00|
|28/04/2017|R|159.985,00|160.000,00|160.000,00|160.000,00|3|62|9.919.840,00|
|02/05/2017|R|160.000,00|160.000,00|160.000,00|160.000,00|1|163|26.080.000,00|
|03/05/2017|R|160.000,00|160.000,00|160.000,00|160.000,00|1|1|160.000,00|
|05/05/2017|R|160.000,00|160.000,00|160.000,00|160.000,00|1|26|4.160.000,00|
|08/05/2017|R|160.000,00|160.000,00|160.000,00|160.000,00|1|50|8.000.000,00|
|09/05/2017|R|160.000,00|160.000,00|160.000,00|160.000,00|1|18|2.880.000,00|
|19/05/2017|R|160.000,00|190.000,00|190.000,00|190.000,00|1|90|17.100.000,00|
|23/05/2017|R|190.000,00|190.000,00|190.000,00|190.000,00|4|187|35.530.000,00|
|24/05/2017|R|190.000,00|190.000,00|190.000,00|190.000,00|1|12|2.280.000,00|
|25/05/2017|R|190.000,00|190.000,00|190.000,00|190.000,00|1|100|19.000.000,00|
|14/06/2017|R|190.000,00|190.000,00|190.000,00|190.000,00|1|2|380.000,00|
|11/07/2017|R|190.000,00|155.000,00|155.000,00|155.000,00|1|3|465.000,00|
|31/07/2017|R|154.993,75|155.000,00|155.000,00|155.000,00|2|471|73.005.000,00|
|01/08/2017|R|155.000,00|155.000,00|155.000,00|155.000,00|1|100|15.500.000,00|
|03/08/2017|R|155.000,00|155.000,00|155.000,00|155.000,00|1|10|1.550.000,00|
|04/08/2017|R|155.000,00|185.999,00|185.999,00|185.999,00|3|108|16.897.995,00|
|07/08/2017|R|185.999,00|200.000,00|200.000,00|200.000,00|3|28|5.475.000,00|
|08/08/2017|R|200.000,00|225.000,00|225.000,00|225.000,00|4|45|9.345.200,00|
|09/08/2017|R|225.000,00|230.000,00|230.000,00|230.000,00|9|428|96.580.003,64|
|10/08/2017|R|230.000,00|225.000,00|225.000,00|225.000,00|2|137|30.825.000,00|
|11/08/2017|R|225.000,00|228.000,00|228.000,00|228.000,00|2|11|2.507.500,00|
|15/08/2017|R|228.000,00|273.000,00|273.000,00|273.000,00|4|369|85.127.500,00|
|16/08/2017|R|273.000,00|295.500,00|295.500,00|295.500,00|2|81|22.377.500,00|
|17/08/2017|R|295.500,00|330.000,00|330.000,00|330.000,00|1|6|1.980.000,00|
|18/08/2017|R|330.000,00|330.000,00|330.000,00|330.000,00|3|147|48.510.000,00|
|21/08/2017|R|330.000,00|330.000,00|330.000,00|330.000,00|1|10|3.300.000,00|
|25/08/2017|R|330.000,00|330.000,00|330.000,00|330.000,00|2|79|26.070.000,00|
|30/08/2017|R|330.000,00|330.000,00|330.000,00|330.000,00|1|5|1.650.000,00|
|01/09/2017|R|330.000,00|350.000,00|350.000,00|350.000,00|2|51|17.849.999,00|
|05/09/2017|R|350.000,00|370.000,00|370.000,00|370.000,00|5|84|30.970.000,00|
|07/09/2017|R|370.000,00|370.000,00|370.000,00|370.000,00|1|50|18.500.000,00|
|12/09/2017|R|370.000,00|398.000,00|398.000,00|398.000,00|1|150|59.700.000,00|
|13/09/2017|R|398.000,00|450.000,00|450.000,00|450.000,00|1|50|22.500.000,00|
|19/09/2017|R|450.000,00|450.000,00|450.000,00|450.000,00|4|17|7.650.000,00|
|20/09/2017|R|450.000,00|450.000,00|450.000,00|450.000,00|5|56|25.200.000,00|
|29/09/2017|R|450.000,00|540.000,00|540.000,00|540.000,00|1|5|2.700.000,00|
|05/10/2017|R|540.000,00|540.000,00|540.000,00|540.000,00|1|13|7.020.000,00|
|06/10/2017|R|540.000,00|648.000,00|648.000,00|648.000,00|2|31|18.638.000,00|
|11/10/2017|R|648.000,00|678.000,00|678.000,00|678.000,00|2|7|4.746.000,00|
|13/10/2017|R|678.000,00|750.000,00|750.000,00|750.000,00|1|10|7.500.000,00|
|16/10/2017|R|750.000,00|800.000,00|800.000,00|800.000,00|2|30|24.000.000,00|
|17/10/2017|R|800.000,00|850.000,00|850.000,00|850.000,00|1|5|4.250.000,00|
|18/10/2017|R|850.000,00|960.000,00|960.000,00|960.000,00|1|20|19.200.000,00|
|19/10/2017|R|960.000,00|960.000,00|960.000,00|960.000,00|1|11|10.560.000,00|
|27/10/2017|R|960.000,00|995.000,00|960.000,00|960.000,00|1|2|1.990.000,00|
|08/11/2017|R|995.000,00|1.000.000,00|995.000,00|995.000,00|1|25|25.000.000,00|
|13/11/2017|R|1.000.000,00|1.000.000,00|980.000,00|980.000,00|3|225|223.000.000,00|
|14/11/2017|R|980.000,00|995.000,00|995.000,00|995.000,00|1|5|4.975.000,00|
|15/11/2017|R|995.000,00|1.000.000,00|1.000.000,00|1.000.000,00|3|252|252.000.000,00|
|17/11/2017|R|1.000.000,00|1.000.000,00|1.000.000,00|1.000.000,00|2|50|50.000.000,00|
|21/11/2017|R|1.000.000,00|1.000.000,00|1.000.000,00|1.000.000,00|1|100|100.000.000,00|
|23/11/2017|R|1.000.000,00|1.000.000,00|1.000.000,00|1.000.000,00|3|193|193.000.000,00|
|28/11/2017|R|1.000.000,00|1.000.000,00|1.000.000,00|1.000.000,00|2|150|150.000.000,00|
|29/11/2017|R|1.000.000,00|1.000.000,00|1.000.000,00|1.000.000,00|1|4|4.000.000,00|
|04/12/2017|R|1.000.000,00|1.001.000,00|1.001.000,00|1.001.000,00|1|1|1.001.000,00|
|06/12/2017|R|1.001.000,00|1.100.000,00|1.100.000,00|1.100.000,00|1|50|55.000.000,00|
|12/12/2017|R|1.100.000,00|1.100.000,00|1.100.000,00|1.100.000,00|3|150|165.000.000,00|
|13/12/2017|R|1.100.000,00|1.100.000,00|1.100.000,00|1.100.000,00|1|50|55.000.000,00|
|15/12/2017|R|1.100.000,00|1.300.000,00|1.300.000,00|1.300.000,00|1|2|2.600.000,00|
|22/12/2017|R|1.300.000,00|1.300.000,00|1.100.000,00|1.100.000,00|2|60|78.000.000,00|
|29/12/2017|R|1.300.000,00|1.384.810,00|1.300.000,00|1.300.000,00|1|152|210.491.120,00|
|10/01/2018|R|1.384.810,00|1.550.000,00|1.550.000,00|1.550.000,00|2|10|15.500.000,00|
|12/01/2018|R|1.550.000,00|1.750.000,00|1.750.000,00|1.750.000,00|2|25|43.750.000,00|
|17/01/2018|R|1.750.000,00|2.050.000,00|2.050.000,00|2.050.000,00|3|10|20.500.000,00|
|18/01/2018|R|2.050.000,00|2.100.000,00|2.100.000,00|2.100.000,00|2|13|26.800.000,00|
|19/01/2018|R|2.100.000,00|2.567.400,00|2.400.000,00|2.400.000,00|1|20|48.000.000,00|
|22/01/2018|R|2.567.400,00|2.850.000,00|2.850.000,00|2.850.000,00|3|10|28.500.000,00|
|23/01/2018|R|2.850.000,00|2.850.000,00|2.850.000,00|2.850.000,00|5|16|45.600.000,00|
|24/01/2018|R|2.850.000,00|3.200.000,00|3.200.000,00|3.200.000,00|1|5|16.000.000,00|
|25/01/2018|R|3.200.000,00|3.750.000,00|3.750.000,00|3.750.000,00|2|5|18.750.000,00|
|31/01/2018|R|3.750.000,00|3.900.000,00|3.900.000,00|3.900.000,00|2|2|7.650.000,00|
|14/02/2018|R|3.900.000,00|4.000.000,00|4.000.000,00|4.000.000,00|1|2|8.000.000,00|
|15/02/2018|R|4.000.000,00|4.000.000,00|4.000.000,00|4.000.000,00|2|21|84.000.000,00|
|19/02/2018|R|4.000.000,00|4.000.000,00|4.000.000,00|4.000.000,00|1|1|4.000.000,00|
|21/02/2018|R|4.000.000,00|4.300.000,00|4.300.000,00|4.300.000,00|5|221|950.300.000,00|
|22/02/2018|R|4.300.000,00|4.500.000,00|4.500.000,00|4.500.000,00|5|100|431.000.000,00|
|23/02/2018|R|4.500.000,00|4.500.000,00|4.500.000,00|4.500.000,00|1|10|45.000.000,00|
|26/02/2018|R|4.500.000,00|5.200.000,00|5.200.000,00|5.200.000,00|7|147|737.000.000,00|
|27/02/2018|R|5.200.000,00|5.700.000,00|5.700.000,00|5.700.000,00|8|296|1.646.200.000,00|
|02/03/2018|R|5.700.000,00|6.830.000,00|6.830.000,00|6.830.000,00|1|5|34.150.000,00|
|06/03/2018|R|6.830.000,00|7.750.000,00|7.750.000,00|7.750.000,00|2|60|465.000.000,00|
|07/03/2018|R|7.750.000,00|8.750.000,00|8.750.000,00|8.750.000,00|2|6|52.500.000,00|
|08/03/2018|R|8.750.000,00|8.750.000,00|8.750.000,00|8.750.000,00|1|23|201.250.000,00|
|13/03/2018|R|8.750.000,00|8.750.000,00|8.750.000,00|8.750.000,00|3|7|61.250.000,00|
|16/03/2018|R|8.750.000,00|8.750.000,00|8.750.000,00|8.750.000,00|1|100|875.000.000,00|
|20/03/2018|R|8.750.000,00|8.750.000,00|8.750.000,00|8.750.000,00|3|75|653.750.000,00|
|22/03/2018|R|8.750.000,00|8.400.000,00|8.400.000,00|8.400.000,00|1|100|840.000.000,00|
|28/03/2018|R|8.400.000,00|8.400.000,00|8.400.000,00|8.400.000,00|1|79|659.650.000,00|
|02/04/2018|R|8.400.000,00|8.350.000,00|8.350.000,00|8.350.000,00|1|2|16.700.000,00|
|03/04/2018|R|8.350.000,00|8.350.000,00|8.350.000,00|8.350.000,00|3|83|693.050.000,00|
|04/04/2018|R|8.350.000,00|8.887.740,00|8.350.000,00|8.350.000,00|1|100|835.000.000,00|
|05/04/2018|R|8.887.740,00|8.900.000,00|8.900.000,00|8.900.000,00|1|10|89.000.000,00|
|06/04/2018|R|8.900.000,00|9.999.999,90|9.999.999,90|9.999.999,90|2|10|99.999.999,00|
|09/04/2018|R|9.999.999,90|10.400.000,00|10.400.000,00|10.400.000,00|2|20|209.000.000,00|
|10/04/2018|R|10.400.000,00|13.344.780,00|10.500.000,00|10.500.000,00|3|40|420.000.000,00|
|12/04/2018|R|13.344.780,00|10.750.000,00|10.750.000,00|10.750.000,00|1|5|53.750.000,00|
|16/04/2018|R|10.750.000,00|13.050.000,00|13.000.000,00|13.000.000,00|2|11|143.300.000,00|
|17/04/2018|R|13.050.000,00|15.550.000,00|15.550.000,00|15.550.000,00|13|158|2.456.749.000,00|
|18/04/2018|R|15.550.000,00|18.250.000,00|18.500.000,00|18.500.000,00|15|296|5.326.250.000,00|
|20/04/2018|R|18.250.000,00|18.250.000,00|18.250.000,00|18.250.000,00|5|37|675.250.000,00|
|23/04/2018|R|18.250.000,00|18.250.000,00|18.250.000,00|18.250.000,00|4|209|3.814.250.000,00|
|24/04/2018|R|18.250.000,00|18.500.000,00|18.500.000,00|18.500.000,00|9|37|700.500.000,00|
|26/04/2018|R|18.500.000,00|18.499.000,00|18.500.000,00|18.500.000,00|2|611|11.302.890.000,00|
|27/04/2018|R|18.499.000,00|18.500.000,00|18.500.000,00|18.500.000,00|2|3|55.499.000,00|
|30/04/2018|R|18.500.000,00|18.500.000,00|18.500.000,00|18.500.000,00|5|98|1.813.000.000,00|
|03/05/2018|R|18.500.000,00|21.062.480,00|18.500.000,00|18.500.000,00|1|2|36.900.000,00|
|08/05/2018|R|21.062.480,00|17.000.000,00|17.730.000,00|17.730.000,00|3|6|105.709.970,00|
|09/05/2018|R|17.000.000,00|17.500.000,00|17.500.000,00|17.500.000,00|3|80|1.400.000.000,00|
|10/05/2018|R|17.500.000,00|17.450.000,00|17.450.000,00|17.450.000,00|1|1|17.450.000,00|
|15/05/2018|R|17.450.000,00|16.950.000,00|17.000.000,00|17.000.000,00|19|625|10.646.236.000,00|
|16/05/2018|R|16.950.000,00|16.750.000,00|16.750.000,00|16.750.000,00|6|48|810.350.000,00|
|17/05/2018|R|16.750.000,00|16.500.000,00|16.500.000,00|16.500.000,00|7|442|7.293.750.000,00|
|18/05/2018|R|16.500.000,00|16.500.000,00|16.500.000,00|16.500.000,00|5|438|7.228.600.000,00|
|23/05/2018|R|1.700.000,00|1.705.000,00|1.706.000,00|1.706.000,00|6|1.609|2.743.603.000,00|
|24/05/2018|R|1.705.000,00|2.000.000,00|2.000.000,00|2.000.000,00|6|9.110|16.957.500.000,00|
|25/05/2018|R|2.000.000,00|2.380.000,00|2.400.000,00|2.400.000,00|8|917|2.053.920.000,00|
|28/05/2018|R|2.380.000,00|3.456.000,00|3.456.000,00|3.456.000,00|8|1.122|3.240.770.000,00|
|29/05/2018|R|3.456.000,00|4.800.000,00|4.800.000,00|4.800.000,00|18|1.317|6.119.072.000,00|
|30/05/2018|R|4.800.000,00|4.970.000,00|4.970.000,00|4.970.000,00|19|678|3.369.912.320,00|
|31/05/2018|R|4.970.000,00|5.100.000,00|5.100.000,00|5.100.000,00|8|28|141.319.680,00|
|01/06/2018|R|5.100.000,00|5.300.000,00|5.300.000,00|5.300.000,00|10|67|354.100.000,00|
|05/06/2018|R|5.300.000,00|5.300.000,00|5.300.000,00|5.300.000,00|9|87|460.600.000,00|
|06/06/2018|R|5.300.000,00|5.718.330,00|5.390.000,00|5.390.000,00|7|542|2.889.340.000,00|
|07/06/2018|R|5.718.330,00|5.400.800,00|5.400.800,00|5.400.800,00|8|398|2.150.463.000,00|
|08/06/2018|R|5.400.800,00|5.500.000,00|5.600.000,00|5.600.000,00|7|521|2.916.600.000,00|
|11/06/2018|R|5.500.000,00|5.700.000,00|5.700.000,00|5.700.000,00|7|30|170.640.000,00|
|12/06/2018|R|5.700.000,00|5.700.000,00|5.700.000,00|5.700.000,00|4|731|4.166.700.000,00|
|13/06/2018|R|5.700.000,00|5.680.000,00|5.680.000,00|5.680.000,00|8|211|1.198.860.000,00|
|14/06/2018|R|5.680.000,00|5.680.000,00|5.680.000,00|5.680.000,00|12|1.183|6.626.640.000,00|
|15/06/2018|R|5.680.000,00|5.600.000,00|5.600.000,00|5.600.000,00|8|10.085|55.476.460.000,00|
|18/06/2018|R|5.600.000,00|5.600.000,00|5.600.000,00|5.600.000,00|15|11.815|65.010.405.000,00|
|19/06/2018|R|5.600.000,00|5.700.000,00|5.700.000,00|5.700.000,00|5|150|848.000.000,00|
|20/06/2018|R|5.700.000,00|6.000.000,00|6.000.000,00|6.000.000,00|6|522|3.118.400.000,00|
|21/06/2018|R|6.000.000,00|7.000.000,00|7.000.000,00|7.000.000,00|14|471|3.051.450.000,00|
|22/06/2018|R|7.000.000,00|8.400.000,00|8.400.000,00|8.400.000,00|19|1.084|8.081.200.000,00|
|25/06/2018|R|8.400.000,00|8.599.990,00|8.599.990,00|8.599.990,00|8|688|5.880.448.790,00|
|26/06/2018|R|8.599.990,00|10.319.000,00|10.319.000,00|10.319.000,00|9|1.973|18.559.570.000,00|
|27/06/2018|R|10.319.000,00|10.800.000,00|10.800.000,00|10.800.000,00|14|1.220|12.967.720.000,00|
|28/06/2018|R|10.800.000,00|11.989.000,00|11.999.000,00|11.999.000,00|4|120|1.439.430.000,00|
|29/06/2018|R|11.989.000,00|11.999.000,00|11.999.000,00|11.999.000,00|9|78|966.479.000,00|
|03/07/2018|R|11.999.000,00|12.500.000,00|12.500.000,00|12.500.000,00|11|662|8.234.137.000,00|
|04/07/2018|R|12.500.000,00|12.200.000,00|12.200.000,00|12.200.000,00|7|309|3.860.400.000,00|
|06/07/2018|R|12.200.000,00|11.800.000,00|11.800.000,00|11.800.000,00|7|50|598.600.000,00|
|09/07/2018|R|11.800.000,00|11.800.000,00|11.800.000,00|11.800.000,00|7|90|1.078.100.000,00|
|10/07/2018|R|11.800.000,00|9.500.000,00|9.500.000,00|9.500.000,00|6|232|2.409.094.000,00|
|11/07/2018|R|9.500.000,00|8.100.000,00|8.100.000,00|8.100.000,00|12|141|1.295.199.880,00|
|12/07/2018|R|8.100.000,00|7.900.000,00|7.900.000,00|7.900.000,00|20|294|2.345.800.000,00|
|13/07/2018|R|7.900.000,00|8.000.000,00|8.000.000,00|8.000.000,00|13|513|4.104.000.000,00|
|16/07/2018|R|8.000.000,00|8.200.000,00|8.200.000,00|8.200.000,00|11|629|5.086.400.000,00|
|17/07/2018|R|8.200.000,00|8.200.000,00|8.200.000,00|8.200.000,00|10|398|3.266.100.000,00|
|18/07/2018|R|8.200.000,00|8.250.000,00|8.250.000,00|8.250.000,00|6|21|173.250.000,00|
|19/07/2018|R|8.250.000,00|8.000.000,00|8.000.000,00|8.000.000,00|3|101|808.250.000,00|
|20/07/2018|R|8.000.000,00|7.000.000,00|7.000.000,00|7.000.000,00|4|46|344.950.000,00|
|23/07/2018|R|7.000.000,00|7.700.000,00|7.700.000,00|7.700.000,00|5|27|210.900.000,00|
|25/07/2018|R|7.700.000,00|7.500.000,00|7.500.000,00|7.500.000,00|6|611|4.833.400.000,00|
|26/07/2018|R|7.500.000,00|7.700.000,00|7.700.000,00|7.700.000,00|2|425|3.191.500.000,00|
|27/07/2018|R|7.700.000,00|8.000.000,00|8.000.000,00|8.000.000,00|6|403|3.224.000.000,00|
|30/07/2018|R|8.000.000,00|8.500.000,00|8.500.000,00|8.500.000,00|2|435|3.697.500.000,00|
|01/08/2018|R|8.500.000,00|9.000.000,00|9.000.000,00|9.000.000,00|8|524|4.666.000.000,00|
|02/08/2018|R|9.000.000,00|9.100.000,00|9.100.000,00|9.100.000,00|9|831|7.479.100.000,00|
|03/08/2018|R|9.100.000,00|10.919.000,00|10.919.000,00|10.919.000,00|6|53|501.519.000,00|
|06/08/2018|R|10.919.000,00|11.662.750,00|11.000.000,00|11.000.000,00|3|62|677.950.000,00|
|07/08/2018|R|11.662.750,00|11.000.000,00|11.000.000,00|11.000.000,00|10|304|3.354.200.000,00|
|08/08/2018|R|11.000.000,00|11.800.000,00|11.800.000,00|11.800.000,00|2|3|35.400.000,00|
|09/08/2018|R|11.800.000,00|11.300.000,00|11.400.000,00|11.400.000,00|9|217|2.486.100.000,00|
|10/08/2018|R|11.300.000,00|11.500.000,00|11.500.000,00|11.500.000,00|13|672|7.641.300.000,00|
|13/08/2018|R|11.500.000,00|11.000.000,00|11.000.000,00|11.000.000,00|6|63|716.100.000,00|
|14/08/2018|R|11.000.000,00|12.500.000,00|12.500.000,00|12.500.000,00|16|1.895|23.092.500.000,00|
|15/08/2018|R|12.500.000,00|13.800.000,00|13.800.000,00|13.800.000,00|6|209|2.884.200.000,00|
|16/08/2018|R|13.800.000,00|18.000.000,00|18.000.000,00|18.000.000,00|7|125|2.064.000.000,00|
|21/08/2018|R|180,00|300,00|300,00|300,00|7|113|33.734,39|
|22/08/2018|R|300,00|272,66|300,00|300,00|13|137|41.100,01|
|23/08/2018|R|272,66|300,00|300,00|300,00|8|79|26.370,00|
|24/08/2018|R|300,00|275,00|275,00|275,00|17|875|285.206,95|
|27/08/2018|R|275,00|315,00|315,00|315,00|32|611|187.820,00|
|28/08/2018|R|315,00|378,00|370,00|370,00|10|55|20.550,00|
|29/08/2018|R|378,00|500,00|500,00|500,00|37|287|147.149,60|
|30/08/2018|R|500,00|500,00|500,00|500,00|13|57|28.575,00|
|31/08/2018|R|500,00|489,88|489,88|489,88|19|76|38.068,60|
|03/09/2018|R|489,88|36,07|468,95|468,95|15|47|22.325,35|
|04/09/2018|R|36,07|36,79|35,00|35,00|12|454|15.895,35|
|05/09/2018|R|36,79|41,99|41,99|41,99|16|179|6.936,88|
|06/09/2018|R|41,99|48,00|48,00|48,00|19|1.968|88.596,00|
|07/09/2018|R|48,00|45,00|45,00|45,00|32|2.801|120.039,00|
|11/09/2018|R|45,00|49,90|50,00|50,00|25|4.589|228.978,04|
|12/09/2018|R|49,90|44,99|44,99|44,99|20|2.603|120.511,17|
|13/09/2018|R|44,99|43,00|43,70|43,70|5|72|3.143,95|
|14/09/2018|R|43,00|44,50|44,50|44,50|8|78|3.477,30|
|17/09/2018|R|44,50|35,60|35,60|35,60|16|900|35.721,10|
|18/09/2018|R|35,60|30,94|30,94|30,94|22|1.340|41.358,50|
|19/09/2018|R|30,94|29,95|29,95|29,95|17|482|14.267,97|
|20/09/2018|R|29,95|23,96|23,96|23,96|23|4.781|116.542,00|
|21/09/2018|R|23,96|22,00|22,00|22,00|33|15.076|328.665,00|
|24/09/2018|R|22,00|26,00|26,00|26,00|20|2.513|63.713,00|
|25/09/2018|R|26,00|28,50|28,50|28,50|23|8.028|226.117,00|
|26/09/2018|R|28,50|29,00|29,00|29,00|18|10.605|302.347,00|
|27/09/2018|R|29,00|25,00|25,00|25,00|22|14.843|394.582,00|
|28/09/2018|R|25,00|25,00|25,00|25,00|19|8.730|217.091,50|
|01/10/2018|R|25,00|27,55|27,55|27,55|13|11.217|312.358,50|
|02/10/2018|R|27,55|29,00|29,00|29,00|25|20.730|610.079,00|
|03/10/2018|R|29,00|28,00|28,00|28,00|10|343|9.679,50|
|04/10/2018|R|28,00|22,41|22,41|22,41|17|5.549|142.587,50|
|05/10/2018|R|22,41|25,50|25,50|25,50|10|4.522|115.315,75|
|08/10/2018|R|25,50|27,54|23,50|23,50|1|1.000|23.500,00|
|09/10/2018|R|27,54|24,00|25,00|25,00|17|6.287|148.315,00|
|10/10/2018|R|24,00|24,00|24,00|24,00|22|11.572|277.489,90|
|11/10/2018|R|24,00|23,50|23,50|23,50|28|33.551|801.336,01|
|15/10/2018|R|23,50|30,00|30,00|30,00|16|7.497|188.079,60|
|16/10/2018|R|30,00|29,50|29,50|29,50|10|4.062|122.958,60|
|17/10/2018|R|29,50|29,30|29,30|29,30|10|2.426|69.396,35|
|18/10/2018|R|29,30|28,00|28,00|28,00|17|11.581|336.885,00|
|19/10/2018|R|28,00|28,00|28,00|28,00|12|12.981|373.347,60|
|22/10/2018|R|28,00|27,00|27,00|27,00|7|689|19.560,00|
|23/10/2018|R|27,00|28,99|28,00|28,00|16|11.706|335.010,00|
|24/10/2018|R|28,99|28,00|28,00|28,00|15|6.972|194.752,50|
|25/10/2018|R|28,00|38,01|38,01|38,01|19|10.204|334.425,90|
|26/10/2018|R|38,01|40,00|41,00|41,00|10|9.334|373.588,00|
|29/10/2018|R|40,00|36,00|36,00|36,00|11|12.957|493.507,00|
|30/10/2018|R|36,00|38,00|38,00|38,00|7|1.783|64.442,00|
|31/10/2018|R|38,00|38,00|38,00|38,00|7|8.345|316.454,00|
|01/11/2018|R|38,00|36,00|36,00|36,00|9|2.475|91.250,00|
|02/11/2018|R|36,00|36,50|36,50|36,50|16|1.704|63.109,00|
|06/11/2018|R|36,50|36,75|36,25|36,25|4|2.877|106.419,00|
|07/11/2018|R|36,75|39,00|39,00|39,00|9|19.994|760.295,50|
|08/11/2018|R|39,00|42,00|42,00|42,00|15|8.030|322.155,00|
|09/11/2018|R|42,00|42,00|42,00|42,00|14|4.353|183.052,00|
|12/11/2018|R|42,00|40,00|40,00|40,00|9|2.281|94.153,90|
|13/11/2018|R|40,00|41,00|41,00|41,00|13|11.371|466.711,60|
|14/11/2018|R|41,00|42,40|42,40|42,40|6|4.716|206.947,40|
|15/11/2018|R|42,40|40,00|40,00|40,00|7|517|20.836,25|
|16/11/2018|R|40,00|41,50|41,50|41,50|20|9.030|371.520,75|
|19/11/2018|R|41,50|41,00|41,00|41,00|12|4.445|181.649,50|
|20/11/2018|R|41,00|36,00|36,00|36,00|11|9.275|358.760,00|
|21/11/2018|R|36,00|36,00|36,00|36,00|4|6.522|234.792,00|
|22/11/2018|R|36,00|36,00|36,00|36,00|13|7.425|267.500,00|
|23/11/2018|R|36,00|41,00|41,00|41,00|10|15.537|619.482,00|
|26/11/2018|R|41,00|41,00|41,00|41,00|17|19.457|778.530,00|
|27/11/2018|R|41,00|46,00|46,00|46,00|22|22.050|942.246,00|
|28/11/2018|R|46,00|66,00|66,00|66,00|12|11.208|578.687,00|
|29/11/2018|R|66,00|79,00|79,00|79,00|7|420|31.900,00|
|30/11/2018|R|79,00|112,94|112,94|112,94|16|6.478|687.842,24|
|03/12/2018|R|112,94|133,90|133,90|133,90|30|18.916|2.406.330,70|
|04/12/2018|R|133,90|133,90|133,90|133,90|8|984|133.825,00|
|05/12/2018|R|133,90|128,00|128,00|128,00|8|795|85.444,37|
|06/12/2018|R|128,00|118,50|118,50|118,50|8|2.214|237.021,14|
|07/12/2018|R|118,50|118,00|118,00|118,00|4|72|8.056,00|
|10/12/2018|R|118,00|106,00|106,00|106,00|5|5.047|505.105,00|
|11/12/2018|R|106,00|95,00|95,00|95,00|7|4.189|411.641,00|
|12/12/2018|R|95,00|89,50|89,50|89,50|13|858|79.528,50|
|13/12/2018|R|89,50|80,00|80,00|80,00|7|949|79.277,00|
|14/12/2018|R|80,00|75,00|75,00|75,00|7|14.804|1.254.105,00|
|17/12/2018|R|75,00|89,98|89,98|89,98|9|29.107|2.171.137,98|
|18/12/2018|R|89,98|80,00|80,00|80,00|8|8.467|708.710,10|
|19/12/2018|R|80,00|92,00|92,00|92,00|15|117.063|9.488.197,00|
|20/12/2018|R|92,00|90,00|90,00|90,00|3|4.012|361.080,00|
|21/12/2018|R|90,00|90,00|90,00|90,00|9|14.333|1.312.005,00|
|26/12/2018|R|90,00|95,00|95,00|95,00|10|6.825|643.650,00|
|27/12/2018|R|95,00|105,00|105,00|105,00|12|3.398|350.415,00|
|28/12/2018|R|105,00|125,00|125,00|125,00|8|8.004|864.222,25|
|02/01/2019|R|125,00|125,00|125,00|125,00|3|360|45.000,00|
|03/01/2019|R|125,00|160,00|160,00|160,00|13|11.734|1.650.850,00|
|04/01/2019|R|160,00|230,00|230,00|230,00|13|1.286|271.314,00|
|07/01/2019|R|230,00|265,00|265,00|265,00|20|42.962|11.372.365,00|
|08/01/2019|R|265,00|300,00|300,00|300,00|27|10.086|3.076.184,00|
|09/01/2019|R|300,00|289,99|289,99|289,99|13|5.908|1.602.278,14|
|10/01/2019|R|289,99|290,00|290,00|290,00|14|19.525|5.518.144,00|
|11/01/2019|R|290,00|390,00|390,00|390,00|11|6.362|2.275.860,00|
|14/01/2019|R|390,00|540,00|540,00|540,00|4|1.049|490.545,00|
|15/01/2019|R|540,00|560,00|560,00|560,00|16|4.502|2.484.220,00|
|16/01/2019|R|560,00|500,00|500,00|500,00|19|3.540|1.779.190,83|
|17/01/2019|R|500,00|450,00|450,00|450,00|15|9.336|4.324.450,00|
|18/01/2019|R|450,00|470,00|470,00|470,00|16|6.874|3.162.402,17|
|21/01/2019|R|470,00|423,00|423,00|423,00|11|3.630|1.596.160,20|
|22/01/2019|R|423,00|440,00|440,00|440,00|12|1.340|596.160,00|
|23/01/2019|R|440,00|440,00|440,00|440,00|2|223|100.320,00|
|24/01/2019|R|440,00|420,00|420,00|420,00|10|4.105|1.666.468,17|
|25/01/2019|R|420,00|485,00|485,00|485,00|14|2.586|1.184.065,00|
|28/01/2019|R|485,00|520,00|520,00|520,00|30|37.103|18.084.387,00|
|29/01/2019|R|520,00|500,00|500,00|500,00|25|25.042|12.526.360,10|
|30/01/2019|R|500,00|450,00|450,00|450,00|10|66.352|33.126.000,00|
|31/01/2019|R|450,00|380,00|380,00|380,00|13|8.930|3.583.415,00|
|01/02/2019|R|380,00|400,00|400,00|400,00|18|10.445|4.192.945,00|
|04/02/2019|R|400,00|400,00|400,00|400,00|17|21.047|8.132.150,00|
|05/02/2019|R|400,00|530,00|545,00|545,00|16|12.702|6.741.440,00|
|06/02/2019|R|530,00|540,00|540,00|540,00|9|10.796|5.931.810,00|
|07/02/2019|R|540,00|520,00|520,00|520,00|12|26.306|13.665.860,00|
|08/02/2019|R|520,00|519,00|519,00|519,00|10|10.264|5.538.337,00|
|11/02/2019|R|519,00|480,00|480,00|480,00|6|343|166.932,90|
|12/02/2019|R|480,00|490,00|490,00|490,00|16|23.967|11.712.137,96|
|13/02/2019|R|490,00|450,00|450,00|450,00|12|8.206|3.996.465,00|
|14/02/2019|R|450,00|500,00|500,00|500,00|19|5.470|2.698.890,81|
|15/02/2019|R|500,00|515,00|515,00|515,00|21|16.851|8.508.465,00|
|18/02/2019|R|515,00|535,00|535,00|535,00|13|6.358|3.324.310,34|
|19/02/2019|R|535,00|639,00|639,00|639,00|18|7.506|4.384.195,00|
|20/02/2019|R|639,00|640,00|640,00|640,00|27|14.619|9.133.745,00|
|21/02/2019|R|640,00|750,00|750,00|750,00|17|5.794|3.953.450,00|
|22/02/2019|R|750,00|1.050,00|1.050,00|1.050,00|17|6.554|6.363.704,00|
|25/02/2019|R|1.050,00|1.200,00|1.200,00|1.200,00|23|9.049|9.899.315,00|
|26/02/2019|R|1.200,00|1.200,00|1.200,00|1.200,00|15|28.496|32.840.100,00|
|27/02/2019|R|1.200,00|1.325,00|1.325,00|1.325,00|21|4.930|6.496.325,00|
|06/03/2019|R|1.325,00|1.300,00|1.300,00|1.300,00|20|20.071|27.819.100,00|
|07/03/2019|R|1.300,00|1.200,00|1.200,00|1.200,00|22|46.415|55.708.500,00|
|14/03/2019|R|1.200,00|1.000,00|1.000,00|1.000,00|12|4.876|4.811.479,00|
|15/03/2019|R|1.000,00|960,00|960,00|960,00|22|13.008|11.770.835,00|
|18/03/2019|R|960,00|1.000,00|1.000,00|1.000,00|15|6.646|6.645.570,00|
|20/03/2019|R|1.000,00|1.160,00|1.200,00|1.200,00|23|36.296|37.488.500,00|
|21/03/2019|R|1.160,00|1.195,00|1.195,00|1.195,00|13|10.927|12.653.060,00|
|22/03/2019|R|1.195,00|1.150,00|1.150,00|1.150,00|7|1.294|1.381.340,00|
|25/03/2019|R|1.150,00|1.050,00|1.050,00|1.050,00|8|2.726|2.853.360,00|
|29/03/2019|R|1.050,00|1.020,00|1.020,00|1.020,00|30|14.019|14.054.850,00|
|01/04/2019|R|1.020,00|1.000,00|900,00|900,00|17|12.858|12.153.120,00|
|02/04/2019|R|1.000,00|1.045,00|1.045,00|1.045,00|21|55.941|55.947.825,00|
|03/04/2019|R|1.045,00|1.000,00|1.000,00|1.000,00|18|4.212|4.539.740,00|
|04/04/2019|R|1.000,00|1.000,00|1.000,00|1.000,00|16|21.663|21.696.400,00|
|05/04/2019|R|1.000,00|1.100,00|1.100,00|1.100,00|13|3.670|3.954.000,00|
|08/04/2019|R|1.100,00|1.100,00|1.100,00|1.100,00|14|3.615|4.049.065,00|
|09/04/2019|R|1.100,00|1.000,00|1.000,00|1.000,00|7|11.419|11.427.710,00|
|10/04/2019|R|1.000,00|975,00|1.000,00|1.000,00|14|20.887|20.888.178,00|
|11/04/2019|R|975,00|1.050,00|1.050,00|1.050,00|21|145.853|147.015.600,00|
|12/04/2019|R|1.050,00|1.150,00|1.050,00|1.050,00|1|8|9.200,00|
|22/04/2019|R|1.150,00|1.550,00|1.550,00|1.550,00|33|66.175|96.247.840,00|
|23/04/2019|R|1.550,00|2.100,00|2.100,00|2.100,00|23|37.119|67.431.480,00|
|24/04/2019|R|2.100,00|2.150,00|2.150,00|2.150,00|21|14.560|30.557.366,00|
|25/04/2019|R|2.150,00|2.100,00|2.100,00|2.100,00|16|1.816|3.932.200,00|
|26/04/2019|R|2.100,00|2.500,00|2.500,00|2.500,00|12|2.805|5.975.400,00|
|29/04/2019|R|2.500,00|2.305,00|2.305,00|2.305,00|5|376|905.800,00|
|02/05/2019|R|2.305,00|2.240,00|2.240,00|2.240,00|13|1.723|3.845.995,00|
|03/05/2019|R|2.240,00|2.049,99|2.049,99|2.049,99|9|52.320|104.795.493,30|
|08/05/2019|R|1.900,00|2.000,00|2.000,00|2.000,00|10|3.619|7.214.000,00|
|09/05/2019|R|2.000,00|1.880,00|1.880,00|1.880,00|8|3.898|7.732.000,00|
|10/05/2019|R|1.880,00|2.100,00|2.100,00|2.100,00|18|24.315|47.606.699,00|
|13/05/2019|R|2.100,00|1.900,00|1.900,00|1.900,00|9|958|1.873.260,00|
|14/05/2019|R|1.900,00|1.900,00|1.900,00|1.900,00|15|22.876|43.069.859,65|
|15/05/2019|R|1.900,00|1.900,00|1.900,00|1.900,00|14|15.180|29.375.900,00|
|16/05/2019|R|1.900,00|2.000,00|2.000,00|2.000,00|10|3.326|6.502.000,00|
|17/05/2019|R|2.000,00|2.025,00|2.025,00|2.025,00|14|3.371|6.737.600,00|
|27/05/2019|R|2.010,00|1.900,00|1.900,00|1.900,00|7|975|1.934.215,00|
|28/05/2019|R|1.900,00|2.000,00|2.000,00|2.000,00|16|9.688|18.906.280,00|
|29/05/2019|R|2.000,00|2.075,00|2.075,00|2.075,00|23|10.884|21.918.950,00|
|30/05/2019|R|2.075,00|2.200,00|2.200,00|2.200,00|13|4.703|10.004.300,00|
|31/05/2019|R|2.200,00|2.350,00|2.350,00|2.350,00|13|2.760|6.236.000,00|
|04/06/2019|R|2.350,00|2.200,00|2.200,00|2.200,00|7|52.353|109.984.100,00|
|05/06/2019|R|2.200,00|2.380,00|2.000,00|2.000,00|6|12.020|24.041.900,00|
|06/06/2019|R|2.380,00|1.800,00|1.800,00|1.800,00|9|2.505|4.939.350,00|
|07/06/2019|R|1.800,00|1.900,00|1.900,00|1.900,00|8|876|1.664.400,00|
|10/06/2019|R|1.900,00|1.840,00|1.840,00|1.840,00|6|528|956.220,00|
|11/06/2019|R|1.840,00|1.750,00|1.785,00|1.785,00|10|3.391|6.059.685,00|
|12/06/2019|R|1.750,00|2.100,00|2.100,00|2.100,00|20|10.916|20.643.790,00|
|13/06/2019|R|2.100,00|2.300,00|2.300,00|2.300,00|13|2.728|5.968.600,00|
|14/06/2019|R|2.300,00|2.400,00|2.400,00|2.400,00|30|35.348|75.980.700,00|
|18/06/2019|R|2.400,00|2.350,00|2.350,00|2.350,00|32|20.141|47.080.830,00|
|19/06/2019|R|2.350,00|2.350,00|2.350,00|2.350,00|3|215|505.590,00|
|20/06/2019|R|2.350,00|2.300,00|2.300,00|2.300,00|11|5.517|12.754.809,00|
|21/06/2019|R|2.300,00|2.300,00|2.300,00|2.300,00|12|2.237|5.149.350,00|
|25/06/2019|R|2.300,00|2.300,00|2.300,00|2.300,00|17|58.033|133.473.400,00|
|26/06/2019|R|2.300,00|2.300,00|2.295,00|2.295,00|20|87.297|200.772.725,00|
|27/06/2019|R|2.300,00|2.385,00|2.385,00|2.385,00|14|11.148|26.330.880,00|
|28/06/2019|R|2.385,00|2.550,00|2.550,00|2.550,00|15|63.776|159.315.220,00|
|01/07/2019|R|2.550,00|2.825,00|2.825,00|2.825,00|19|3.199|8.710.325,00|
|02/07/2019|R|2.825,00|2.950,00|2.950,00|2.950,00|17|2.659|7.780.550,00|
|03/07/2019|R|2.950,00|2.900,00|2.900,00|2.900,00|11|647|1.890.825,00|
|04/07/2019|R|2.900,00|2.900,00|2.900,00|2.900,00|12|33.534|96.898.523,45|
|08/07/2019|R|2.900,00|2.849,99|2.849,99|2.849,99|8|744|2.147.349,35|
|09/07/2019|R|2.849,99|2.850,00|2.900,00|2.900,00|19|30.361|87.826.150,00|
|10/07/2019|R|2.850,00|2.824,00|2.824,00|2.824,00|5|4.613|12.945.124,00|
|11/07/2019|R|2.824,00|2.850,00|2.850,00|2.850,00|18|17.663|49.786.533,00|
|12/07/2019|R|2.850,00|3.000,00|3.000,00|3.000,00|15|3.550|10.446.250,00|
|15/07/2019|R|3.000,00|3.075,00|3.075,00|3.075,00|13|10.543|32.498.156,00|
|16/07/2019|R|3.075,00|3.000,00|3.000,00|3.000,00|22|34.200|98.246.900,00|
|17/07/2019|R|3.000,00|3.350,00|3.350,00|3.350,00|13|6.771|21.783.250,00|
|18/07/2019|R|3.350,00|3.345,00|3.345,00|3.345,00|9|997|3.293.950,00|
|19/07/2019|R|3.345,00|3.349,99|3.349,99|3.349,99|4|237|793.948,58|
|22/07/2019|R|3.349,99|3.400,00|3.400,00|3.400,00|16|3.495|11.912.350,00|
|25/07/2019|R|3.400,00|3.440,00|3.440,00|3.440,00|21|6.205|21.200.300,00|
|26/07/2019|R|3.440,00|3.450,00|3.450,00|3.450,00|16|5.409|18.658.900,00|
|29/07/2019|R|3.450,00|3.300,00|3.300,00|3.300,00|17|6.360|21.698.100,00|
|30/07/2019|R|3.300,00|3.300,00|3.300,00|3.300,00|21|7.211|24.809.200,00|
|31/07/2019|R|3.300,00|3.400,00|3.400,00|3.400,00|14|10.811|36.765.450,00|
|01/08/2019|R|3.400,00|3.650,00|3.650,00|3.650,00|9|1.601|5.660.150,00|
|02/08/2019|R|3.650,00|4.000,01|4.000,01|4.000,01|19|34.029|120.075.052,50|
|05/08/2019|R|4.000,01|4.150,00|4.150,00|4.150,00|16|7.061|28.839.151,42|
|06/08/2019|R|4.150,00|4.500,00|4.500,00|4.500,00|10|1.446|6.440.700,00|
|07/08/2019|R|4.500,00|5.500,00|5.500,00|5.500,00|23|7.382|39.706.027,23|
|08/08/2019|R|5.500,00|5.500,00|4.800,00|4.800,00|5|5.223|27.336.500,00|
|09/08/2019|R|5.500,00|5.000,00|5.000,00|5.000,00|20|18.394|92.465.306,00|
|12/08/2019|R|5.000,00|5.100,00|5.100,00|5.100,00|12|113.916|572.042.000,00|
|13/08/2019|R|5.100,00|5.497,00|5.497,00|5.497,00|6|674|3.705.050,00|
|14/08/2019|R|5.497,00|5.570,00|5.570,00|5.570,00|16|9.974|54.962.490,00|
|15/08/2019|R|5.570,00|5.590,00|5.590,00|5.590,00|10|9.066|50.710.580,00|
|16/08/2019|R|5.590,00|5.755,00|5.755,00|5.755,00|17|5.732|31.948.800,00|
|20/08/2019|R|5.755,00|5.750,00|5.750,00|5.750,00|16|1.434|8.249.370,00|
|21/08/2019|R|5.750,00|5.850,00|5.850,00|5.850,00|6|1.376|8.025.450,00|
|22/08/2019|R|5.850,00|5.840,00|5.840,00|5.840,00|5|1.469|8.439.800,00|
|23/08/2019|R|5.840,00|5.750,00|5.750,00|5.750,00|16|68.156|375.221.770,00|
|26/08/2019|R|5.750,00|5.725,00|5.725,00|5.725,00|19|13.125|74.274.085,00|
|27/08/2019|R|5.725,00|5.700,00|5.700,00|5.700,00|11|658|3.763.375,00|
|28/08/2019|R|5.700,00|6.520,00|6.520,00|6.520,00|17|4.525|26.857.750,00|
|29/08/2019|R|6.520,00|8.750,00|8.750,00|8.750,00|18|33.622|279.095.924,00|
|30/08/2019|R|8.750,00|10.000,00|10.000,00|10.000,00|23|6.017|53.347.000,00|
|02/09/2019|R|10.000,00|11.000,00|11.000,00|11.000,00|21|9.265|92.953.300,00|
|03/09/2019|R|11.000,00|10.070,00|10.070,00|10.070,00|9|769|7.738.150,00|
|04/09/2019|R|10.070,00|9.300,00|9.300,00|9.300,00|9|15.744|142.375.850,00|
|05/09/2019|R|9.300,00|8.500,00|8.500,00|8.500,00|11|103.944|882.228.700,00|
|06/09/2019|R|8.500,00|8.150,00|8.150,00|8.150,00|21|8.857|72.112.750,00|
|09/09/2019|R|8.150,00|8.200,00|8.200,00|8.200,00|18|10.761|87.190.250,00|
|10/09/2019|R|8.200,00|7.700,02|7.500,00|7.500,00|27|16.280|125.345.960,00|
|11/09/2019|R|7.700,02|7.600,00|7.600,00|7.600,00|28|14.668|110.326.200,00|
|12/09/2019|R|7.600,00|7.500,00|7.500,00|7.500,00|19|5.863|44.180.100,00|
|17/09/2019|R|7.400,00|7.000,00|7.000,00|7.000,00|11|11.838|87.391.700,00|
|18/09/2019|R|7.000,00|6.800,00|6.800,00|6.800,00|16|6.505|43.704.460,00|
|19/09/2019|R|6.800,00|7.250,00|7.250,00|7.250,00|4|240|1.726.000,00|
|20/09/2019|R|7.250,00|6.800,00|6.800,00|6.800,00|16|4.769|32.602.350,00|
|23/09/2019|R|6.800,00|6.497,00|6.497,00|6.497,00|9|3.606|23.973.970,00|
|24/09/2019|R|6.497,00|6.500,00|6.500,00|6.500,00|18|4.944|32.188.070,00|
|25/09/2019|R|6.500,00|6.500,00|6.500,00|6.500,00|26|4.381|28.567.800,00|
|26/09/2019|R|6.500,00|6.321,00|6.321,00|6.321,00|10|2.419|15.349.950,00|
|27/09/2019|R|6.321,00|6.500,00|6.500,00|6.500,00|23|5.415|35.147.500,00|
|30/09/2019|R|6.500,00|6.500,00|6.500,00|6.500,00|8|252|1.657.500,00|
|01/10/2019|R|6.500,00|6.500,00|6.500,00|6.500,00|22|16.904|109.882.530,00|
|02/10/2019|R|6.500,00|6.500,00|6.500,00|6.500,00|18|19.902|125.279.850,00|
|03/10/2019|R|6.500,00|6.500,00|6.500,00|6.500,00|12|12.049|75.566.000,00|
|04/10/2019|R|6.500,00|6.650,00|6.650,00|6.650,00|20|25.830|164.650.250,00|
|07/10/2019|R|6.650,00|6.550,00|6.550,00|6.550,00|15|14.210|94.469.600,00|
|08/10/2019|R|6.550,00|6.700,00|6.700,00|6.700,00|19|5.152|34.420.450,00|
|09/10/2019|R|6.700,00|7.230,00|7.230,00|7.230,00|14|7.696|52.741.430,00|
|10/10/2019|R|7.230,00|7.100,00|6.800,00|6.800,00|5|1.563|10.632.400,00|
|11/10/2019|R|7.100,00|7.000,00|7.000,00|7.000,00|4|128|896.000,00|
|14/10/2019|R|7.000,00|6.750,00|6.750,00|6.750,00|7|5.534|37.357.150,00|
|15/10/2019|R|6.750,00|6.750,00|6.750,00|6.750,00|15|16.630|112.252.500,00|
|16/10/2019|R|6.750,00|6.300,00|6.300,00|6.300,00|25|28.359|179.969.700,00|
|17/10/2019|R|6.300,00|6.200,00|6.200,00|6.200,00|12|31.023|193.084.275,00|
|18/10/2019|R|6.200,00|6.200,00|6.200,00|6.200,00|6|3.353|20.788.600,00|
|21/10/2019|R|6.200,00|5.700,00|5.700,00|5.700,00|6|6.405|36.899.000,00|
|22/10/2019|R|5.700,00|5.900,00|5.900,00|5.900,00|10|15.158|89.816.200,00|
|23/10/2019|R|5.900,00|6.300,00|6.300,00|6.300,00|20|7.865|49.245.958,52|
|24/10/2019|R|6.300,00|6.301,00|6.680,00|6.300,00|22|8.028|51.457.420,00|
|25/10/2019|R|6.301,00|6.500,00|6.800,00|6.400,00|11|3.948|25.450.105,00|
|28/10/2019|R|6.500,00|6.500,00|6.800,00|6.300,07|23|17.021|110.444.208,65|
|29/10/2019|R|6.500,00|7.000,00|7.000,00|6.800,00|20|12.228|83.222.000,00|
|30/10/2019|R|7.000,00|6.800,00|6.800,00|6.800,00|7|408|2.774.400,00|
|31/10/2019|R|6.800,00|6.500,00|6.800,00|6.500,00|11|1.166|7.665.000,00|
|01/11/2019|R|6.500,00|6.250,00|6.300,00|6.100,00|18|10.236|62.559.400,00|
|05/11/2019|R|6.250,00|6.347,00|6.400,00|6.200,00|17|21.311|132.534.258,00|
|06/11/2019|R|6.347,00|6.400,00|6.800,00|6.365,00|18|3.371|21.746.750,00|
|07/11/2019|R|6.400,00|6.701,00|6.750,00|6.600,00|11|16.941|113.487.455,00|
|08/11/2019|R|6.701,00|6.800,00|6.900,00|6.750,00|31|15.253|104.188.120,00|
|11/11/2019|R|6.800,00|7.351,00|7.500,00|6.900,00|18|3.807|27.571.345,00|
|12/11/2019|R|7.351,00|7.500,00|7.950,00|7.395,00|38|36.784|277.652.400,00|
|13/11/2019|R|7.500,00|7.900,00|7.900,00|7.500,00|18|6.806|51.480.850,00|
|14/11/2019|R|7.900,00|7.500,00|7.600,00|7.450,00|32|7.067|53.031.850,00|
|15/11/2019|R|7.500,00|7.290,00|7.400,00|7.170,00|15|14.476|106.946.880,00|
|18/11/2019|R|7.290,00|7.500,00|7.650,00|7.500,00|23|14.207|107.602.050,00|
|19/11/2019|R|7.500,00|7.580,00|7.650,00|7.500,00|19|2.761|20.925.910,00|
|20/11/2019|R|7.580,00|7.500,00|7.600,00|7.500,00|18|21.456|160.970.000,00|
|21/11/2019|R|7.500,00|7.400,00|7.500,00|7.400,00|16|1.668|12.448.620,00|
|22/11/2019|R|7.400,00|7.300,00|7.400,00|7.260,00|9|1.633|11.915.000,00|
|25/11/2019|R|7.300,00|7.200,00|7.300,00|7.200,00|26|8.174|59.046.045,67|
|26/11/2019|R|7.200,00|7.250,00|7.300,01|7.250,00|15|19.000|138.640.186,40|
|27/11/2019|R|7.250,00|7.700,00|7.800,00|7.250,00|44|32.973|247.321.615,00|
|28/11/2019|R|7.700,00|8.200,00|8.200,00|7.950,00|13|1.666|13.406.590,00|
|29/11/2019|R|8.200,00|8.650,00|8.650,00|8.200,00|27|21.951|182.363.800,00|
|02/12/2019|R|8.650,00|8.800,00|8.800,00|8.600,00|16|5.680|49.013.900,00|
|03/12/2019|R|8.800,00|9.000,00|9.200,00|9.000,00|23|4.857|44.126.950,00|
|04/12/2019|R|9.000,00|8.999,00|9.000,00|8.999,00|11|1.619|14.570.260,00|
|05/12/2019|R|8.999,00|8.900,00|9.150,00|8.900,00|12|914|8.175.550,00|
|06/12/2019|R|8.900,00|8.799,00|8.998,95|8.799,00|16|4.155|36.705.711,95|
|09/12/2019|R|8.799,00|8.400,00|8.950,00|8.400,00|12|2.035|17.881.350,00|
|10/12/2019|R|8.400,00|7.600,00|8.400,00|7.600,00|10|3.088|24.678.300,00|
|11/12/2019|R|7.600,00|6.890,00|7.500,00|6.890,00|19|24.906|173.106.840,00|
|12/12/2019|R|6.890,00|6.890,00|7.100,00|6.800,00|19|3.985|27.594.057,50|
|13/12/2019|R|6.890,00|7.000,00|7.200,00|6.900,00|22|13.031|91.301.000,00|
|16/12/2019|R|7.000,00|7.275,00|7.275,00|7.200,00|34|33.902|244.376.300,00|
|17/12/2019|R|7.275,00|7.275,00|7.275,00|7.190,00|15|4.210|30.357.620,00|
|18/12/2019|R|7.275,00|8.500,00|8.500,00|7.300,00|31|19.120|157.028.000,00|
|19/12/2019|R|8.500,00|9.000,00|9.500,00|8.500,00|14|1.949|17.369.000,00|
|20/12/2019|R|9.000,00|10.780,01|10.790,00|9.500,00|11|10.375|96.241.551,00|
|23/12/2019|R|10.780,01|12.000,00|12.936,00|10.780,00|26|38.821|424.529.756,32|
|26/12/2019|R|12.000,00|12.000,01|12.300,00|12.000,00|19|32.794|393.731.400,10|
|27/12/2019|R|12.000,01|13.000,00|13.000,00|13.000,00|5|67|871.000,00|
|30/12/2019|R|13.000,00|15.000,00|15.000,00|15.000,00|5|4.028|60.389.000,00|
|02/01/2020|R|15.000,00|16.000,00|16.000,00|15.000,00|4|1.571|23.882.000,00|
|03/01/2020|R|16.000,00|18.999,00|19.200,00|18.999,00|13|5.035|95.776.402,00|
|07/01/2020|R|18.999,00|19.000,00|20.000,00|19.000,00|36|16.616|318.416.302,51|
|08/01/2020|R|19.000,00|20.000,00|20.000,00|18.500,00|28|12.264|231.899.800,00|
|09/01/2020|R|20.000,00|18.500,00|21.000,00|18.000,00|27|15.787|306.638.000,00|
|10/01/2020|R|18.500,00|18.000,00|18.500,00|17.000,00|30|27.801|498.787.601,50|
|13/01/2020|R|18.000,00|18.110,00|20.000,00|18.110,00|19|2.013|37.449.477,00|
|14/01/2020|R|18.110,00|18.000,00|18.350,00|18.000,00|15|14.580|262.453.750,00|
|15/01/2020|R|18.000,00|21.000,00|21.000,00|18.000,00|19|5.652|104.234.750,00|
|16/01/2020|R|21.000,00|22.950,00|23.000,00|20.000,00|11|2.475|50.427.125,00|
|17/01/2020|R|22.950,00|20.500,00|21.000,00|20.000,00|21|5.841|121.893.500,00|
|21/01/2020|R|20.500,00|17.500,00|19.000,00|17.500,00|8|298|5.394.500,00|
|22/01/2020|R|17.500,00|18.000,00|18.250,00|17.000,00|13|2.310|41.640.700,00|
|23/01/2020|R|18.000,00|18.000,00|18.000,00|18.000,00|6|4.054|72.972.000,00|
|24/01/2020|R|18.000,00|17.000,00|17.000,00|17.000,00|18|7.977|135.609.000,00|
|27/01/2020|R|17.000,00|17.000,02|17.500,00|17.000,00|39|15.509|263.673.500,20|
|28/01/2020|R|17.000,02|17.000,02|17.800,00|17.000,00|17|7.255|123.580.059,57|
|29/01/2020|R|17.000,02|18.500,00|18.500,00|17.800,00|13|1.064|19.176.900,00|
|30/01/2020|R|18.500,00|20.000,00|22.000,00|20.000,00|6|1.655|33.002.000,00|
|31/01/2020|R|20.000,00|23.000,00|23.000,00|22.000,00|12|504|11.300.000,00|
|03/02/2020|R|23.000,00|21.000,00|23.000,00|21.000,00|12|3.839|81.764.400,00|
|04/02/2020|R|21.000,00|20.500,00|20.500,00|20.000,00|10|3.320|67.185.000,00|
|05/02/2020|R|20.500,00|20.750,00|20.750,00|20.200,00|29|9.563|196.261.030,00|
|06/02/2020|R|20.750,00|22.000,00|22.000,00|21.000,00|17|11.536|242.271.000,00|
|07/02/2020|R|22.000,00|21.000,00|22.000,00|21.000,00|10|3.626|76.900.000,00|
|10/02/2020|R|21.000,00|23.000,00|23.000,00|21.000,00|15|3.968|84.010.000,00|
|11/02/2020|R|23.000,00|23.000,00|23.500,00|23.000,00|20|6.962|160.943.530,00|
|12/02/2020|R|23.000,00|22.450,00|23.000,00|22.000,00|16|1.934|43.024.850,00|
|17/02/2020|R|22.450,00|21.500,00|21.500,00|21.500,00|10|3.461|76.813.200,00|
|18/02/2020|R|21.500,00|20.500,00|20.500,00|20.500,00|13|10.293|221.164.076,00|
|19/02/2020|R|20.500,00|19.250,00|19.250,00|19.250,00|14|3.914|76.624.495,00|
|26/02/2020|R|19.000,00|18.500,00|19.000,00|17.500,00|18|4.970|88.644.001,00|
|27/02/2020|R|18.500,00|19.239,00|19.500,00|18.000,00|12|2.953|55.325.950,00|
|28/02/2020|R|19.239,00|18.500,00|19.000,00|18.500,00|12|1.967|36.402.500,00|
|02/03/2020|R|18.500,00|18.395,00|18.500,00|18.395,00|6|1.075|19.831.165,00|
|03/03/2020|R|18.395,00|18.000,00|18.390,00|18.000,00|21|6.201|111.702.355,00|
|04/03/2020|R|18.000,00|17.790,00|17.999,00|17.790,00|12|7.278|129.482.504,00|
|05/03/2020|R|17.790,00|17.620,00|17.700,00|17.500,00|22|6.607|115.728.025,00|
|06/03/2020|R|17.620,00|17.390,00|17.500,00|17.100,00|11|2.777|48.203.430,00|
|09/03/2020|R|17.390,00|17.199,00|17.390,00|17.000,00|17|1.579|27.099.166,00|
|10/03/2020|R|17.199,00|17.200,00|17.350,00|17.000,00|29|22.497|385.980.150,00|
|11/03/2020|R|17.200,00|19.350,00|20.400,00|17.350,00|32|5.296|102.077.900,00|
|12/03/2020|R|19.350,00|19.000,00|20.500,00|19.000,00|58|9.942|193.910.000,00|
|13/03/2020|R|19.000,00|19.500,00|19.999,00|19.000,00|26|2.773|53.205.203,10|
|16/03/2020|R|19.500,00|18.500,00|20.500,00|18.500,00|6|27.088|501.283.498,00|
|17/03/2020|R|18.500,00|18.500,00|18.500,00|18.500,00|6|8.501|157.268.500,00|
|18/03/2020|R|18.500,00|18.000,00|18.000,00|18.000,00|9|3.942|70.956.000,00|
|20/03/2020|R|18.000,00|17.000,00|18.000,00|17.000,00|11|2.655|45.248.300,00|
|23/03/2020|R|17.000,00|16.995,00|17.000,00|16.995,00|7|797|13.548.700,00|
|24/03/2020|R|16.995,00|16.995,00|16.995,00|15.000,00|3|6.506|105.570.000,00|
|25/03/2020|R|16.995,00|14.995,00|16.000,00|14.995,00|18|3.199|48.035.005,00|
|26/03/2020|R|14.995,00|15.000,00|15.000,00|14.995,00|19|9.613|144.179.950,00|
|27/03/2020|R|15.000,00|17.800,00|17.800,00|15.005,00|10|3.763|62.200.000,00|
|30/03/2020|R|17.800,00|20.500,00|20.500,00|18.000,00|25|5.313|103.402.500,00|
|31/03/2020|R|20.500,00|20.495,00|20.500,00|20.000,00|15|5.908|118.613.317,00|
|01/04/2020|R|20.495,00|20.500,00|20.800,00|20.500,00|10|2.544|52.229.215,00|
|02/04/2020|R|20.500,00|22.000,00|22.000,00|21.000,00|25|8.468|180.931.600,00|
|03/04/2020|R|22.000,00|22.500,00|22.500,00|22.500,00|23|9.031|203.197.500,00|
|06/04/2020|R|22.500,00|27.500,00|28.000,00|23.000,00|19|8.585|228.763.500,00|
|07/04/2020|R|27.500,00|34.800,00|34.800,00|28.000,00|24|8.623|270.939.288,00|
|08/04/2020|R|34.800,00|36.999,99|37.000,00|34.800,00|23|7.366|261.459.199,30|
|13/04/2020|R|36.999,99|40.000,00|43.000,00|37.000,00|27|5.774|229.784.999,28|
|14/04/2020|R|40.000,00|42.790,00|43.000,00|40.000,00|18|2.545|106.759.867,00|
|15/04/2020|R|42.790,00|38.495,00|42.790,00|38.000,00|15|2.774|111.271.962,00|
|16/04/2020|R|38.495,00|38.400,00|38.900,00|37.000,00|20|5.656|215.985.800,00|
|17/04/2020|R|38.400,00|37.500,00|38.400,00|37.000,00|20|5.103|193.025.100,00|
|20/04/2020|R|37.500,00|40.000,00|40.000,00|38.000,00|24|16.182|640.749.000,00|
|21/04/2020|R|40.000,00|42.850,00|42.850,00|41.000,00|31|7.594|315.999.450,00|
|22/04/2020|R|42.850,00|44.500,00|47.000,00|42.500,00|29|8.562|371.458.000,00|
|23/04/2020|R|44.500,00|48.000,00|50.000,00|48.000,00|23|5.645|275.223.500,00|
|24/04/2020|R|48.000,00|44.000,00|46.500,00|44.000,00|18|7.807|346.824.495,00|
|27/04/2020|R|44.000,00|43.500,00|44.500,00|42.000,00|39|16.283|705.679.500,00|
|28/04/2020|R|43.500,00|43.500,00|44.000,00|43.500,00|25|11.759|511.558.000,00|
|29/04/2020|R|43.500,00|45.500,00|46.000,00|43.800,00|18|5.878|259.526.850,00|
|30/04/2020|R|45.500,00|45.000,00|45.500,00|44.000,00|16|2.701|119.716.065,00|
|04/05/2020|R|45.000,00|46.000,00|46.500,00|45.000,00|25|17.548|807.261.000,00|
|05/05/2020|R|46.000,00|45.500,00|46.000,00|45.000,00|11|4.268|194.217.750,00|
|06/05/2020|R|45.500,00|45.994,00|47.000,00|45.994,00|26|6.843|315.920.400,00|
|07/05/2020|R|45.994,00|47.400,00|48.000,00|47.000,00|20|5.783|276.391.500,00|
|08/05/2020|R|47.400,00|49.000,00|49.000,00|47.000,00|34|5.505|265.910.900,00|
|11/05/2020|R|49.000,00|49.000,00|50.000,00|49.000,00|16|1.981|98.752.000,00|
|12/05/2020|R|49.000,00|45.200,00|49.999,00|45.200,00|19|7.786|368.259.790,00|
|13/05/2020|R|45.200,00|44.000,00|45.200,00|44.000,00|18|4.504|199.181.700,00|
|14/05/2020|R|44.000,00|43.000,00|44.000,00|43.000,00|13|2.840|124.152.200,00|
|15/05/2020|R|43.000,00|43.600,00|44.000,00|43.600,00|16|2.240|98.539.400,00|
|18/05/2020|R|43.600,00|43.999,00|44.000,00|43.999,00|22|4.320|190.079.940,00|
|19/05/2020|R|43.999,00|44.000,00|45.000,00|44.000,00|32|13.241|582.835.200,00|
|20/05/2020|R|44.000,00|43.500,00|45.000,00|42.500,00|23|13.181|569.260.500,00|
|21/05/2020|R|43.500,00|43.000,00|44.000,00|42.500,00|43|124.934|5.312.109.000,00|
|22/05/2020|R|43.000,00|45.400,00|45.500,00|42.500,00|28|10.451|456.666.000,00|
|26/05/2020|R|45.400,00|44.300,00|45.300,00|44.300,00|12|424|18.913.600,00|
|27/05/2020|R|44.300,00|45.000,00|45.000,00|44.400,00|20|74.791|3.225.428.200,00|
|28/05/2020|R|45.000,00|46.005,00|46.005,00|44.000,00|13|3.050|135.670.700,00|
|29/05/2020|R|46.005,00|50.000,00|50.500,00|46.000,00|23|5.378|267.403.298,10|
|01/06/2020|R|50.000,00|49.500,00|50.000,00|49.500,00|21|5.286|263.631.000,00|
|02/06/2020|R|49.500,00|51.000,00|51.000,00|48.000,00|24|9.896|486.495.020,00|
|03/06/2020|R|51.000,00|57.100,00|57.100,00|52.000,00|29|5.968|324.767.347,00|
|04/06/2020|R|57.100,00|55.000,00|59.999,99|55.000,00|28|27.147|1.497.973.218,95|
|05/06/2020|R|55.000,00|49.999,00|55.000,00|47.000,00|42|18.967|954.802.303,00|
|08/06/2020|R|49.999,00|48.000,00|49.999,00|48.000,00|25|3.390|167.844.126,00|
|09/06/2020|R|48.000,00|46.000,00|48.000,00|45.900,00|39|31.486|1.454.012.000,00|
|10/06/2020|R|46.000,00|46.499,00|48.000,00|46.000,00|41|31.346|1.458.341.851,00|
|11/06/2020|R|46.499,00|49.499,00|50.500,00|46.499,00|19|2.866|133.711.472,00|
|12/06/2020|R|49.499,00|49.000,00|52.500,00|48.000,00|30|7.739|383.144.973,97|
|16/06/2020|R|49.000,00|46.000,00|49.000,00|46.000,00|34|16.785|776.569.845,00|
|17/06/2020|R|46.000,00|44.995,00|46.000,00|44.875,00|19|4.006|181.104.768,50|
|18/06/2020|R|44.995,00|48.000,00|50.000,00|44.000,00|22|9.843|448.316.392,50|
|19/06/2020|R|48.000,00|47.000,00|48.000,00|46.500,00|16|3.788|177.966.000,00|
|22/06/2020|R|47.000,00|48.000,00|48.000,00|47.999,99|11|650.395|31.218.959.999,83|
|23/06/2020|R|48.000,00|47.000,00|48.000,00|47.000,00|21|10.790|517.294.700,00|
|25/06/2020|R|47.000,00|46.000,00|47.000,00|46.000,00|25|7.415|341.336.944,00|
|26/06/2020|R|46.000,00|46.000,00|46.000,00|46.000,00|21|6.460|297.160.000,00|
|30/06/2020|R|46.000,00|46.500,00|46.500,00|46.000,00|22|11.540|535.037.500,00|
|01/07/2020|R|46.500,00|46.000,00|46.500,00|46.000,00|17|9.865|453.872.000,00|
|02/07/2020|R|46.000,00|45.000,00|46.000,00|45.000,00|25|13.693|618.671.835,00|
|03/07/2020|R|45.000,00|45.000,00|45.000,00|45.000,00|21|21.634|973.530.000,00|
|06/07/2020|R|45.000,00|45.889,00|46.000,00|45.000,00|15|10.949|493.216.951,00|
|07/07/2020|R|45.889,00|44.000,00|45.000,00|44.000,00|26|12.832|566.608.000,00|
|08/07/2020|R|44.000,00|47.000,00|47.000,00|44.000,00|38|18.228|841.439.000,00|
|09/07/2020|R|47.000,00|45.300,00|47.000,00|44.000,00|38|69.085|3.063.923.350,00|
|10/07/2020|R|45.300,00|45.500,00|46.000,00|45.000,00|11|2.892|130.966.000,00|
|13/07/2020|R|45.500,00|45.990,00|46.500,00|45.500,00|14|2.390|108.885.247,00|
|14/07/2020|R|45.990,00|46.999,95|47.000,00|46.500,00|13|4.123|192.120.999,75|
|15/07/2020|R|46.999,95|47.999,00|48.500,00|47.500,00|11|1.971|93.787.805,00|
|16/07/2020|R|47.999,00|47.800,00|48.500,00|47.800,00|21|7.605|365.017.600,10|
|17/07/2020|R|47.800,00|50.000,00|50.000,00|48.500,00|15|16.444|804.099.750,00|
|20/07/2020|R|50.000,00|49.000,00|50.000,00|48.000,00|25|11.427|560.315.151,10|
|21/07/2020|R|49.000,00|48.050,00|49.500,00|48.050,00|4|190|9.383.250,00|
|22/07/2020|R|48.050,00|55.505,00|56.000,00|49.500,00|30|10.160|558.138.040,00|
|23/07/2020|R|55.505,00|57.999,99|58.000,00|57.999,99|16|7.024|407.391.997,88|
|27/07/2020|R|57.999,99|57.900,00|58.000,00|56.000,00|16|1.536|88.722.200,00|
|28/07/2020|R|57.900,00|57.800,01|58.499,00|57.800,01|21|6.278|364.129.256,16|
|29/07/2020|R|57.800,01|57.800,00|58.000,00|57.000,00|23|2.247|129.563.630,37|
|30/07/2020|R|57.800,00|58.000,00|58.001,00|58.000,00|17|3.596|208.568.500,00|
|31/07/2020|R|58.000,00|60.000,00|60.000,00|59.000,00|17|6.032|356.593.000,00|
|03/08/2020|R|60.000,00|60.000,00|62.000,00|60.000,00|21|4.651|279.086.503,50|
|04/08/2020|R|60.000,00|62.500,00|62.500,00|59.999,99|28|13.917|840.644.999,68|
|05/08/2020|R|62.500,00|62.500,00|62.500,00|62.000,00|20|8.021|500.735.039,66|
|06/08/2020|R|62.500,00|63.000,00|64.750,00|62.500,00|21|3.109|195.798.151,00|
|07/08/2020|R|63.000,00|65.000,00|65.000,00|62.500,00|31|5.350|343.887.745,52|
|10/08/2020|R|65.000,00|66.500,00|67.000,00|65.500,00|13|1.025|68.066.000,00|
|11/08/2020|R|66.500,00|60.000,00|62.000,00|60.000,00|4|1.010|62.603.998,00|
|12/08/2020|R|60.000,00|62.000,00|62.000,00|60.000,00|35|17.143|1.062.734.790,00|
|13/08/2020|R|62.000,00|67.000,00|67.000,00|65.000,00|16|3.550|236.240.000,00|
|14/08/2020|R|67.000,00|69.000,00|69.000,00|67.995,00|20|8.376|569.987.750,00|
|17/08/2020|R|69.000,00|69.000,00|70.000,00|68.500,00|23|6.442|447.912.498,00|
|18/08/2020|R|69.000,00|69.000,00|70.000,00|68.500,00|29|4.483|308.600.800,00|
|19/08/2020|R|69.000,00|75.000,00|75.000,00|69.000,00|13|3.652|254.929.200,00|
|20/08/2020|R|75.000,00|78.000,00|78.000,00|75.000,00|36|15.854|1.198.692.000,00|
|21/08/2020|R|78.000,00|80.000,00|80.000,00|78.001,00|8|3.929|307.323.500,00|
|24/08/2020|R|80.000,00|80.500,00|81.000,00|80.500,00|18|5.548|449.219.500,00|
|25/08/2020|R|80.500,00|80.000,00|81.000,00|80.000,00|7|960|76.828.500,00|
|26/08/2020|R|80.000,00|80.000,00|82.000,00|80.000,00|17|1.206|96.854.600,00|
|27/08/2020|R|80.000,00|80.500,00|81.500,00|80.500,00|22|4.590|372.045.250,00|
|28/08/2020|R|80.500,00|80.500,00|81.000,00|80.500,00|7|2.862|230.592.005,00|
|31/08/2020|R|80.500,00|82.000,00|84.000,00|80.500,00|17|4.672|376.583.000,00|
|01/09/2020|R|82.000,00|80.000,00|84.000,00|80.000,00|33|3.008|247.410.000,00|
|02/09/2020|R|80.000,00|78.000,00|80.000,00|77.000,00|24|1.608|126.496.991,00|
|03/09/2020|R|78.000,00|78.999,99|80.000,00|78.000,00|53|27.543|2.187.120.947,24|
|04/09/2020|R|78.999,99|78.000,00|80.000,00|78.000,00|34|5.377|425.868.999,88|
|07/09/2020|R|78.000,00|78.000,00|79.000,00|77.500,00|21|2.141|167.190.050,00|
|08/09/2020|R|78.000,00|76.500,00|78.000,00|76.000,00|24|12.917|989.422.000,00|
|09/09/2020|R|76.500,00|75.500,00|76.500,00|75.500,00|20|3.074|233.719.899,70|
|10/09/2020|R|75.500,00|76.500,50|77.000,01|75.499,00|41|65.308|5.001.836.074,90|
|11/09/2020|R|76.500,50|77.000,00|79.999,99|77.000,00|14|7.001|539.079.999,99|
|15/09/2020|R|77.000,00|75.500,00|78.000,00|75.500,00|29|5.641|432.688.500,00|
|16/09/2020|R|75.500,00|75.000,00|76.000,00|74.999,00|25|3.077|231.590.493,00|
|17/09/2020|R|75.000,00|76.000,00|76.500,00|75.999,99|11|498|37.857.498,11|
|18/09/2020|R|76.000,00|78.999,99|78.999,99|76.000,00|18|8.358|639.148.000,18|
|21/09/2020|R|78.999,99|77.999,99|78.999,98|77.999,99|20|4.875|380.235.999,76|
|22/09/2020|R|77.999,99|77.998,00|79.999,99|77.998,00|23|1.667|130.102.905,92|
|23/09/2020|R|77.998,00|75.000,01|77.910,00|75.000,01|10|1.083|84.246.320,06|
|24/09/2020|R|75.000,01|75.999,00|77.000,00|75.500,00|24|6.301|480.952.943,00|
|25/09/2020|R|75.999,00|77.500,00|80.000,00|76.000,00|40|17.002|1.297.038.500,00|
|28/09/2020|R|77.500,00|79.000,00|80.000,00|78.000,00|26|4.935|387.926.250,00|
|29/09/2020|R|79.000,00|81.500,00|82.000,00|79.500,00|31|13.036|1.054.757.990,00|
|30/09/2020|R|81.500,00|81.500,00|82.000,00|79.999,99|27|2.708|219.412.990,00|
|01/10/2020|R|81.500,00|81.000,00|81.500,00|80.000,00|27|7.605|614.492.500,00|
|02/10/2020|R|81.000,00|80.999,00|81.500,00|80.500,00|35|7.151|579.856.450,00|
|05/10/2020|R|80.999,00|80.000,00|82.000,00|80.000,00|20|2.929|235.249.000,00|
|06/10/2020|R|80.000,00|78.000,00|80.500,00|78.000,00|16|1.470|117.293.500,00|
|07/10/2020|R|78.000,00|78.500,00|80.000,00|78.000,00|25|1.222|97.216.500,00|
|08/10/2020|R|78.500,00|79.500,00|80.000,00|79.500,00|32|12.035|957.742.725,00|
|09/10/2020|R|79.500,00|78.500,00|79.950,00|78.500,00|16|1.371|108.757.120,00|
|13/10/2020|R|78.500,00|77.999,00|79.501,00|77.999,00|20|4.977|389.917.248,00|
|14/10/2020|R|77.999,00|78.000,00|80.000,00|78.000,00|14|3.712|289.636.000,00|
|15/10/2020|R|78.000,00|77.000,00|79.950,00|77.000,00|17|40.479|3.117.376.950,00|
|16/10/2020|R|77.000,00|76.000,00|76.000,00|76.000,00|20|4.451|338.276.000,00|
|19/10/2020|R|76.000,00|75.000,00|76.000,01|75.000,00|19|6.729|510.695.004,45|
|20/10/2020|R|75.000,00|75.000,00|75.950,00|74.000,00|19|12.795|956.375.000,00|
|21/10/2020|R|75.000,00|74.000,00|75.000,00|73.500,00|27|4.303|318.005.000,00|
|22/10/2020|R|74.000,00|74.000,00|75.000,00|74.000,00|35|5.962|441.257.850,00|
|23/10/2020|R|74.000,00|74.100,00|76.000,00|74.000,00|14|1.424|105.477.500,00|
|26/10/2020|R|74.100,00|75.800,00|76.000,00|74.000,00|19|9.956|737.334.360,00|
|27/10/2020|R|75.800,00|73.000,00|74.000,00|73.000,00|30|13.867|1.019.264.000,00|
|28/10/2020|R|73.000,00|73.000,00|74.500,00|73.000,00|33|12.922|945.606.502,45|
|29/10/2020|R|73.000,00|77.999,99|79.000,00|77.999,99|21|7.259|566.351.999,35|
|30/10/2020|R|77.999,99|79.995,00|82.000,00|78.000,00|23|2.466|197.090.767,00|
|02/11/2020|R|79.995,00|80.000,00|80.500,00|78.000,00|18|14.166|1.134.040.006,02|
|03/11/2020|R|80.000,00|78.000,00|80.000,00|77.000,00|21|4.453|345.365.000,00|
|04/11/2020|R|78.000,00|79.995,00|80.000,00|79.995,00|11|404|32.092.590,00|
|05/11/2020|R|79.995,00|80.000,00|81.000,00|79.500,00|19|4.975|398.935.000,00|
|06/11/2020|R|80.000,00|77.000,00|80.000,00|77.000,00|29|102.698|7.913.041.000,00|
|09/11/2020|R|77.000,00|77.000,00|77.000,00|77.000,00|15|9.563|737.086.000,00|
|10/11/2020|R|77.000,00|78.000,00|78.000,00|77.000,00|11|1.239|95.516.000,00|
|11/11/2020|R|78.000,00|80.000,00|81.000,00|79.000,00|11|1.877|149.600.357,00|
|12/11/2020|R|80.000,00|79.400,00|80.000,00|79.000,00|24|6.316|500.444.400,00|
|13/11/2020|R|79.400,00|80.000,00|80.000,00|79.100,00|21|4.134|328.823.700,00|
|16/11/2020|R|80.000,00|81.500,00|82.000,00|80.000,00|23|10.978|879.085.061,00|
|17/11/2020|R|81.500,00|83.000,00|83.000,00|81.500,00|20|19.182|1.583.082.501,00|
|18/11/2020|R|83.000,00|90.000,00|90.000,00|81.000,00|34|37.751|3.089.440.200,00|
|19/11/2020|R|90.000,00|92.999,99|95.500,00|90.000,00|12|15.629|1.453.465.946,29|
|20/11/2020|R|92.999,99|99.000,00|107.999,99|95.000,00|28|9.905|946.760.999,90|
|24/11/2020|R|99.000,00|105.000,00|110.000,00|104.000,00|41|5.403|567.730.250,00|
|25/11/2020|R|105.000,00|107.000,00|109.000,00|104.500,00|45|50.189|5.319.782.081,47|
|26/11/2020|R|107.000,00|112.000,00|119.999,99|110.000,00|13|4.114|453.272.029,65|
|27/11/2020|R|112.000,00|162.000,00|162.000,00|120.000,00|40|31.271|4.036.315.000,00|
|30/11/2020|R|162.000,00|169.500,00|170.000,00|165.000,00|28|16.005|2.680.036.995,00|
|01/12/2020|R|169.500,00|168.000,00|169.500,00|168.000,00|10|149|25.042.500,00|
|02/12/2020|R|168.000,00|149.950,00|167.000,00|140.000,00|14|546|85.552.900,00|
|03/12/2020|R|149.950,00|175.000,00|178.000,00|159.990,00|26|5.490|956.564.500,00|
|04/12/2020|R|175.000,00|203.000,00|209.990,00|190.000,00|16|2.813|568.801.150,00|
|07/12/2020|R|203.000,00|205.000,00|243.590,00|203.000,00|23|1.517|330.024.800,00|
|08/12/2020|R|205.000,00|195.000,00|200.000,00|190.000,00|17|6.467|1.262.150.000,00|
|09/12/2020|R|195.000,00|189.000,00|200.000,00|189.000,00|15|1.453|276.291.000,00|
|10/12/2020|R|189.000,00|189.990,00|190.000,00|189.000,00|13|1.446|274.229.130,00|
|11/12/2020|R|189.990,00|180.000,00|189.990,00|180.000,00|24|3.712|683.062.310,00|
|15/12/2020|R|180.000,00|175.000,00|185.000,00|165.000,00|14|6.148|1.065.630.000,00|
|16/12/2020|R|175.000,00|171.000,00|185.000,00|170.000,00|38|13.253|2.296.944.760,00|
|17/12/2020|R|171.000,00|160.000,00|185.000,00|160.000,00|22|39.018|6.589.890.000,00|
|18/12/2020|R|160.000,00|150.000,00|160.000,00|150.000,00|26|22.023|3.332.110.000,00|
|21/12/2020|R|150.000,00|149.450,00|150.000,00|140.010,00|21|8.858|1.262.993.650,00|
|22/12/2020|R|149.450,00|135.000,00|150.000,00|134.000,00|21|1.188|165.809.850,00|
|23/12/2020|R|135.000,00|133.000,00|138.000,00|126.000,00|45|13.030|1.706.885.610,00|
|28/12/2020|R|133.000,00|140.000,00|150.000,00|137.000,00|33|6.518|917.240.000,00|
|29/12/2020|R|140.000,00|155.000,00|155.000,00|155.000,00|23|7.261|1.125.455.000,00|
|30/12/2020|R|155.000,00|200.000,00|200.000,00|160.000,00|18|2.880|498.875.000,00|
|04/01/2021|R|200.000,00|199.990,00|225.000,00|199.990,00|21|3.398|683.346.700,00|
|05/01/2021|R|199.990,00|199.000,00|210.000,00|199.000,00|16|4.541|907.255.480,00|
|06/01/2021|R|199.000,00|218.000,00|219.000,00|205.000,00|16|15.550|3.242.334.950,00|
|07/01/2021|R|218.000,00|235.000,00|235.000,00|220.000,00|23|19.610|4.458.740.000,00|
|08/01/2021|R|235.000,00|290.000,00|290.000,00|259.990,00|31|31.641|9.108.755.330,00|
|12/01/2021|R|290.000,00|233.000,00|290.000,00|233.000,00|21|13.116|3.661.145.000,00|
|13/01/2021|R|233.000,00|208.000,00|233.000,00|205.000,00|25|20.404|4.236.652.040,00|
|14/01/2021|R|208.000,00|230.000,00|249.000,00|220.000,00|20|9.839|2.184.446.740,00|
|15/01/2021|R|230.000,00|260.000,00|269.990,00|235.000,00|34|10.187|2.597.094.950,00|
|19/01/2021|R|260.000,00|255.000,00|275.000,00|230.000,00|31|12.717|3.153.575.980,00|
|20/01/2021|R|255.000,00|254.000,00|255.000,00|250.000,00|21|3.058|772.537.000,00|
|21/01/2021|R|254.000,00|245.000,00|254.000,00|245.000,00|31|23.904|5.862.447.090,00|
|22/01/2021|R|245.000,00|251.000,00|255.000,00|250.010,00|22|6.670|1.674.460.000,00|
|25/01/2021|R|251.000,00|235.000,00|251.000,00|225.000,00|16|25.287|5.927.332.450,00|
|26/01/2021|R|235.000,00|250.010,00|251.000,00|235.000,00|28|12.458|3.113.988.430,00|
|27/01/2021|R|250.010,00|255.000,00|290.000,00|250.020,00|25|23.757|6.048.922.400,00|
|28/01/2021|R|255.000,00|240.000,00|260.000,00|240.000,00|8|4.275|1.087.974.650,00|
|29/01/2021|R|240.000,00|245.000,00|250.000,00|230.000,00|29|22.970|5.524.571.000,00|
|01/02/2021|R|245.000,00|230.000,00|245.000,00|230.000,00|19|2.315|543.620.450,00|
|02/02/2021|R|230.000,00|244.950,00|245.000,00|225.000,00|29|17.961|4.062.651.220,00|
|03/02/2021|R|244.950,00|248.000,00|248.000,00|240.000,00|16|5.120|1.240.740.000,00|
|04/02/2021|R|248.000,00|244.850,00|250.000,00|244.850,00|14|6.421|1.573.880.500,00|
|05/02/2021|R|244.850,00|234.450,00|244.850,00|230.000,00|39|85.810|20.358.604.850,00|
|08/02/2021|R|234.450,00|239.000,00|240.000,00|238.990,00|12|7.650|1.830.235.450,00|
|09/02/2021|R|239.000,00|224.940,00|235.000,00|224.940,00|13|8.631|1.980.421.700,00|
|10/02/2021|R|224.940,00|222.890,00|225.000,00|220.000,00|15|6.151|1.376.409.900,00|
|11/02/2021|R|222.890,00|200.000,00|220.000,00|200.000,00|14|9.199|1.845.505.000,00|
|12/02/2021|R|200.000,00|199.900,00|205.000,00|191.000,00|27|10.228|2.000.722.000,00|
|17/02/2021|R|199.900,00|200.000,00|204.900,00|200.000,00|25|7.717|1.544.424.610,00|
|18/02/2021|R|200.000,00|199.980,00|205.000,00|195.000,00|27|34.492|6.800.635.700,00|
|19/02/2021|R|199.980,00|210.000,00|210.000,00|195.000,00|37|75.553|14.810.931.000,00|
|22/02/2021|R|210.000,00|210.000,00|210.000,00|210.000,00|26|9.555|2.006.550.000,00|
|23/02/2021|R|210.000,00|215.000,00|215.000,00|200.000,00|18|23.777|4.985.345.800,00|
|24/02/2021|R|215.000,00|214.000,00|220.000,00|210.000,00|17|5.086|1.080.347.000,00|
|25/02/2021|R|214.000,00|220.000,00|220.000,00|214.000,00|17|5.322|1.151.466.000,00|
|26/02/2021|R|220.000,00|250.000,00|250.000,00|240.000,00|12|1.705|417.200.000,00|
|01/03/2021|R|250.000,00|244.990,00|250.000,00|240.000,00|23|24.125|5.893.274.160,00|
|02/03/2021|R|244.990,00|242.000,00|254.000,00|242.000,00|15|1.483|367.226.140,00|
|03/03/2021|R|242.000,00|240.000,00|244.000,00|240.000,00|10|305|73.908.000,00|
|04/03/2021|R|240.000,00|193.900,00|239.490,00|193.000,00|43|31.742|6.178.446.630,00|
|05/03/2021|R|193.900,00|225.000,00|225.000,00|200.000,00|27|19.227|3.913.280.000,00|
|08/03/2021|R|225.000,00|225.000,00|245.000,00|220.000,00|14|6.001|1.362.225.000,00|
|09/03/2021|R|225.000,00|224.980,00|230.000,00|224.980,00|15|9.788|2.218.393.500,00|
|10/03/2021|R|224.980,00|240.000,00|240.000,00|222.000,00|26|31.013|6.997.033.000,00|
|11/03/2021|R|240.000,00|240.000,00|250.000,00|240.000,00|24|13.726|3.308.486.000,00|
|12/03/2021|R|240.000,00|255.000,00|265.000,00|240.000,00|24|4.988|1.233.580.000,00|
|15/03/2021|R|255.000,00|255.000,00|260.000,00|250.000,00|8|473|121.735.000,00|
|16/03/2021|R|255.000,00|250.990,00|259.990,00|250.000,00|21|5.032|1.268.603.050,00|
|17/03/2021|R|250.990,00|250.000,00|255.000,00|245.000,00|17|13.822|3.467.540.100,00|
|18/03/2021|R|250.000,00|245.000,00|250.010,00|245.000,00|15|6.182|1.534.815.000,00|
|22/03/2021|R|245.000,00|249.990,00|250.000,00|245.000,00|26|21.095|5.264.088.770,00|
|23/03/2021|R|249.990,00|248.990,00|250.000,00|248.990,00|22|16.392|4.097.882.560,00|
|24/03/2021|R|248.990,00|239.990,00|249.990,00|239.990,00|28|6.352|1.532.218.050,00|
|25/03/2021|R|239.990,00|234.000,00|249.000,00|234.000,00|23|12.391|2.937.482.890,00|
|26/03/2021|R|234.000,00|230.000,00|238.000,00|230.000,00|27|7.666|1.792.580.000,00|
|29/03/2021|R|230.000,00|230.000,00|230.150,00|229.990,00|23|6.875|1.581.284.550,00|
|30/03/2021|R|230.000,00|229.000,00|240.000,00|220.000,00|24|5.824|1.309.527.400,00|
|31/03/2021|R|229.000,00|229.000,00|235.000,00|229.000,00|29|18.620|4.276.133.000,00|
|05/04/2021|R|229.000,00|240.000,00|245.000,00|239.000,00|16|5.948|1.425.825.000,00|
|06/04/2021|R|240.000,00|259.900,00|270.000,00|240.000,00|33|29.213|7.107.869.000,00|
|07/04/2021|R|259.900,00|250.000,00|260.000,00|250.000,00|12|3.808|953.227.500,00|
|08/04/2021|R|250.000,00|242.000,00|250.000,00|230.000,00|17|6.836|1.605.130.000,00|
|09/04/2021|R|242.000,00|242.100,00|244.000,00|240.000,00|26|16.910|4.101.763.920,00|
|12/04/2021|R|242.100,00|244.000,00|248.000,00|242.000,00|16|4.996|1.218.692.100,00|
|13/04/2021|R|244.000,00|244.000,00|248.000,00|242.000,00|20|17.556|4.284.967.830,00|
|14/04/2021|R|244.000,00|274.990,00|287.000,00|244.000,00|21|35.380|8.806.240.350,00|
|15/04/2021|R|274.990,00|270.000,00|275.000,00|265.000,00|23|6.443|1.745.551.750,00|
|16/04/2021|R|270.000,00|285.000,00|295.000,00|279.500,00|21|15.436|4.365.540.600,00|
|20/04/2021|R|285.000,00|320.000,00|320.000,00|285.000,00|28|34.187|10.192.680.000,00|
|21/04/2021|R|320.000,00|325.000,00|330.000,00|320.000,00|33|28.672|9.182.800.130,00|
|22/04/2021|R|325.000,00|360.000,00|360.000,00|330.000,00|31|13.769|4.737.170.000,00|
|23/04/2021|R|360.000,00|431.990,00|431.990,00|365.000,00|16|33.526|12.877.994.780,00|
|26/04/2021|R|431.990,00|469.000,00|469.000,00|430.000,00|35|17.342|7.888.292.000,00|
|27/04/2021|R|469.000,00|500.000,00|505.000,00|469.000,00|40|28.424|13.892.374.000,00|
|28/04/2021|R|500.000,00|550.000,00|599.990,00|525.000,00|35|21.904|11.957.114.780,00|
|29/04/2021|R|550.000,00|600.000,00|600.000,00|550.000,00|15|3.035|1.769.150.000,00|
|30/04/2021|R|600.000,00|550.000,00|650.000,00|550.000,00|9|1.819|1.030.715.000,00|
|03/05/2021|R|550.000,00|520.000,00|550.000,00|520.000,00|11|666|353.780.000,00|
|04/05/2021|R|520.000,00|550.000,00|550.000,00|480.000,00|26|20.218|10.022.863.000,00|
|05/05/2021|R|550.000,00|658.000,00|659.000,00|615.000,00|47|18.329|11.679.633.000,00|
|06/05/2021|R|658.000,00|710.000,00|725.000,00|659.000,00|43|13.332|9.337.151.020,00|
|07/05/2021|R|710.000,00|710.000,00|750.000,00|710.000,00|44|42.119|30.113.355.760,00|
|10/05/2021|R|710.000,00|700.000,00|780.000,00|650.000,00|23|2.859|1.892.290.600,00|
|11/05/2021|R|700.000,00|684.000,00|700.000,00|680.000,00|21|11.885|8.146.186.050,00|
|17/05/2021|R|400.140,00|415.000,00|480.000,00|415.000,00|45|60.754|25.514.466.490,00|
|18/05/2021|R|415.000,00|400.000,00|415.000,00|390.000,00|51|1.945.819|805.424.644.450,00|
|19/05/2021|R|400.000,00|409.000,00|479.000,00|400.000,00|23|8.699|3.495.443.000,00|
|20/05/2021|R|409.000,00|413.000,00|420.000,00|410.000,00|34|141.758|58.130.153.750,00|
|21/05/2021|R|413.000,00|420.000,00|440.000,00|414.000,00|33|14.875|6.186.530.000,00|
|25/05/2021|R|420.000,00|419.970,00|420.000,00|419.950,00|26|15.447|6.487.720.530,00|
|26/05/2021|R|419.970,00|415.000,00|419.970,00|414.950,00|13|41.471|17.211.346.700,00|
|27/05/2021|R|415.000,00|408.950,00|415.000,00|405.000,00|18|19.346|7.882.415.550,00|
|28/05/2021|R|408.950,00|409.000,00|414.950,00|400.010,00|27|21.701|8.894.808.850,00|
|31/05/2021|R|409.000,00|408.000,00|409.000,00|408.000,00|8|600|245.297.000,00|
|01/06/2021|R|408.000,00|406.000,00|408.000,00|400.000,00|10|696|281.508.000,00|
|02/06/2021|R|406.000,00|376.000,00|406.000,00|375.000,00|14|21.812|8.626.671.000,00|
|03/06/2021|R|376.000,00|406.000,00|406.000,00|370.000,00|32|20.233|7.775.828.580,00|
|04/06/2021|R|406.000,00|385.000,00|400.000,00|385.000,00|30|23.992|9.271.510.000,00|
|07/06/2021|R|384.794,69|370.000,00|385.000,00|370.000,00|18|1.328|492.627.000,00|
|08/06/2021|R|370.000,00|360.000,00|370.000,00|351.150,00|33|24.427|8.922.151.150,00|
|09/06/2021|R|360.000,00|350.000,00|355.000,00|340.000,00|16|1.736|606.500.000,00|
|10/06/2021|R|350.000,00|339.990,00|350.000,00|336.000,00|34|43.472|14.833.757.900,00|
|11/06/2021|R|339.990,00|344.800,00|350.000,00|340.000,00|42|19.043|6.515.655.980,00|
|15/06/2021|R|344.800,00|343.500,00|344.800,00|315.000,00|21|11.769|3.864.329.400,00|
|16/06/2021|R|343.500,00|374.500,00|375.000,00|343.500,00|21|12.959|4.512.355.500,00|
|17/06/2021|R|374.500,00|369.900,00|374.500,00|369.900,00|18|5.717|2.112.100.890,00|
|18/06/2021|R|369.900,00|369.900,00|375.000,00|369.900,00|23|33.733|12.479.252.150,00|
|21/06/2021|R|369.900,00|339.990,00|369.500,00|338.000,00|20|9.413|3.351.628.080,00|
|22/06/2021|R|339.990,00|338.000,00|339.990,00|338.000,00|22|3.580|1.213.430.410,00|
|23/06/2021|R|338.000,00|335.000,00|370.000,00|330.000,00|42|14.302|4.814.642.860,00|
|25/06/2021|R|335.000,00|350.000,00|370.000,00|338.000,00|38|23.402|7.942.461.950,00|
|29/06/2021|R|350.000,00|340.000,00|400.000,00|340.000,00|34|51.286|17.823.663.440,00|
|30/06/2021|R|340.000,00|407.000,00|407.000,00|350.000,00|14|8.145|3.073.440.000,00|
|01/07/2021|R|407.000,00|399.990,00|406.900,00|399.990,00|19|10.564|4.226.872.800,00|
|02/07/2021|R|399.990,00|389.990,00|405.000,00|389.990,00|14|997|393.652.180,00|
|06/07/2021|R|389.990,00|389.000,00|390.000,00|389.000,00|8|337|131.355.520,00|
|07/07/2021|R|389.000,00|374.990,00|389.000,00|374.990,00|11|952|369.142.800,00|
|08/07/2021|R|374.990,00|350.000,00|365.000,00|350.000,00|13|1.446|509.740.850,00|
|09/07/2021|R|350.000,00|335.000,00|363.990,00|331.000,00|37|24.445|8.381.099.900,00|
|12/07/2021|R|335.000,00|334.890,00|336.000,00|332.000,00|27|2.052|687.457.900,00|
|13/07/2021|R|334.890,00|330.000,00|334.000,00|330.000,00|9|732|241.628.000,00|
|14/07/2021|R|330.000,00|344.500,00|345.000,00|340.000,00|18|8.311|2.857.642.500,00|
|15/07/2021|R|344.500,00|394.900,00|394.990,00|344.500,00|27|9.885|3.505.462.200,00|
|16/07/2021|R|394.900,00|394.900,00|412.000,00|394.900,00|13|291.501|114.858.239.850,00|
|19/07/2021|R|394.900,00|392.480,00|394.900,00|392.480,00|14|1.189|468.495.230,00|
|20/07/2021|R|392.480,00|388.000,00|390.000,00|370.000,00|13|3.231|1.217.977.880,00|
|21/07/2021|R|388.000,00|388.000,00|393.000,00|388.000,00|20|13.468|5.226.111.000,00|
|22/07/2021|R|388.000,00|388.000,00|395.000,00|388.000,00|20|14.122|5.479.392.000,00|
|23/07/2021|R|388.000,00|410.000,00|430.000,00|391.000,00|13|12.222|5.112.292.020,00|
|26/07/2021|R|410.000,00|410.000,00|410.000,00|410.000,00|21|9.489|3.890.400.000,00|
|27/07/2021|R|410.000,00|401.600,00|410.000,00|401.600,00|15|2.207|902.998.750,00|
|28/07/2021|R|401.600,00|380.000,00|400.990,00|379.990,00|19|15.559|6.111.851.270,00|
|29/07/2021|R|380.000,00|389.980,00|398.900,00|380.000,00|13|824|315.041.100,00|
|30/07/2021|R|389.980,00|398.930,00|405.000,00|398.930,00|6|11.140|4.404.912.600,00|
|02/08/2021|R|398.930,00|398.000,00|398.500,00|398.000,00|6|1.507|600.448.500,00|
|03/08/2021|R|398.000,00|398.000,00|398.500,00|390.000,00|17|8.547|3.399.909.000,00|
|04/08/2021|R|398.000,00|397.990,00|398.000,00|395.000,00|12|2.365|935.866.850,00|
|05/08/2021|R|397.990,00|395.000,00|398.500,00|395.000,00|6|7.422|2.947.714.480,00|



























 





                



























