 

|09/01/2013|R|13,00|13,00|13,00|13,00|1|1.782|23.166,00|
|17/01/2013|R|13,00|13,00|13,00|13,00|2|1.550|20.150,00|
|21/01/2013|R|13,00|13,00|13,00|13,00|1|1.700|22.100,00|
|22/01/2013|R|13,00|13,00|13,00|13,00|3|2.250|29.250,00|
|24/01/2013|R|13,00|13,00|13,00|13,00|3|9.216|119.808,00|
|29/01/2013|R|13,00|13,00|0,00|0,00|1|100|1.375,00|
|05/02/2013|R|13,00|13,00|13,00|13,00|2|1.575|20.475,00|
|06/02/2013|R|13,00|12,50|12,50|12,50|1|1.008|12.600,00|
|08/02/2013|R|12,50|12,50|12,50|12,50|1|18|225,00|
|15/02/2013|R|12,50|13,00|13,00|13,00|1|2.200|28.600,00|
|20/02/2013|R|13,00|13,00|13,00|13,00|1|1.261|16.393,00|
|21/02/2013|R|13,00|13,00|0,00|0,00|1|4.374|56.862,00|
|28/02/2013|R|13,00|13,00|15,55|15,55|1|20|311,00|
|11/03/2013|R|13,00|15,55|15,55|15,55|1|500|7.775,00|
|13/03/2013|R|15,55|13,50|13,50|13,50|1|10.062|135.837,00|
|16/04/2013|R|13,50|14,00|14,00|14,00|1|2.100|29.400,00|
|26/04/2013|R|13,18|15,80|15,80|15,80|4|7.140|112.812,00|
|31/05/2013|R|15,80|15,80|18,40|18,40|1|50|920,00|
|12/06/2013|R|15,80|18,65|18,65|18,65|2|7.000|131.150,00|
|13/06/2013|R|18,65|22,25|22,25|22,25|1|10.000|222.500,00|
|14/06/2013|R|22,25|25,00|25,00|25,00|3|22.360|562.300,00|
|02/07/2013|R|25,00|25,00|0,00|0,00|1|50|1.400,00|
|04/07/2013|R|25,00|25,00|25,00|25,00|1|4.500|112.500,00|
|09/07/2013|R|25,00|25,00|25,01|25,01|2|1.634|40.851,00|
|17/07/2013|R|25,00|20,01|25,00|20,01|2|1.082|22.648,82|
|26/07/2013|R|20,01|25,00|25,00|25,00|1|882|22.050,00|
|29/07/2013|R|25,00|25,00|0,00|0,00|1|100|2.995,00|
|02/08/2013|R|25,00|26,00|26,00|26,00|2|1.143|29.718,00|
|09/08/2013|R|26,00|26,00|0,00|0,00|1|108|2.700,00|
|12/08/2013|R|26,00|26,00|26,00|26,00|1|1.000|26.000,00|
|20/08/2013|R|26,00|26,00|26,00|26,00|1|585|15.210,00|
|22/08/2013|R|26,00|26,00|26,00|26,00|1|670|17.420,00|
|24/09/2013|R|26,00|30,00|30,00|28,50|2|2.710|78.735,00|
|25/09/2013|R|30,00|40,00|40,00|32,00|4|3.746|126.672,00|
|03/10/2013|R|40,00|40,00|40,00|40,00|1|375|15.000,00|
|07/10/2013|R|40,00|39,50|39,50|39,50|1|1.710|67.545,00|
|10/10/2013|R|39,50|39,50|0,00|0,00|1|2.000|70.000,00|
|15/10/2013|R|39,50|39,50|39,50|37,00|2|2.000|74.227,50|
|18/10/2013|R|38,62|38,62|0,00|0,00|1|909|31.815,00|
|21/10/2013|R|38,62|38,62|38,62|38,62|1|1.165|44.992,30|
|25/10/2013|R|38,62|38,62|41,00|41,00|1|25|1.025,00|
|30/10/2013|R|38,62|38,62|38,62|38,62|1|647|24.987,14|
|06/11/2013|R|38,62|38,62|33,00|33,00|1|59|1.947,00|
|12/11/2013|R|38,62|38,62|40,00|40,00|1|25|1.000,00|
|18/11/2013|R|38,62|38,00|38,00|38,00|1|475|18.050,00|
|20/11/2013|R|38,00|36,00|36,00|36,00|3|3.267|117.612,00|
|22/11/2013|R|36,00|36,00|36,00|36,00|1|15|540,00|
|25/11/2013|R|36,00|36,00|36,00|36,00|1|10|360,00|
|04/12/2013|R|36,00|35,00|35,01|35,00|5|7.970|278.960,00|
|11/12/2013|R|35,00|31,00|31,00|31,00|10|18.000|558.000,00|
|12/12/2013|R|31,00|31,00|31,00|31,00|1|1.500|46.500,00|
|16/12/2013|R|31,00|31,00|31,00|31,00|1|1.000|31.000,00|
|19/12/2013|R|31,00|37,00|37,00|37,00|4|1.329|49.173,00|
|13/01/2014|R|37,00|30,00|35,00|30,00|3|17.000|520.700,00|
|14/01/2014|R|30,00|30,10|30,10|30,10|1|2.700|81.270,00|
|15/01/2014|R|30,10|30,70|30,70|30,70|2|15.000|460.500,00|
|17/01/2014|R|30,70|34,75|34,75|34,75|1|2.000|69.500,00|
|22/01/2014|R|34,75|34,75|34,75|34,75|1|70|2.432,50|
|03/02/2014|R|34,75|34,00|34,00|34,00|1|7.389|251.226,00|
|04/02/2014|R|34,00|34,00|34,00|34,00|1|4.500|153.000,00|
|25/02/2014|R|34,00|28,01|30,15|28,01|5|17.874|527.470,74|
|10/03/2014|R|28,01|28,00|28,00|28,00|2|3.300|92.400,00|
|11/03/2014|R|28,00|25,01|25,01|25,01|2|1.567|39.190,67|
|17/03/2014|R|25,01|28,00|28,00|28,00|1|3.000|84.000,00|
|18/03/2014|R|28,00|28,00|30,00|30,00|1|90|2.700,00|
|27/03/2014|R|28,00|29,99|29,99|29,99|2|250|7.497,50|
|04/04/2014|R|29,99|21,51|21,51|21,51|1|500|10.755,00|
|09/04/2014|R|21,51|30,00|30,00|30,00|5|32.042|961.260,00|
|10/04/2014|R|30,00|32,00|32,00|32,00|1|1.000|32.000,00|
|14/04/2014|R|32,00|34,00|34,00|34,00|1|300|10.200,00|
|16/04/2014|R|34,00|34,00|34,00|34,00|1|500|17.000,00|
|08/05/2014|R|32,64|30,00|32,64|30,00|2|3.000|90.264,00|
|09/05/2014|R|30,00|34,00|34,00|34,00|1|5.000|170.000,00|
|16/05/2014|R|34,00|34,00|0,00|0,00|1|4.000|136.000,00|
|23/05/2014|R|34,00|34,00|34,00|33,00|3|3.675|123.175,00|
|27/05/2014|R|34,00|34,00|34,00|34,00|1|5.000|170.000,00|
|28/05/2014|R|34,00|34,00|34,00|34,00|2|6.000|204.000,00|
|30/05/2014|R|34,00|34,00|34,00|34,00|1|329|11.186,00|
|09/06/2014|R|34,00|34,00|34,00|34,00|1|150|5.100,00|
|10/06/2014|R|34,00|34,00|0,00|0,00|1|150|5.100,00|
|13/06/2014|R|34,00|32,00|32,00|32,00|3|55.843|1.786.976,00|
|16/06/2014|R|32,00|32,00|0,00|0,00|1|25.000|850.000,00|
|26/06/2014|R|32,00|32,00|32,00|32,00|1|293|9.376,00|
|02/07/2014|R|32,00|30,00|30,00|30,00|1|23.523|705.690,00|
|03/07/2014|R|30,00|30,00|34,00|30,00|2|615|18.682,00|
|07/07/2014|R|30,00|30,00|30,00|30,00|2|24.017|720.510,00|
|15/07/2014|R|30,00|30,00|0,00|0,00|1|22|660,00|
|16/07/2014|R|30,00|31,00|31,00|31,00|2|1.413|43.803,00|
|29/07/2014|R|31,00|31,00|31,00|31,00|2|6.000|186.000,00|
|31/07/2014|R|31,00|31,00|0,00|0,00|1|3.500|108.500,00|
|05/08/2014|R|31,00|31,00|31,00|31,00|1|557|17.267,00|
|08/08/2014|R|31,00|34,00|34,00|34,00|3|1.010|34.340,00|
|13/08/2014|R|34,00|30,00|30,00|30,00|1|540|16.200,00|
|19/08/2014|R|30,00|34,00|34,00|34,00|1|1.100|37.400,00|
|20/08/2014|R|34,00|34,00|34,00|34,00|2|6.400|217.600,00|
|01/09/2014|R|34,00|32,00|32,00|32,00|1|1.500|48.000,00|
|05/09/2014|R|32,00|38,40|38,40|38,40|1|150|5.760,00|
|09/09/2014|R|38,40|40,00|40,00|40,00|3|189|7.560,00|
|12/09/2014|R|40,00|40,00|39,00|39,00|1|50|1.950,00|
|15/09/2014|R|40,00|39,00|39,00|39,00|3|1.421|55.419,00|
|22/09/2014|R|39,00|39,00|0,00|0,00|1|50|2.000,00|
|25/09/2014|R|39,00|39,00|0,00|0,00|1|50|2.000,00|
|26/09/2014|R|39,00|39,00|39,00|36,00|2|4.918|178.917,00|
|29/09/2014|R|39,00|39,00|39,00|35,00|3|12.000|420.720,00|
|30/09/2014|R|39,00|36,00|38,00|36,00|4|11.943|429.998,00|
|01/10/2014|R|36,00|36,00|36,00|36,00|5|12.000|432.000,00|
|02/10/2014|R|36,00|35,75|35,75|35,75|2|2.030|72.572,50|
|03/10/2014|R|35,75|35,75|35,70|35,70|1|50|1.785,00|
|16/10/2014|R|35,75|35,75|35,75|35,75|1|500|17.875,00|
|21/10/2014|R|35,75|35,00|35,00|35,00|3|7.000|245.000,00|
|22/10/2014|R|35,00|35,00|35,00|35,00|3|3.000|105.000,00|
|24/10/2014|R|35,00|36,00|36,00|35,00|2|7.205|257.157,00|
|14/11/2014|R|34,91|34,91|39,00|39,00|1|40|1.560,00|
|17/11/2014|R|34,91|34,91|38,99|38,99|1|10|389,90|
|25/11/2014|R|34,91|33,05|34,00|33,00|4|8.532|282.999,60|
|27/11/2014|R|33,05|30,00|30,00|30,00|1|1.000|30.000,00|
|28/11/2014|R|30,00|30,00|30,00|30,00|2|892|27.060,00|
|01/12/2014|R|30,00|30,00|32,99|32,99|2|30|989,70|
|03/12/2014|R|30,00|31,00|31,00|31,00|1|500|15.500,00|
|05/12/2014|R|31,00|31,00|31,00|31,00|1|468|14.508,00|
|09/12/2014|R|31,00|33,99|33,99|33,99|1|100|3.399,00|
|10/12/2014|R|33,99|27,19|27,19|27,19|1|540|14.682,60|
|15/12/2014|R|27,19|27,00|27,00|27,00|1|10.000|270.000,00|
|20/01/2015|R|27,00|28,50|28,50|28,50|1|1.107|31.549,50|
|21/01/2015|R|28,50|28,50|34,00|34,00|1|58|1.972,00|
|30/01/2015|R|28,50|30,00|30,00|30,00|1|261|7.830,00|
|02/02/2015|R|30,00|30,00|34,00|34,00|1|53|1.802,00|
|13/02/2015|R|30,00|30,00|34,00|34,00|1|55|1.870,00|
|27/02/2015|R|30,00|30,00|30,00|30,00|1|873|26.190,00|
|02/03/2015|R|30,00|34,00|34,00|33,00|8|15.734|528.956,00|
|09/03/2015|R|34,00|37,00|37,00|36,95|2|25.317|936.664,00|
|11/03/2015|R|37,00|39,00|39,00|39,00|1|100|3.900,00|
|17/03/2015|R|39,00|39,00|0,00|0,00|1|4.000|136.000,00|
|18/03/2015|R|39,00|39,00|39,00|38,50|3|13.733|531.087,00|
|20/03/2015|R|39,00|40,00|40,00|40,00|1|23.523|940.920,00|
|27/03/2015|R|40,00|40,00|43,00|40,00|5|47.061|1.943.223,00|
|08/04/2015|R|40,00|45,00|45,00|45,00|1|13.230|595.350,00|
|09/04/2015|R|45,00|45,00|0,00|0,00|1|3.700|185.000,00|
|10/04/2015|R|45,00|46,00|46,00|46,00|4|8.552|416.392,00|
|13/04/2015|R|46,00|50,00|50,00|50,00|1|1.000|50.000,00|
|14/04/2015|R|50,00|50,00|0,00|0,00|1|5.000|275.000,00|
|16/04/2015|R|50,00|55,00|55,00|55,00|1|5.000|275.000,00|
|20/04/2015|R|55,00|55,00|0,00|0,00|1|5.000|275.000,00|
|21/04/2015|R|55,00|52,00|52,00|52,00|1|1.323|68.796,00|
|22/04/2015|R|52,00|52,00|0,00|0,00|1|10.000|550.000,00|
|23/04/2015|R|52,00|62,00|62,00|60,00|3|10.250|615.500,00|
|24/04/2015|R|62,00|62,00|62,00|62,00|3|3.395|203.900,00|
|27/04/2015|R|62,00|65,00|65,00|65,00|1|920|59.800,00|
|28/04/2015|R|65,00|65,00|65,00|65,00|1|250|16.250,00|
|30/04/2015|R|65,00|65,00|65,00|65,00|1|4.750|308.750,00|
|04/05/2015|R|65,00|65,00|0,00|0,00|1|3.500|210.000,00|
|07/05/2015|R|65,00|55,00|55,00|55,00|1|4.000|220.000,00|
|08/05/2015|R|55,00|64,00|64,00|64,00|1|50|3.200,00|
|19/05/2015|R|64,00|65,00|65,00|63,50|3|12.300|786.750,00|
|20/05/2015|R|65,00|70,00|70,00|65,00|3|4.573|309.745,00|
|21/05/2015|R|70,00|70,00|70,00|70,00|1|2.500|175.000,00|
|22/05/2015|R|70,00|70,00|0,00|0,00|1|4.000|300.000,00|
|25/05/2015|R|70,00|100,00|100,00|80,00|4|8.250|811.000,00|
|26/05/2015|R|100,00|90,00|90,00|90,00|1|5.000|450.000,00|
|28/05/2015|R|90,00|108,00|108,00|100,00|2|6.100|618.800,00|
|29/05/2015|R|108,00|108,00|110,00|110,00|1|19|2.090,00|
|01/06/2015|R|108,00|110,00|110,00|100,00|3|8.681|937.910,00|
|02/06/2015|R|110,00|115,00|115,00|115,00|1|100|11.500,00|
|03/06/2015|R|115,00|115,00|115,00|115,00|3|18.319|2.106.685,00|
|04/06/2015|R|115,00|120,00|120,00|120,00|1|30|3.600,00|
|05/06/2015|R|120,00|120,00|120,00|120,00|1|330|39.600,00|
|09/06/2015|R|120,00|120,00|120,00|120,00|2|275|33.000,00|
|11/06/2015|R|120,00|100,00|110,00|100,00|2|6.700|687.000,00|
|12/06/2015|R|100,00|110,00|110,00|110,00|5|5.415|545.650,00|
|18/06/2015|R|110,00|88,00|88,00|88,00|1|1.323|116.424,00|
|22/06/2015|R|88,00|105,00|105,00|105,00|3|3.187|334.635,00|
|25/06/2015|R|105,00|105,00|105,00|105,00|2|385|40.425,00|
|26/06/2015|R|105,00|100,00|100,01|100,00|2|5.000|500.030,00|
|02/07/2015|R|100,00|100,00|100,00|100,00|2|220|22.000,00|
|03/07/2015|R|100,00|100,00|100,00|100,00|1|500|50.000,00|
|06/07/2015|R|100,00|100,00|100,00|100,00|4|48.481|4.618.835,00|
|08/07/2015|R|100,00|110,00|110,00|110,00|1|250|27.500,00|
|09/07/2015|R|110,00|120,00|120,00|120,00|7|10.908|1.308.960,00|
|10/07/2015|R|120,00|120,00|143,95|120,00|5|8.325|999.598,75|
|13/07/2015|R|120,00|130,00|130,00|130,00|1|120|15.600,00|
|16/07/2015|R|130,00|130,00|125,00|125,00|1|10|1.250,00|
|17/07/2015|R|130,00|123,00|123,00|123,00|2|3.785|465.555,00|
|20/07/2015|R|123,00|125,00|125,00|125,00|1|6.541|817.625,00|
|21/07/2015|R|125,00|120,00|125,00|120,00|2|6.380|790.000,00|
|27/07/2015|R|120,00|120,00|120,00|120,00|4|10.000|1.200.000,00|
|28/07/2015|R|120,00|120,00|120,00|120,00|1|5.000|600.000,00|
|30/07/2015|R|120,00|120,00|0,00|0,00|1|50|5.700,00|
|31/07/2015|R|120,00|100,00|100,00|100,00|1|900|90.000,00|
|03/08/2015|R|100,00|100,00|110,00|100,00|4|1.777|179.270,00|
|04/08/2015|R|100,00|110,00|110,00|110,00|2|290|31.900,00|
|05/08/2015|R|110,00|110,00|110,00|110,00|4|3.318|364.980,00|
|07/08/2015|R|110,00|120,00|120,00|120,00|1|48|5.760,00|
|17/08/2015|R|120,00|115,00|115,00|115,00|2|209|24.035,00|
|19/08/2015|R|115,00|115,00|0,00|0,00|2|125|13.875,00|
|20/08/2015|R|115,00|114,00|115,00|110,00|6|15.065|1.671.575,00|
|21/08/2015|R|114,00|113,00|113,00|113,00|1|324|36.612,00|
|26/08/2015|R|113,00|115,00|115,00|115,00|1|1.000|115.000,00|
|27/08/2015|R|115,00|115,00|115,00|115,00|2|4.000|460.000,00|
|31/08/2015|R|115,00|110,00|110,00|110,00|1|270|29.700,00|
|01/09/2015|R|110,00|115,00|115,00|113,00|4|2.730|312.350,00|
|02/09/2015|R|115,00|115,00|115,00|110,05|3|2.016|225.130,00|
|03/09/2015|R|115,00|110,00|110,00|110,00|1|724|79.640,00|
|04/09/2015|R|110,00|112,00|112,00|111,99|3|2.453|274.735,47|
|07/09/2015|R|112,00|113,00|113,00|113,00|1|90|10.170,00|
|08/09/2015|R|113,00|113,00|113,00|113,00|1|351|39.663,00|
|11/09/2015|R|113,00|110,00|118,00|110,00|3|7.022|772.696,00|
|14/09/2015|R|110,00|110,00|110,00|110,00|5|11.000|1.210.000,00|
|16/09/2015|R|110,00|110,00|110,00|110,00|3|10.042|1.104.620,00|
|22/09/2015|R|110,00|100,00|100,00|100,00|1|400|40.000,00|
|24/09/2015|R|100,00|100,00|0,00|0,00|1|5.000|500.000,00|
|29/09/2015|R|100,00|100,00|0,00|0,00|1|5.000|500.000,00|
|01/10/2015|R|100,00|109,99|109,99|109,99|1|150|16.498,50|
|02/10/2015|R|109,99|100,00|100,00|100,00|1|50|5.000,00|
|06/10/2015|R|100,00|100,00|100,00|100,00|1|500|50.000,00|
|07/10/2015|R|100,00|100,00|100,00|100,00|1|2.000|200.000,00|
|08/10/2015|R|100,00|100,00|100,00|95,00|3|200|20.000,00|
|09/10/2015|R|100,00|95,00|95,00|95,00|1|600|57.000,00|
|19/10/2015|R|95,00|90,00|95,00|90,00|4|11.000|997.500,00|
|21/10/2015|R|90,00|90,00|90,00|90,00|1|1.500|135.000,00|
|22/10/2015|R|90,00|108,00|108,00|108,00|1|500|54.000,00|
|26/10/2015|R|108,00|90,00|108,00|90,00|2|5.025|452.700,00|
|28/10/2015|R|90,00|90,00|90,00|90,00|1|2.500|225.000,00|
|03/11/2015|R|90,00|85,00|85,00|85,00|1|540|45.900,00|
|04/11/2015|R|85,00|101,95|101,95|101,95|1|140|14.273,00|
|05/11/2015|R|101,95|101,95|0,00|0,00|1|970|79.540,00|
|12/11/2015|R|101,95|85,00|85,00|85,00|4|6.500|552.500,00|
|13/11/2015|R|85,00|86,00|86,01|86,00|2|6.064|521.524,00|
|16/11/2015|R|86,00|90,00|90,00|90,00|2|7.000|630.000,00|
|17/11/2015|R|90,00|90,00|90,00|90,00|2|4.500|405.000,00|
|18/11/2015|R|90,00|90,00|90,00|90,00|2|4.100|369.000,00|
|20/11/2015|R|90,00|105,00|105,00|105,00|1|2.000|210.000,00|
|23/11/2015|R|105,00|104,05|104,05|104,05|1|60|6.243,00|
|26/11/2015|R|104,05|104,05|0,00|0,00|1|150|15.750,00|
|27/11/2015|R|104,05|105,00|105,00|105,00|1|470|49.350,00|
|02/12/2015|R|105,00|95,00|95,00|95,00|2|6.000|570.000,00|
|08/12/2015|R|95,00|109,99|109,99|109,99|1|40|4.399,60|
|10/12/2015|R|109,99|106,99|106,99|106,00|6|7.930|843.550,00|
|11/12/2015|R|106,99|106,99|106,99|106,99|7|24.258|2.605.463,42|
|14/12/2015|R|106,99|100,00|100,00|100,00|5|20.000|2.000.000,00|
|15/12/2015|R|100,00|106,49|106,49|106,49|1|40|4.259,60|
|16/12/2015|R|106,49|100,00|100,00|100,00|1|1.000|100.000,00|
|17/12/2015|R|100,00|104,99|104,99|104,99|1|100|10.499,00|
|18/12/2015|R|104,99|96,00|96,05|96,00|6|32.425|3.112.875,00|
|22/12/2015|R|96,00|105,00|105,00|105,00|1|993|104.265,00|
|29/12/2015|R|105,00|100,00|100,00|100,00|1|60|6.000,00|
|08/01/2016|R|100,00|115,00|115,00|115,00|2|520|59.800,00|
|13/01/2016|R|115,00|100,00|101,01|100,00|5|13.000|1.304.020,00|
|14/01/2016|R|100,00|100,00|100,00|100,00|6|20.500|2.050.000,00|
|15/01/2016|R|100,00|100,00|100,00|99,00|3|5.530|551.000,00|
|18/01/2016|R|100,00|109,99|109,99|109,99|1|70|7.699,30|
|20/01/2016|R|109,99|97,50|97,50|97,50|1|500|48.750,00|
|22/01/2016|R|97,50|97,50|0,00|0,00|1|5.000|500.000,00|
|28/01/2016|R|97,50|104,99|104,99|104,99|2|100|10.499,00|
|29/01/2016|R|104,99|102,00|105,00|102,00|2|160|16.350,00|
|01/02/2016|R|102,00|98,00|100,00|98,00|3|6.000|596.000,00|
|02/02/2016|R|98,00|98,00|0,00|0,00|2|10.000|1.000.000,00|
|03/02/2016|R|98,00|100,00|100,00|100,00|2|6.000|600.000,00|
|04/02/2016|R|100,00|100,00|0,00|0,00|1|4.324|432.400,00|
|05/02/2016|R|100,00|100,00|100,00|100,00|1|10|1.000,00|
|10/02/2016|R|100,00|98,00|105,00|98,00|2|2.010|197.050,00|
|12/02/2016|R|98,00|100,00|100,00|100,00|3|15.309|1.530.900,00|
|15/02/2016|R|100,00|100,00|105,00|100,00|3|9.010|901.050,00|
|16/02/2016|R|100,00|100,00|100,05|100,00|3|10.500|1.050.175,00|
|19/02/2016|R|100,00|115,00|115,00|110,00|3|4.000|450.000,00|
|22/02/2016|R|115,00|120,00|120,00|118,00|5|3.480|415.600,00|
|24/02/2016|R|120,00|130,00|140,00|130,00|5|30.320|3.941.800,00|
|25/02/2016|R|130,00|135,00|135,00|134,95|6|8.440|1.102.348,50|
|29/02/2016|R|135,00|135,00|137,00|137,00|1|15|2.055,00|
|01/03/2016|R|135,00|135,00|0,00|0,00|1|2.616|353.160,00|
|03/03/2016|R|135,00|130,00|130,00|130,00|1|5.724|744.120,00|
|07/03/2016|R|130,00|135,00|150,00|135,00|2|285|38.625,00|
|09/03/2016|R|135,00|135,00|135,00|135,00|3|3.567|481.545,00|
|11/03/2016|R|135,00|108,05|136,00|108,05|4|16.019|1.740.027,30|
|17/03/2016|R|108,05|108,05|127,00|127,00|1|5|635,00|
|28/03/2016|R|108,05|108,05|0,00|0,00|4|4.200|524.958,00|
|13/04/2016|R|108,05|115,00|115,00|115,00|1|100|11.500,00|
|14/04/2016|R|115,00|115,00|115,00|115,00|1|150|17.250,00|
|15/04/2016|R|115,00|120,00|120,00|120,00|1|200|24.000,00|
|25/04/2016|R|120,00|110,00|110,00|110,00|4|7.815|859.650,00|
|27/04/2016|R|110,00|115,00|115,00|110,00|2|1.855|211.300,00|
|28/04/2016|R|115,00|115,00|118,00|115,00|3|1.000|115.900,00|
|02/05/2016|R|115,00|115,00|115,00|115,00|3|8.031|901.272,00|
|04/05/2016|R|115,00|115,00|119,99|119,99|1|50|5.999,50|
|05/05/2016|R|115,00|115,00|0,00|0,00|1|700|74.200,00|
|12/05/2016|R|115,00|115,00|115,00|115,00|2|310|35.650,00|
|13/05/2016|R|115,00|115,00|120,00|120,00|2|2.015|221.900,00|
|27/05/2016|R|115,00|127,98|127,98|127,98|2|160|20.476,80|
|31/05/2016|R|127,98|127,98|127,98|127,98|1|100|12.798,00|
|13/06/2016|R|127,98|110,00|110,00|110,00|1|100|11.000,00|
|16/06/2016|R|110,00|110,00|0,00|0,00|2|1.490|171.350,00|
|17/06/2016|R|110,00|110,00|110,00|110,00|1|3.000|330.000,00|
|21/06/2016|R|110,00|108,05|108,05|108,05|1|2.000|216.100,00|
|22/06/2016|R|108,05|102,40|102,40|102,40|5|15.000|1.536.000,00|
|28/06/2016|R|102,40|105,00|115,00|105,00|2|4.000|440.000,00|
|29/06/2016|R|105,00|100,00|105,00|100,00|7|17.150|1.727.050,00|
|06/07/2016|R|100,00|95,00|95,00|95,00|1|3.000|285.000,00|
|07/07/2016|R|95,00|93,00|95,00|93,00|5|9.646|913.724,00|
|08/07/2016|R|93,00|93,00|100,00|100,00|1|25|2.500,00|
|11/07/2016|R|93,00|100,00|100,00|97,00|2|5.700|561.000,00|
|12/07/2016|R|100,00|100,00|100,00|100,00|1|5.000|500.000,00|
|13/07/2016|R|100,00|112,00|112,00|100,00|3|746|80.750,00|
|15/07/2016|R|112,00|101,00|101,00|101,00|1|5.000|505.000,00|
|18/07/2016|R|101,00|108,00|108,00|108,00|1|250|27.000,00|
|22/07/2016|R|108,00|102,01|102,01|102,01|1|470|47.944,70|
|27/07/2016|R|102,01|106,00|106,00|104,00|2|3.000|316.000,00|
|28/07/2016|R|106,00|105,00|105,00|105,00|1|693|72.765,00|
|01/08/2016|R|105,00|105,00|105,00|105,00|1|1.000|105.000,00|
|02/08/2016|R|105,00|106,00|106,00|106,00|1|1.000|106.000,00|
|09/08/2016|R|106,00|106,00|109,00|109,00|1|60|6.540,00|
|11/08/2016|R|106,00|107,00|107,00|107,00|1|250|26.750,00|
|16/08/2016|R|107,00|103,00|103,00|103,00|2|8.000|824.000,00|
|17/08/2016|R|103,00|103,00|0,00|0,00|1|3.656|365.600,00|
|23/08/2016|R|103,00|100,07|100,07|100,07|1|2.000|200.140,00|
|25/08/2016|R|100,07|100,00|100,00|100,00|1|300|30.000,00|
|29/08/2016|R|100,00|95,00|95,00|95,00|1|1.000|95.000,00|
|06/09/2016|R|95,00|100,00|100,00|94,00|2|1.500|141.600,00|
|09/09/2016|R|100,00|95,00|95,00|95,00|3|855|81.225,00|
|14/09/2016|R|95,00|96,50|96,50|96,50|2|4.814|464.551,00|
|15/09/2016|R|96,50|98,17|98,17|98,17|3|5.000|490.850,00|
|19/09/2016|R|98,17|100,00|100,01|100,00|5|12.755|1.275.515,01|
|20/09/2016|R|100,00|100,00|0,00|0,00|1|300|32.700,00|
|21/09/2016|R|100,00|100,01|100,01|100,01|1|900|90.009,00|
|22/09/2016|R|100,01|100,00|100,00|99,00|6|7.107|709.593,00|
|26/09/2016|R|100,00|105,00|105,00|105,00|1|500|52.500,00|
|27/09/2016|R|105,00|100,00|107,00|100,00|2|288|29.416,00|
|28/09/2016|R|100,00|95,00|101,50|95,00|3|10.900|1.040.300,00|
|30/09/2016|R|95,00|108,99|108,99|108,99|1|184|20.054,16|
|03/10/2016|R|108,99|100,00|100,00|100,00|2|5.934|588.410,00|
|05/10/2016|R|100,00|100,00|101,00|101,00|1|99|9.999,00|
|11/10/2016|R|100,00|105,00|105,00|105,00|1|762|80.010,00|
|13/10/2016|R|105,00|105,00|105,00|105,00|1|1.200|126.000,00|
|17/10/2016|R|105,00|105,00|100,00|100,00|1|19|1.900,00|
|19/10/2016|R|105,00|105,00|0,00|0,00|1|700|67.249,00|
|20/10/2016|R|105,00|105,00|0,00|0,00|2|20.000|2.000.000,00|
|25/10/2016|R|105,00|100,00|100,00|100,00|2|1.107|110.700,00|
|27/10/2016|R|100,00|100,00|100,00|100,00|1|2.850|285.000,00|
|28/10/2016|R|100,00|104,99|104,99|104,99|1|500|52.495,00|
|03/11/2016|R|104,99|110,00|110,00|104,00|7|14.165|1.511.410,00|
|04/11/2016|R|110,00|110,00|110,00|110,00|1|5.000|550.000,00|
|08/11/2016|R|110,00|110,00|0,00|0,00|1|22|2.420,00|
|09/11/2016|R|110,00|115,00|115,00|115,00|1|10.000|1.150.000,00|
|10/11/2016|R|115,00|137,99|137,99|120,00|2|9.000|1.151.960,00|
|11/11/2016|R|137,99|159,99|160,00|159,99|3|2.400|383.977,50|
|14/11/2016|R|159,99|191,00|191,00|191,00|2|2.000|382.000,00|
|15/11/2016|R|191,00|191,00|191,00|191,00|2|1.950|372.450,00|
|16/11/2016|R|191,00|200,00|200,00|191,00|7|13.000|2.487.500,00|
|17/11/2016|R|200,00|215,00|215,00|200,00|6|14.115|2.884.705,00|
|18/11/2016|R|215,00|254,99|254,99|220,00|8|11.300|2.568.018,00|
|21/11/2016|R|254,99|205,00|235,00|205,00|3|6.010|1.232.350,00|
|22/11/2016|R|205,00|205,00|245,99|245,99|1|5|1.229,95|
|23/11/2016|R|205,00|240,00|240,00|240,00|4|1.805|433.200,00|
|24/11/2016|R|240,00|235,00|235,00|220,00|2|2.245|496.900,00|
|25/11/2016|R|235,00|235,00|235,00|235,00|3|231|54.285,00|
|28/11/2016|R|235,00|239,50|239,50|230,00|2|1.575|363.200,00|
|29/11/2016|R|239,50|239,50|239,50|239,50|3|4.900|1.173.550,00|
|30/11/2016|R|239,50|239,50|240,00|230,00|10|14.368|3.319.187,50|
|01/12/2016|R|239,50|280,00|286,00|280,00|3|1.100|308.336,00|
|06/12/2016|R|280,00|225,00|230,00|224,00|5|6.970|1.572.750,00|
|07/12/2016|R|225,00|225,00|225,00|225,00|1|100|22.500,00|
|08/12/2016|R|225,00|225,00|225,00|225,00|3|10.350|2.328.750,00|
|09/12/2016|R|225,00|220,00|220,00|200,01|2|1.750|355.015,00|
|14/12/2016|R|220,00|219,99|219,99|219,99|1|250|54.997,50|
|15/12/2016|R|219,99|181,00|214,99|181,00|5|6.650|1.245.392,50|
|16/12/2016|R|181,00|185,00|185,00|185,00|2|500|92.500,00|
|20/12/2016|R|185,00|185,00|185,00|184,95|5|12.811|2.369.990,60|
|23/12/2016|R|185,00|185,00|185,00|185,00|3|1.833|339.105,00|
|28/12/2016|R|185,00|220,00|220,00|185,00|2|1.300|275.500,00|
|30/12/2016|R|220,00|250,00|250,00|249,99|2|310|77.499,40|
|04/01/2017|R|250,00|249,99|249,99|249,99|1|240|59.997,60|
|06/01/2017|R|249,99|260,00|260,00|260,00|1|55|14.300,00|
|12/01/2017|R|260,00|260,00|260,00|260,00|2|200|52.000,00|
|13/01/2017|R|260,00|260,00|260,00|260,00|1|2|520,00|
|16/01/2017|R|260,00|240,00|240,00|240,00|1|1.000|240.000,00|
|17/01/2017|R|240,00|279,95|279,95|279,95|1|100|27.995,00|
|18/01/2017|R|279,95|240,00|240,00|240,00|1|1.000|240.000,00|
|23/01/2017|R|240,00|240,00|240,00|240,00|1|1.050|252.000,00|
|24/01/2017|R|240,00|240,00|200,00|200,00|1|9|1.800,00|
|25/01/2017|R|240,00|269,99|269,99|269,99|1|2.000|539.980,00|
|26/01/2017|R|269,99|240,00|240,00|240,00|1|200|48.000,00|
|27/01/2017|R|240,00|240,00|240,00|240,00|2|400|96.000,00|
|30/01/2017|R|240,00|210,05|250,00|210,05|2|100|21.804,00|
|31/01/2017|R|210,05|244,00|244,00|244,00|1|100|24.400,00|
|02/02/2017|R|244,00|240,00|240,00|240,00|1|4.250|1.020.000,00|
|03/02/2017|R|240,00|222,00|222,00|222,00|1|315|69.930,00|
|06/02/2017|R|222,00|221,00|221,00|221,00|1|2.000|442.000,00|
|07/02/2017|R|221,00|221,00|221,00|221,00|2|3.800|839.800,00|
|10/02/2017|R|221,00|240,00|240,00|220,00|4|1.382|311.680,00|
|13/02/2017|R|240,00|220,00|239,95|220,00|2|560|124.397,00|
|15/02/2017|R|220,00|220,00|240,00|240,00|1|20|4.800,00|
|16/02/2017|R|220,00|240,00|240,00|230,00|4|11.157|2.667.680,00|
|17/02/2017|R|240,00|220,00|220,00|220,00|1|216|47.520,00|
|21/02/2017|R|220,00|220,00|221,00|220,00|3|2.610|576.200,00|
|22/02/2017|R|220,00|220,00|264,00|264,00|1|35|9.240,00|
|23/02/2017|R|220,00|263,99|263,99|263,99|2|1.500|395.985,00|
|24/02/2017|R|263,99|263,99|263,00|263,00|3|4.055|1.066.465,00|
|02/03/2017|R|263,99|274,00|274,00|274,00|1|200|54.800,00|
|03/03/2017|R|274,00|275,00|275,00|275,00|3|322|88.550,00|
|07/03/2017|R|275,00|275,00|275,00|275,00|1|4.658|1.280.950,00|
|08/03/2017|R|275,00|330,00|331,00|330,00|3|892|295.052,00|
|09/03/2017|R|330,00|330,00|330,00|330,00|1|300|99.000,00|
|15/03/2017|R|330,00|392,70|392,70|392,70|1|100|39.270,00|
|17/03/2017|R|392,70|392,70|0,00|0,00|1|100|39.000,00|
|21/03/2017|R|392,70|470,00|470,00|470,00|1|100|47.000,00|
|22/03/2017|R|470,00|500,00|500,00|500,00|2|200|100.000,00|
|23/03/2017|R|500,00|500,00|0,00|0,00|1|540|270.000,00|
|27/03/2017|R|500,00|400,00|400,00|400,00|2|600|240.000,00|
|29/03/2017|R|400,00|400,00|400,00|400,00|3|3.048|1.219.200,00|
|31/03/2017|R|400,00|470,00|470,00|470,00|1|100|47.000,00|
|04/04/2017|R|470,00|490,00|490,00|490,00|1|100|49.000,00|
|05/04/2017|R|490,00|490,00|490,00|490,00|2|200|98.000,00|
|07/04/2017|R|490,00|490,00|490,00|490,00|2|2.600|1.274.000,00|
|10/04/2017|R|490,00|490,00|490,00|490,00|2|148|72.520,00|
|11/04/2017|R|490,00|490,00|490,00|490,00|1|52|25.480,00|
|12/04/2017|R|490,00|490,00|490,00|490,00|1|100|49.000,00|
|17/04/2017|R|490,00|490,00|490,00|490,00|1|400|196.000,00|
|18/04/2017|R|490,00|505,00|505,00|505,00|2|5.000|2.525.000,00|
|20/04/2017|R|505,00|500,00|500,00|500,00|1|600|300.000,00|
|25/04/2017|R|500,00|600,00|600,00|600,00|4|1.400|840.000,00|
|26/04/2017|R|600,00|600,00|600,00|600,00|5|1.221|732.600,00|
|28/04/2017|R|600,00|599,99|599,99|599,99|2|733|439.792,67|
|02/05/2017|R|599,99|599,99|599,99|599,99|2|377|226.196,23|
|03/05/2017|R|599,99|719,00|719,00|599,99|5|14.047|8.519.577,00|
|04/05/2017|R|719,00|750,00|750,00|750,00|4|197|147.750,00|
|05/05/2017|R|750,00|800,00|800,00|715,00|5|4.160|2.988.000,00|
|08/05/2017|R|800,00|800,00|800,00|800,00|1|335|268.000,00|
|09/05/2017|R|800,00|800,00|800,00|800,00|1|100|80.000,00|
|11/05/2017|R|800,00|800,00|800,00|800,00|1|100|80.000,00|
|15/05/2017|R|800,00|750,00|800,00|750,00|5|4.305|3.231.250,00|
|17/05/2017|R|750,00|749,99|749,99|749,99|2|396|296.996,04|
|19/05/2017|R|749,99|800,00|800,00|750,00|4|3.810|2.864.000,00|
|23/05/2017|R|800,00|750,00|750,00|750,00|1|200|150.000,00|
|24/05/2017|R|750,00|750,00|750,00|750,00|1|490|367.500,00|
|26/05/2017|R|750,00|750,00|750,00|750,00|2|1.990|1.492.500,00|
|30/05/2017|R|750,00|750,00|0,00|0,00|1|2.591|1.878.475,00|
|31/05/2017|R|750,00|750,00|750,00|750,00|1|195|146.250,00|
|02/06/2017|R|750,00|750,00|750,00|750,00|1|196|147.000,00|
|05/06/2017|R|750,00|749,99|750,00|749,99|4|9.000|6.749.920,00|
|06/06/2017|R|749,99|749,00|749,00|749,00|2|200|149.800,00|
|09/06/2017|R|749,00|750,00|750,00|700,00|5|27.370|20.508.780,00|
|12/06/2017|R|750,00|750,00|750,00|750,00|1|268|201.000,00|
|13/06/2017|R|750,00|750,00|750,00|750,00|2|1.613|1.209.750,00|
|14/06/2017|R|750,00|800,00|800,00|800,00|3|400|320.000,00|
|15/06/2017|R|800,00|850,00|850,00|800,00|5|25.150|20.245.000,00|
|20/06/2017|R|850,00|850,00|0,00|0,00|1|9|7.650,00|
|22/06/2017|R|850,00|845,00|845,00|845,00|1|687|580.515,00|
|26/06/2017|R|841,59|841,59|850,00|850,00|1|65|55.250,00|
|28/06/2017|R|841,59|850,00|850,00|850,00|1|935|794.750,00|
|30/06/2017|R|850,00|855,00|855,00|855,00|1|240|205.200,00|
|04/07/2017|R|855,00|855,00|860,00|860,00|1|2|1.720,00|
|07/07/2017|R|855,00|800,00|850,00|800,00|3|120|96.050,00|
|11/07/2017|R|800,00|700,00|700,00|700,00|1|195|136.500,00|
|12/07/2017|R|700,00|800,00|800,00|800,00|1|600|480.000,00|
|13/07/2017|R|800,00|800,00|800,00|800,00|3|1.165|932.000,00|
|14/07/2017|R|800,00|800,00|800,00|800,00|5|2.568|2.054.400,00|
|17/07/2017|R|800,00|860,00|860,00|860,00|1|498|428.280,00|
|18/07/2017|R|860,00|860,00|1.020,00|1.020,00|1|50|51.000,00|
|19/07/2017|R|860,00|1.015,00|1.018,00|1.015,00|4|5.020|4.475.360,00|
|31/07/2017|R|1.015,00|1.179,00|1.179,00|1.179,00|2|145|170.955,00|
|01/08/2017|R|1.179,00|1.179,00|1.179,00|1.179,00|1|60|70.740,00|
|03/08/2017|R|1.179,00|1.179,00|1.179,00|1.179,00|4|140|165.060,00|
|04/08/2017|R|1.179,00|1.200,00|1.200,00|1.200,00|1|200|240.000,00|
|07/08/2017|R|1.200,00|1.200,00|1.200,00|1.200,00|2|600|750.000,00|
|08/08/2017|R|1.200,00|1.200,00|1.200,00|1.200,00|2|1.066|1.279.200,00|
|09/08/2017|R|1.200,00|1.199,99|1.199,99|1.199,99|4|656|787.193,44|
|11/08/2017|R|1.199,99|1.199,99|1.184,99|1.184,99|1|30|35.549,70|
|15/08/2017|R|1.199,99|1.184,99|1.184,99|1.184,99|1|100|118.499,00|
|18/08/2017|R|1.184,99|1.200,00|1.200,00|1.184,99|5|3.399|4.033.780,00|
|21/08/2017|R|1.200,00|1.200,00|1.200,00|1.200,00|3|5.800|6.960.000,00|
|22/08/2017|R|1.200,00|1.110,00|1.200,00|1.110,00|6|23.129|25.729.800,00|
|23/08/2017|R|1.110,00|1.100,00|1.105,00|1.100,00|3|2.030|2.238.000,00|
|24/08/2017|R|1.100,00|1.150,00|1.150,00|1.150,00|2|2.000|2.300.000,00|
|25/08/2017|R|1.150,00|1.175,00|1.175,00|1.175,00|1|300|352.500,00|
|30/08/2017|R|1.175,00|1.249,99|1.249,99|1.249,99|1|200|249.998,00|
|31/08/2017|R|1.249,99|1.180,00|1.434,00|1.180,00|6|2.356|2.851.604,00|
|06/09/2017|R|1.180,00|1.250,00|1.250,00|1.250,00|1|300|375.000,00|
|07/09/2017|R|1.250,00|1.499,99|1.499,99|1.250,00|2|2.009|2.513.499,91|
|12/09/2017|R|1.499,99|1.750,00|1.750,00|1.750,00|1|200|350.000,00|
|13/09/2017|R|1.750,00|1.799,00|1.799,00|1.750,00|8|1.900|3.329.900,00|
|14/09/2017|R|1.799,00|1.830,00|1.830,00|1.830,00|1|500|915.000,00|
|15/09/2017|R|1.830,00|1.800,00|1.800,00|1.800,00|3|601|1.082.060,00|
|18/09/2017|R|1.800,00|1.850,00|1.850,00|1.850,00|1|6.173|11.420.050,00|
|19/09/2017|R|1.850,00|1.945,00|1.950,00|1.945,00|3|1.000|1.946.020,00|
|20/09/2017|R|1.945,00|1.750,00|1.750,50|1.750,00|6|3.115|5.452.000,00|
|21/09/2017|R|1.750,00|1.750,00|1.750,00|1.750,00|2|2.915|5.101.250,00|
|22/09/2017|R|1.750,00|1.600,00|1.600,00|1.600,00|1|6.000|9.600.000,00|
|27/09/2017|R|1.600,00|1.400,00|1.400,00|1.400,00|1|4.000|5.600.000,00|
|29/09/2017|R|1.400,00|1.420,00|1.430,00|1.420,00|3|1.100|1.565.500,00|
|02/10/2017|R|1.420,00|1.700,00|1.700,00|1.700,00|3|164|278.800,00|
|03/10/2017|R|1.700,00|1.950,00|1.950,00|1.900,00|3|155|297.250,00|
|04/10/2017|R|1.950,00|1.950,00|1.950,00|1.950,00|3|945|1.842.750,00|
|06/10/2017|R|1.950,00|1.949,00|1.949,00|1.949,00|3|313|610.037,00|
|09/10/2017|R|1.949,00|1.600,00|1.949,99|1.600,00|4|1.491|2.579.144,47|
|10/10/2017|R|1.600,00|1.600,00|1.601,00|1.600,00|4|1.450|2.320.060,00|
|11/10/2017|R|1.600,00|1.600,00|1.600,00|1.600,00|4|8.000|12.630.000,00|
|13/10/2017|R|1.600,00|1.550,00|1.600,00|1.500,00|12|13.006|20.109.300,00|
|16/10/2017|R|1.550,00|1.550,00|1.550,00|1.550,00|2|4.000|6.200.000,00|
|17/10/2017|R|1.550,00|1.550,00|1.550,00|1.550,00|1|200|310.000,00|
|18/10/2017|R|1.550,00|1.650,00|1.650,00|1.650,00|5|2.210|3.646.500,00|
|19/10/2017|R|1.650,00|1.599,00|1.650,00|1.599,00|3|690|1.135.950,00|
|20/10/2017|R|1.599,00|1.400,00|1.400,00|1.400,00|1|10.000|14.000.000,00|
|23/10/2017|R|1.400,00|1.640,00|1.650,00|1.640,00|3|174|285.600,00|
|24/10/2017|R|1.640,00|1.550,00|1.599,00|1.360,00|5|1.180|1.831.725,00|
|25/10/2017|R|1.550,00|1.650,00|1.650,00|1.650,00|1|100|165.000,00|
|26/10/2017|R|1.650,00|1.600,00|1.650,00|1.550,00|4|2.122|3.499.700,00|
|27/10/2017|R|1.600,00|1.600,00|1.600,00|1.600,00|2|165|264.000,00|
|30/10/2017|R|1.600,00|1.525,00|1.525,00|1.525,00|4|1.473|2.246.325,00|
|31/10/2017|R|1.525,00|1.500,00|1.600,00|1.500,00|5|1.106|1.672.100,00|
|01/11/2017|R|1.500,00|1.500,00|1.500,00|1.500,00|1|185|277.500,00|
|02/11/2017|R|1.500,00|1.400,00|1.410,00|1.400,00|2|800|1.122.000,00|
|03/11/2017|R|1.400,00|1.400,00|1.400,00|1.400,00|3|1.454|2.035.600,00|
|08/11/2017|R|1.400,00|1.550,00|1.550,00|1.550,00|3|1.445|2.239.750,00|
|10/11/2017|R|1.550,00|1.240,00|1.240,00|1.240,00|1|300|372.000,00|
|14/11/2017|R|1.240,00|1.240,00|1.240,00|1.240,00|2|2.079|2.577.960,00|
|15/11/2017|R|1.240,00|1.200,00|1.240,00|1.200,00|4|4.175|5.097.000,00|
|16/11/2017|R|1.200,00|1.200,00|1.240,00|1.200,00|2|104|124.960,00|
|17/11/2017|R|1.200,00|1.200,00|1.200,00|1.200,00|1|10|12.000,00|
|20/11/2017|R|1.200,00|1.300,00|1.300,00|1.101,00|6|3.504|4.244.503,00|
|23/11/2017|R|1.300,00|1.300,00|1.300,00|1.300,00|3|340|442.000,00|
|24/11/2017|R|1.300,00|1.300,00|1.300,00|1.300,00|1|1.696|2.204.800,00|
|29/11/2017|R|1.300,00|1.500,00|1.500,00|1.500,00|2|1.093|1.639.500,00|
|30/11/2017|R|1.500,00|1.500,00|1.500,00|1.500,00|2|190|285.000,00|
|01/12/2017|R|1.500,00|1.500,00|1.500,00|1.500,00|1|6|9.000,00|
|04/12/2017|R|1.500,00|1.700,00|1.700,00|1.500,00|3|2.280|3.476.000,00|
|05/12/2017|R|1.700,00|1.700,00|1.700,00|1.700,00|3|4.405|7.488.500,00|
|06/12/2017|R|1.700,00|1.700,00|1.900,00|1.900,00|2|17|32.300,00|
|07/12/2017|R|1.700,00|1.800,00|1.900,00|1.800,00|4|400|750.000,00|
|14/12/2017|R|1.800,00|1.900,00|1.900,00|1.900,00|1|120|228.000,00|
|15/12/2017|R|1.900,00|1.900,00|1.900,00|1.900,00|1|240|456.000,00|
|19/12/2017|R|1.900,00|1.897,00|1.897,00|1.897,00|1|100|189.700,00|
|20/12/2017|R|1.897,00|1.897,00|1.518,00|1.518,00|1|29|44.022,00|
|29/12/2017|R|1.897,00|1.898,00|1.898,00|1.898,00|1|50|94.900,00|
|08/01/2018|R|1.898,00|1.890,00|1.890,00|1.890,00|1|42|79.380,00|
|09/01/2018|R|1.890,00|1.800,00|1.890,00|1.800,00|4|225|423.000,00|
|10/01/2018|R|1.800,00|1.750,00|1.800,00|1.750,00|2|400|718.750,00|
|11/01/2018|R|1.750,00|1.800,00|1.800,00|1.800,00|1|10.000|18.000.000,00|
|12/01/2018|R|1.800,00|1.800,00|1.800,00|1.800,00|7|13.200|23.760.000,00|
|15/01/2018|R|1.800,00|2.000,00|2.000,00|1.800,00|3|250|460.000,00|
|16/01/2018|R|2.000,00|2.000,00|2.000,00|2.000,00|1|9|18.000,00|
|17/01/2018|R|2.000,00|2.395,00|2.395,00|2.395,00|6|800|1.916.000,00|
|22/01/2018|R|2.395,00|2.450,00|2.450,00|2.450,00|1|100|245.000,00|
|23/01/2018|R|2.450,00|2.450,00|2.450,00|2.450,00|6|1.300|3.185.000,00|
|24/01/2018|R|2.450,00|2.700,00|2.700,00|2.700,00|1|100|270.000,00|
|25/01/2018|R|2.700,00|2.938,00|2.938,00|2.938,00|1|45|132.210,00|
|26/01/2018|R|2.938,00|3.525,00|3.525,00|3.000,00|5|1.706|5.860.500,00|
|29/01/2018|R|3.525,00|4.198,00|4.198,00|4.198,00|3|500|2.099.000,00|
|30/01/2018|R|4.198,00|5.030,00|5.030,00|5.030,00|1|25|125.750,00|
|31/01/2018|R|5.030,00|4.198,00|4.198,00|4.198,00|1|300|1.259.400,00|
|02/02/2018|R|4.198,00|4.000,00|4.500,00|4.000,00|2|1.005|4.022.500,00|
|06/02/2018|R|4.000,00|4.000,00|4.600,00|4.600,00|1|6|27.600,00|
|07/02/2018|R|4.000,00|4.600,00|4.600,00|4.600,00|1|100|460.000,00|
|08/02/2018|R|4.600,00|4.550,00|4.550,00|4.500,00|5|320|1.450.000,00|
|09/02/2018|R|4.550,00|5.300,00|5.300,00|4.600,00|2|734|3.858.700,00|
|15/02/2018|R|5.300,00|5.600,00|5.600,00|5.500,00|2|955|5.346.500,00|
|19/02/2018|R|5.600,00|5.600,00|5.600,00|5.600,00|4|3.620|20.272.000,00|
|20/02/2018|R|5.600,00|6.590,00|6.590,00|6.590,00|3|1.000|6.590.000,00|
|21/02/2018|R|6.590,00|7.000,00|7.500,00|7.000,00|7|25.300|182.110.000,00|
|22/02/2018|R|7.000,00|7.500,00|7.500,00|7.500,00|2|3.849|28.867.500,00|
|26/02/2018|R|7.500,00|8.999,00|8.999,00|7.800,00|4|850|6.949.750,00|
|27/02/2018|R|8.999,00|8.999,00|9.000,00|9.000,00|1|2|18.000,00|
|28/02/2018|R|8.999,00|10.000,00|10.000,00|9.500,00|4|9.755|95.050.000,00|
|01/03/2018|R|10.000,00|9.800,00|9.800,00|9.800,00|1|400|3.920.000,00|
|02/03/2018|R|9.800,00|11.760,00|11.760,00|11.000,00|10|4.152|45.748.000,00|
|05/03/2018|R|11.760,00|14.000,00|14.000,00|11.998,00|6|2.070|27.587.200,00|
|06/03/2018|R|14.000,00|20.000,00|20.000,00|16.795,00|5|1.370|23.059.225,00|
|07/03/2018|R|20.000,00|22.000,00|22.500,00|21.990,00|11|7.075|155.661.850,00|
|08/03/2018|R|22.000,00|26.390,00|26.390,00|23.999,00|7|7.755|203.284.350,00|
|09/03/2018|R|26.390,00|25.000,00|25.000,00|25.000,00|3|3.750|96.000.000,00|
|12/03/2018|R|25.000,00|29.900,00|29.900,00|25.000,00|5|4.370|113.838.000,00|
|13/03/2018|R|29.900,00|31.000,00|35.700,00|26.000,00|10|2.600|76.164.000,00|
|14/03/2018|R|31.000,00|28.000,00|35.000,00|28.000,00|7|1.955|56.275.000,00|
|15/03/2018|R|28.000,00|33.150,00|33.150,00|33.150,00|3|760|25.194.000,00|
|16/03/2018|R|33.150,00|30.000,00|31.000,00|29.999,00|8|961|29.140.900,00|
|20/03/2018|R|30.000,00|30.000,00|30.000,00|30.000,00|6|267|8.010.000,00|
|21/03/2018|R|30.000,00|28.000,00|30.000,00|28.000,00|4|500|14.404.500,00|
|22/03/2018|R|28.000,00|28.000,00|28.000,00|28.000,00|3|210|5.880.000,00|
|23/03/2018|R|28.000,00|27.000,00|28.000,00|27.000,00|3|260|7.026.000,00|
|26/03/2018|R|27.000,00|25.000,00|27.000,00|25.000,00|9|908|23.536.000,00|
|27/03/2018|R|25.000,00|26.000,00|27.000,00|25.000,00|4|117|3.009.000,00|
|28/03/2018|R|26.000,00|26.000,00|26.000,00|26.000,00|3|280|7.280.000,00|
|02/04/2018|R|26.000,00|26.000,00|26.000,00|26.000,00|3|3.512|91.312.000,00|
|03/04/2018|R|26.000,00|25.000,00|25.000,00|25.000,00|5|565|14.225.000,00|
|04/04/2018|R|25.000,00|25.500,00|25.500,00|25.500,00|5|188|4.794.000,00|
|05/04/2018|R|25.500,00|24.300,00|25.000,00|24.300,00|5|222|5.456.600,00|
|06/04/2018|R|24.300,00|24.300,00|24.300,00|24.000,00|9|4.450|107.835.000,00|
|09/04/2018|R|24.300,00|24.500,00|25.100,00|24.500,00|6|2.656|65.378.000,00|
|10/04/2018|R|24.500,00|29.400,00|29.400,00|29.200,00|3|508|14.933.600,00|
|11/04/2018|R|29.400,00|32.000,00|32.000,00|30.000,00|10|6.962|222.584.000,00|
|12/04/2018|R|32.000,00|38.000,00|38.000,00|35.000,00|16|6.552|241.838.750,00|
|13/04/2018|R|38.000,00|45.000,00|45.000,00|40.000,01|14|5.636|239.620.025,00|
|16/04/2018|R|45.000,00|50.000,00|50.000,00|45.000,00|6|3.033|137.585.000,00|
|17/04/2018|R|50.000,00|49.000,00|51.000,00|49.000,00|9|1.350|68.318.000,00|
|18/04/2018|R|49.000,00|42.000,00|48.000,00|40.000,00|13|5.150|210.021.005,00|
|20/04/2018|R|42.000,00|50.000,00|50.000,00|42.000,00|14|6.034|274.100.000,00|
|23/04/2018|R|50.000,00|49.999,00|49.999,00|49.000,00|4|602|29.999.498,00|
|24/04/2018|R|49.999,00|49.500,00|50.000,00|40.200,00|10|11.305|545.447.500,00|
|25/04/2018|R|49.500,00|45.000,00|45.000,00|45.000,00|3|547|24.615.000,00|
|26/04/2018|R|45.000,00|43.500,00|44.900,00|42.000,00|5|570|24.788.000,00|
|27/04/2018|R|43.500,00|45.000,00|45.000,00|44.000,00|6|297|13.324.000,00|
|02/05/2018|R|45.000,00|45.000,00|45.000,00|40.000,00|6|560|23.700.000,00|
|03/05/2018|R|45.000,00|44.000,00|44.000,00|43.900,00|3|750|32.998.100,00|
|04/05/2018|R|44.000,00|40.000,00|40.000,00|40.000,00|3|650|26.525.000,00|
|07/05/2018|R|40.000,00|42.000,00|42.000,00|40.000,00|4|280|11.300.000,00|
|08/05/2018|R|42.000,00|40.000,00|40.000,00|40.000,00|1|250|10.000.000,00|
|09/05/2018|R|40.000,00|40.000,00|0,00|0,00|1|55|1.848.000,00|
|10/05/2018|R|40.000,00|42.200,00|42.200,00|42.200,00|2|265|11.183.000,00|
|11/05/2018|R|42.200,00|40.000,00|40.000,00|40.000,00|2|1.000|40.000.000,00|
|16/05/2018|R|40.000,00|44.000,00|44.000,00|44.000,00|2|14|606.000,00|
|17/05/2018|R|44.000,00|42.250,00|42.250,00|42.250,00|1|500|21.125.000,00|
|18/05/2018|R|42.250,00|41.000,00|41.000,00|40.000,00|3|146|5.886.000,00|
|21/05/2018|R|41.000,00|40.000,00|41.000,00|40.000,00|4|534|21.374.000,00|
|22/05/2018|R|40.000,00|41.000,00|41.000,00|41.000,00|1|10|410.000,00|
|23/05/2018|R|41.000,00|40.000,00|40.000,00|40.000,00|5|1.890|75.600.000,00|
|25/05/2018|R|40.000,00|44.000,00|44.000,00|44.000,00|2|1.250|55.000.000,00|
|28/05/2018|R|44.000,00|42.000,00|44.000,00|42.000,00|4|2.385|100.479.850,00|
|29/05/2018|R|42.000,00|45.000,00|45.000,00|45.000,00|4|835|37.575.000,00|
|30/05/2018|R|45.000,00|53.500,00|53.950,00|50.000,00|5|328|17.251.100,00|
|31/05/2018|R|53.500,00|53.500,00|53.500,00|53.500,00|5|2.458|124.482.000,00|
|01/06/2018|R|53.500,00|55.000,00|55.000,00|55.000,00|4|69|3.795.000,00|
|05/06/2018|R|55.000,00|60.000,00|60.000,00|60.000,00|1|44|2.640.000,00|
|06/06/2018|R|60.000,00|71.930,00|71.950,00|71.930,00|3|7|503.630,00|
|07/06/2018|R|71.930,00|71.500,00|71.500,00|71.500,00|3|2.525|180.537.500,00|
|08/06/2018|R|71.500,00|71.000,00|71.000,00|58.000,00|2|1.004|58.284.000,00|
|11/06/2018|R|71.000,00|71.000,00|0,00|0,00|1|500|28.500.000,00|
|12/06/2018|R|71.000,00|71.000,00|71.000,00|71.000,00|2|310|22.010.000,00|
|13/06/2018|R|71.000,00|70.500,00|70.500,00|69.950,00|3|1.525|106.750.000,00|
|14/06/2018|R|70.500,00|71.000,00|71.000,00|71.000,00|3|28|1.988.000,00|
|15/06/2018|R|71.000,00|71.000,00|71.000,00|56.810,00|7|2.773|162.460.000,00|
|18/06/2018|R|71.000,00|70.000,00|70.000,00|70.000,00|1|47|3.290.000,00|
|19/06/2018|R|70.000,00|65.000,00|70.000,00|65.000,00|2|12|830.000,00|
|20/06/2018|R|65.000,00|70.000,00|70.000,00|70.000,00|4|1.078|75.460.000,00|
|21/06/2018|R|70.000,00|70.000,00|0,00|0,00|1|900|51.300.000,00|
|22/06/2018|R|70.000,00|80.000,00|80.000,00|80.000,00|3|19|1.520.000,00|
|25/06/2018|R|80.000,00|80.000,00|80.000,00|80.000,00|1|10|800.000,00|
|26/06/2018|R|80.000,00|80.000,00|80.000,00|80.000,00|5|308|24.640.000,00|
|27/06/2018|R|80.000,00|80.000,00|80.000,00|80.000,00|2|3|240.000,00|
|28/06/2018|R|80.000,00|70.000,00|80.000,00|70.000,00|11|2.859|210.570.000,00|
|29/06/2018|R|70.000,00|80.000,00|80.000,00|80.000,00|3|32|2.560.000,00|
|04/07/2018|R|80.000,00|80.000,00|80.000,00|78.000,00|5|6.074|474.172.000,00|
|06/07/2018|R|80.000,00|77.000,00|77.000,00|77.000,00|1|1.533|118.041.000,00|
|09/07/2018|R|77.000,00|78.000,00|78.000,00|78.000,00|2|155|12.090.000,00|
|11/07/2018|R|78.000,00|78.000,00|78.000,00|75.000,00|7|786|59.808.000,00|
|12/07/2018|R|78.000,00|80.000,00|80.000,00|80.000,00|1|10|800.000,00|
|13/07/2018|R|80.000,00|79.000,00|80.000,00|79.000,00|3|30|2.390.000,00|
|17/07/2018|R|79.000,00|80.000,00|80.000,00|80.000,00|1|2|160.000,00|
|18/07/2018|R|80.000,00|78.000,00|78.000,00|78.000,00|1|3|234.000,00|
|19/07/2018|R|78.000,00|79.000,00|79.000,00|75.000,00|4|4.047|315.450.000,00|
|20/07/2018|R|79.000,00|75.000,00|79.000,00|75.000,00|3|810|61.590.000,00|
|23/07/2018|R|75.000,00|80.000,00|80.000,00|80.000,00|1|35|2.800.000,00|
|25/07/2018|R|80.000,00|79.000,00|79.000,00|79.000,00|2|4.023|317.817.000,00|
|26/07/2018|R|79.000,00|64.000,00|64.000,00|64.000,00|1|357|22.848.000,00|
|27/07/2018|R|64.000,00|75.000,00|75.000,00|75.000,00|1|10|750.000,00|
|02/08/2018|R|75.000,00|70.000,00|70.000,00|70.000,00|4|2.500|175.000.000,00|
|03/08/2018|R|70.000,00|74.990,00|75.000,00|74.990,00|3|316|22.624.990,00|
|08/08/2018|R|74.990,00|75.000,00|75.000,00|75.000,00|2|16|1.200.000,00|
|10/08/2018|R|75.000,00|80.000,00|80.000,00|80.000,00|4|34|2.720.000,00|
|13/08/2018|R|80.000,00|75.000,00|80.000,00|70.000,00|5|455|32.800.000,00|
|14/08/2018|R|75.000,00|78.000,00|78.000,00|70.200,00|4|979|76.229.400,00|
|15/08/2018|R|78.000,00|93.550,00|93.550,00|80.000,00|9|2.630|217.215.650,00|
|16/08/2018|R|93.550,00|110.000,00|112.000,00|110.000,00|4|160|17.660.000,00|
|21/08/2018|R|1,10|2,26|2,26|1,32|5|60|114,37|
|22/08/2018|R|2,26|3,89|3,89|2,70|9|1.063|3.474,99|
|23/08/2018|R|3,89|4,05|4,10|3,80|6|170|664,25|
|24/08/2018|R|4,05|4,05|4,50|4,05|2|159|702,00|
|27/08/2018|R|4,05|4,05|4,05|3,25|5|283|970,15|
|29/08/2018|R|4,05|3,50|3,50|3,24|2|290|991,60|
|31/08/2018|R|3,50|3,99|4,00|3,99|3|27|107,96|
|04/09/2018|R|3,99|4,70|4,75|4,70|2|55|259,00|
|06/09/2018|R|4,70|5,30|5,30|5,30|1|15|79,50|
|07/09/2018|R|5,30|5,60|5,60|5,60|1|41|229,60|
|11/09/2018|R|5,60|6,50|6,50|4,49|4|257|1.168,00|
|12/09/2018|R|6,50|6,30|7,00|6,30|5|108|714,90|
|13/09/2018|R|6,30|6,50|6,50|6,30|3|199|1.254,50|
|14/09/2018|R|6,50|6,50|6,50|6,50|1|5|32,50|
|17/09/2018|R|6,50|6,50|6,50|6,50|1|150|975,00|
|20/09/2018|R|6,50|6,50|0,00|0,00|1|2.689|16.671,80|
|21/09/2018|R|6,50|6,50|0,00|0,00|1|500|2.750,00|
|24/09/2018|R|6,50|7,79|7,79|7,00|2|110|849,00|
|25/09/2018|R|7,79|6,50|6,50|6,50|1|500|3.250,00|
|26/09/2018|R|6,50|6,49|6,50|6,49|3|53|344,18|
|27/09/2018|R|6,49|6,50|6,50|5,95|3|525|3.125,95|
|28/09/2018|R|6,50|6,50|6,50|6,50|4|95|617,50|
|01/10/2018|R|6,50|6,75|6,75|6,75|1|5|33,75|
|02/10/2018|R|6,75|7,80|7,80|7,79|3|110|857,50|
|04/10/2018|R|7,80|6,99|6,99|6,99|1|5|34,95|
|05/10/2018|R|6,99|6,23|6,99|6,23|2|114|720,86|
|08/10/2018|R|6,23|6,00|6,80|6,00|3|536|3.324,80|
|09/10/2018|R|6,00|6,79|6,79|6,79|1|30|203,70|
|10/10/2018|R|6,79|6,30|6,30|6,30|2|402|2.532,60|
|11/10/2018|R|6,30|6,30|0,00|0,00|1|398|2.009,90|
|15/10/2018|R|6,30|5,50|5,50|5,50|1|500|2.750,00|
|17/10/2018|R|5,50|6,00|6,00|6,00|5|1.749|10.494,00|
|18/10/2018|R|6,00|5,50|6,00|5,50|4|2.500|14.750,00|
|19/10/2018|R|5,50|5,40|5,50|5,40|4|10.250|55.852,50|
|22/10/2018|R|5,40|5,20|5,50|5,20|5|5.912|31.019,75|
|23/10/2018|R|5,20|5,25|5,50|5,25|2|6.000|31.750,00|
|24/10/2018|R|5,25|5,25|5,25|5,25|2|62|325,50|
|25/10/2018|R|5,25|5,25|5,90|5,25|4|10.110|56.399,00|
|26/10/2018|R|5,25|5,20|6,00|5,20|4|1.898|9.870,40|
|29/10/2018|R|5,20|5,20|6,00|5,20|3|1.229|6.391,60|
|01/11/2018|R|5,20|5,20|5,21|5,20|2|22.738|118.252,60|
|06/11/2018|R|5,20|6,00|6,00|5,22|2|858|4.624,62|
|07/11/2018|R|6,00|6,00|6,00|6,00|2|4.813|28.878,00|
|08/11/2018|R|6,00|7,19|7,19|6,10|3|5.006|30.543,14|
|09/11/2018|R|7,19|7,00|7,19|7,00|2|2.600|18.219,00|
|13/11/2018|R|7,00|7,21|7,21|7,21|1|8|57,68|
|14/11/2018|R|7,21|6,15|6,15|6,15|5|35.000|215.250,00|
|15/11/2018|R|6,15|7,20|7,20|7,00|10|17.192|120.514,00|
|16/11/2018|R|7,20|7,20|7,20|7,20|1|150|1.080,00|
|19/11/2018|R|7,20|10,28|10,28|8,62|8|2.056|19.548,82|
|20/11/2018|R|10,28|9,40|10,00|8,23|8|3.556|31.015,74|
|21/11/2018|R|9,40|8,80|9,40|7,75|9|4.237|37.741,50|
|22/11/2018|R|8,80|8,80|0,00|0,00|2|1.000|8.800,00|
|23/11/2018|R|8,80|8,60|8,60|8,60|5|603|5.185,80|
|26/11/2018|R|8,60|7,20|7,20|7,20|1|5|36,00|
|27/11/2018|R|7,20|9,00|9,00|8,00|4|620|5.339,40|
|28/11/2018|R|9,00|10,50|10,50|9,00|7|9.012|82.408,00|
|29/11/2018|R|10,50|12,34|12,34|10,00|10|2.880|31.441,08|
|30/11/2018|R|12,34|14,67|14,67|10,00|7|1.521|19.121,46|
|03/12/2018|R|14,67|17,60|21,05|17,59|5|3.122|59.571,77|
|04/12/2018|R|17,60|18,50|18,50|17,60|2|137|2.418,40|
|05/12/2018|R|18,50|17,50|17,50|17,49|4|1.959|34.281,58|
|06/12/2018|R|17,50|17,50|17,50|17,50|3|110|1.925,00|
|07/12/2018|R|17,50|14,01|17,50|14,01|2|105|1.645,55|
|10/12/2018|R|14,01|14,00|14,00|14,00|4|2.184|30.576,00|
|11/12/2018|R|14,00|14,00|14,00|12,50|2|28|360,50|
|13/12/2018|R|14,00|11,20|11,30|11,20|7|1.613|18.175,60|
|17/12/2018|R|11,20|10,50|10,80|10,50|9|40.614|431.431,20|
|18/12/2018|R|10,50|12,00|12,00|10,05|5|3.132|35.875,80|
|19/12/2018|R|12,00|14,00|14,00|14,00|2|22|308,00|
|26/12/2018|R|14,00|13,00|13,00|12,99|4|13.800|179.368,23|
|27/12/2018|R|13,00|15,58|15,58|15,58|5|639|9.955,62|
|28/12/2018|R|15,58|18,68|18,68|18,68|1|10|186,80|
|03/01/2019|R|18,68|18,68|22,40|18,68|2|43|877,64|
|04/01/2019|R|18,68|22,40|22,40|19,75|3|190|3.813,45|
|07/01/2019|R|22,40|26,87|26,87|26,87|1|158|4.245,46|
|08/01/2019|R|26,87|32,22|32,22|32,00|5|1.532|49.029,28|
|09/01/2019|R|32,22|32,00|32,00|32,00|1|250|8.000,00|
|10/01/2019|R|32,00|38,39|38,39|38,39|1|10|383,90|
|11/01/2019|R|38,39|55,27|55,27|46,06|4|360|19.728,58|
|14/01/2019|R|55,27|61,00|66,31|61,00|4|3.060|188.223,72|
|15/01/2019|R|61,00|80,00|81,00|72,50|6|4.083|326.422,50|
|18/01/2019|R|80,00|79,98|80,00|70,00|3|960|71.798,80|
|22/01/2019|R|79,98|64,00|74,98|64,00|5|230|15.539,84|
|25/01/2019|R|64,00|70,00|76,70|70,00|6|1.138|80.070,80|
|28/01/2019|R|70,00|70,00|70,00|70,00|4|275|19.250,00|
|29/01/2019|R|70,00|80,00|83,98|75,00|15|13.446|1.053.913,08|
|30/01/2019|R|80,00|80,00|85,00|80,00|7|15.165|1.213.215,00|
|31/01/2019|R|80,00|95,60|95,60|80,00|14|32.012|2.996.505,68|
|01/02/2019|R|95,60|100,00|114,71|100,00|4|554|62.707,76|
|04/02/2019|R|100,00|120,00|120,00|120,00|4|13.572|1.628.640,00|
|05/02/2019|R|120,00|208,00|248,00|143,98|17|5.776|1.276.686,83|
|06/02/2019|R|208,00|249,00|249,00|248,98|11|6.201|1.544.045,88|
|07/02/2019|R|249,00|285,00|298,00|260,00|7|1.674|487.635,00|
|08/02/2019|R|285,00|260,00|280,00|260,00|7|109|29.180,00|
|11/02/2019|R|260,00|210,05|260,00|210,00|7|2.325|526.214,40|
|12/02/2019|R|210,05|170,00|210,00|169,00|5|460|78.790,00|
|13/02/2019|R|170,00|150,00|170,00|140,00|8|1.379|206.510,00|
|14/02/2019|R|150,00|150,00|150,00|121,00|5|1.044|147.496,50|
|15/02/2019|R|150,00|170,00|170,00|170,00|2|167|28.390,00|
|18/02/2019|R|170,00|195,00|195,00|175,00|5|1.505|275.975,00|
|19/02/2019|R|195,00|191,00|210,00|191,00|7|10.490|2.096.220,00|
|20/02/2019|R|191,00|229,20|229,20|220,00|10|1.015|224.818,00|
|21/02/2019|R|229,20|245,00|255,00|245,00|4|1.900|480.500,00|
|22/02/2019|R|245,00|295,00|298,00|293,00|12|2.552|749.138,66|
|25/02/2019|R|295,00|350,00|353,00|325,00|9|379|129.850,00|
|26/02/2019|R|350,00|400,00|420,00|340,00|9|3.029|1.183.070,00|
|27/02/2019|R|400,00|480,00|480,00|479,00|13|2.306|1.104.784,00|
|06/03/2019|R|480,00|470,00|480,00|470,00|8|3.358|1.611.410,00|
|07/03/2019|R|470,00|469,00|470,00|400,00|3|336|141.103,00|
|14/03/2019|R|469,00|340,00|375,00|340,00|6|2.015|730.110,00|
|15/03/2019|R|340,00|320,00|330,00|320,00|3|360|116.800,00|
|18/03/2019|R|320,00|320,00|320,00|310,00|8|1.762|563.690,00|
|20/03/2019|R|320,00|300,00|300,00|300,00|17|39.422|11.826.795,00|
|21/03/2019|R|300,00|320,00|320,00|300,00|7|1.079|329.700,00|
|22/03/2019|R|320,00|320,00|340,00|320,00|3|560|183.310,00|
|25/03/2019|R|320,00|384,00|384,00|384,00|2|20|7.680,00|
|29/03/2019|R|384,00|410,00|420,00|410,00|6|1.214|501.740,00|
|01/04/2019|R|410,00|410,00|410,00|410,00|2|42|17.220,00|
|02/04/2019|R|410,00|400,00|405,00|390,00|3|34|13.615,00|
|03/04/2019|R|400,00|320,01|320,01|320,01|1|500|160.005,00|
|04/04/2019|R|320,01|320,01|384,00|384,00|2|13|4.992,00|
|05/04/2019|R|320,01|325,00|325,00|325,00|1|2.100|682.500,00|
|08/04/2019|R|325,00|370,00|389,99|285,00|5|1.809|633.006,91|
|09/04/2019|R|370,00|349,00|349,00|330,00|7|2.163|751.255,00|
|10/04/2019|R|349,00|350,00|360,00|349,00|3|2.000|704.500,00|
|11/04/2019|R|350,00|380,00|390,00|380,00|2|48|18.340,00|
|12/04/2019|R|380,00|350,00|360,00|350,00|3|2.090|732.400,00|
|22/04/2019|R|350,00|475,00|480,00|420,00|7|872|388.005,00|
|23/04/2019|R|475,00|494,00|500,00|494,00|3|1.139|568.000,00|
|24/04/2019|R|494,00|400,00|524,00|400,00|4|382|162.843,00|
|25/04/2019|R|400,00|404,00|415,00|404,00|5|482|194.871,00|
|26/04/2019|R|404,00|399,00|405,00|399,00|5|1.005|404.518,00|
|29/04/2019|R|399,00|385,00|400,00|385,00|6|1.613|637.863,00|
|02/05/2019|R|385,00|430,00|438,00|420,00|8|4.508|1.926.501,00|
|03/05/2019|R|430,00|360,00|445,00|360,00|5|1.441|579.125,00|
|08/05/2019|R|386,00|370,00|442,00|370,00|5|1.375|520.950,00|
|09/05/2019|R|370,00|360,00|380,00|360,00|4|421|154.870,00|
|10/05/2019|R|360,00|288,01|360,00|288,01|5|145|42.682,19|
|13/05/2019|R|288,01|250,00|288,01|246,00|15|6.552|1.731.031,52|
|14/05/2019|R|250,00|290,00|299,99|290,00|11|2.143|631.538,48|
|15/05/2019|R|290,00|325,00|325,01|325,00|8|2.970|965.257,59|
|16/05/2019|R|325,00|370,00|370,00|370,00|1|55|20.350,00|
|17/05/2019|R|370,00|415,00|415,00|370,00|5|121|46.895,00|
|27/05/2019|R|328,01|390,00|390,00|330,00|4|2.041|615.570,00|
|28/05/2019|R|390,00|325,00|350,00|325,00|2|1.490|496.500,00|
|29/05/2019|R|325,00|330,00|330,00|330,00|2|1.020|336.600,00|
|30/05/2019|R|330,00|315,00|360,00|315,00|9|7.025|2.355.100,00|
|31/05/2019|R|315,00|360,00|360,00|360,00|2|722|259.920,00|
|04/06/2019|R|360,00|360,00|360,00|360,00|1|14|5.040,00|
|05/06/2019|R|360,00|350,00|363,00|350,00|6|525|189.980,00|
|06/06/2019|R|350,00|360,00|360,00|330,00|5|1.242|366.510,00|
|10/06/2019|R|360,00|350,00|350,00|350,00|4|1.000|350.000,00|
|11/06/2019|R|350,00|350,00|350,00|350,00|2|4.993|1.540.550,00|
|13/06/2019|R|350,00|310,00|349,50|310,00|8|14.828|4.312.632,00|
|14/06/2019|R|310,00|311,00|311,00|310,00|6|26.575|9.178.880,00|
|18/06/2019|R|311,00|315,00|315,00|315,00|5|1.603|504.945,00|
|19/06/2019|R|315,00|315,00|0,00|0,00|1|1.000|300.000,00|
|20/06/2019|R|315,00|300,00|350,00|300,00|6|5.272|1.755.650,00|
|21/06/2019|R|300,00|354,99|354,99|354,99|1|50|17.749,50|
|25/06/2019|R|354,99|345,00|345,00|345,00|2|325|112.125,00|
|26/06/2019|R|345,00|340,00|349,99|339,00|6|1.947|662.714,65|
|27/06/2019|R|340,00|315,00|349,00|315,00|3|62|19.848,00|
|28/06/2019|R|315,00|315,00|315,00|315,00|3|2.431|765.765,00|
|01/07/2019|R|315,00|320,00|320,00|320,00|3|550|176.000,00|
|02/07/2019|R|320,00|329,00|329,00|320,00|3|833|266.835,00|
|03/07/2019|R|329,00|350,00|350,00|350,00|1|400|140.000,00|
|04/07/2019|R|350,00|328,00|328,00|328,00|2|511|167.608,00|
|08/07/2019|R|328,00|328,00|393,50|328,00|2|105|34.767,50|
|09/07/2019|R|328,00|350,00|350,00|350,00|2|70|24.500,00|
|10/07/2019|R|350,00|360,00|360,00|350,00|2|200|71.500,00|
|11/07/2019|R|360,00|350,00|350,00|350,00|1|350|122.500,00|
|12/07/2019|R|350,00|306,01|350,00|306,01|5|4.368|1.392.431,00|
|15/07/2019|R|306,01|350,00|350,00|350,00|3|4.600|1.610.000,00|
|16/07/2019|R|350,00|350,00|419,00|419,00|1|3|1.257,00|
|17/07/2019|R|350,00|350,00|0,00|0,00|1|1.000|419.000,00|
|18/07/2019|R|350,00|350,00|419,98|361,00|2|47|17.084,96|
|19/07/2019|R|350,00|350,00|419,98|419,98|1|30|12.599,40|
|22/07/2019|R|350,00|450,00|450,00|420,00|3|948|408.657,00|
|25/07/2019|R|450,00|534,00|539,00|480,00|6|2.040|1.081.970,00|
|26/07/2019|R|534,00|573,00|575,00|550,00|5|473|261.590,00|
|29/07/2019|R|573,00|614,00|614,00|580,00|6|427|250.448,00|
|30/07/2019|R|614,00|670,00|670,00|670,00|4|412|276.040,00|
|31/07/2019|R|670,00|670,00|700,00|700,00|1|17|11.900,00|
|02/08/2019|R|670,00|800,00|800,00|700,00|7|23.678|15.872.940,00|
|05/08/2019|R|800,00|795,00|800,00|750,00|7|3.024|2.310.821,00|
|06/08/2019|R|795,00|800,00|800,00|750,00|7|6.804|5.432.041,44|
|07/08/2019|R|800,00|820,00|959,98|820,00|3|186|153.779,82|
|08/08/2019|R|820,00|850,00|875,00|850,00|7|6.706|5.700.350,00|
|09/08/2019|R|850,00|830,00|875,00|830,00|4|4.733|3.968.525,00|
|12/08/2019|R|830,00|830,00|830,00|830,00|3|963|799.290,00|
|13/08/2019|R|830,00|899,98|900,00|899,00|4|67|60.291,92|
|15/08/2019|R|899,98|899,98|899,98|899,98|1|42|37.799,16|
|16/08/2019|R|899,98|850,00|899,50|850,00|10|12.840|11.177.100,00|
|20/08/2019|R|850,00|870,00|870,00|850,00|5|1.269|1.087.010,00|
|21/08/2019|R|870,00|950,00|1.000,00|900,00|11|1.402|1.266.421,00|
|22/08/2019|R|950,00|950,00|950,00|950,00|1|135|128.250,00|
|23/08/2019|R|950,00|949,00|950,00|860,00|8|1.781|1.685.960,00|
|26/08/2019|R|949,00|860,00|1.000,00|860,00|6|2.463|2.154.070,00|
|27/08/2019|R|860,00|860,00|900,00|900,00|3|23.537|21.183.300,00|
|28/08/2019|R|860,00|860,00|900,00|900,00|2|33|29.700,00|
|30/08/2019|R|860,00|860,00|1.000,00|1.000,00|1|3|3.000,00|
|02/09/2019|R|860,00|950,00|950,00|950,00|5|4.121|3.971.350,00|
|03/09/2019|R|950,00|820,00|951,00|820,00|7|905|794.950,00|
|04/09/2019|R|820,00|983,95|983,95|983,00|5|907|892.062,65|
|05/09/2019|R|983,95|900,00|1.000,00|900,00|5|3.186|2.993.500,00|
|06/09/2019|R|900,00|1.079,90|1.079,90|1.079,90|2|105|113.389,50|
|09/09/2019|R|1.079,90|1.080,00|1.080,00|1.080,00|4|622|671.760,00|
|10/09/2019|R|1.080,00|1.080,00|1.100,00|1.080,00|2|230|252.400,00|
|11/09/2019|R|1.080,00|999,99|999,99|875,00|4|624|562.748,66|
|12/09/2019|R|999,99|999,99|999,99|999,99|3|12|11.999,88|
|17/09/2019|R|1.000,00|1.000,00|999,97|999,97|1|5|4.999,85|
|18/09/2019|R|1.000,00|1.000,00|995,00|995,00|1|10|9.950,00|
|20/09/2019|R|1.000,00|999,98|999,98|999,98|2|852|851.982,96|
|24/09/2019|R|999,98|951,00|960,00|950,00|7|3.642|3.460.440,00|
|25/09/2019|R|951,00|950,00|951,00|950,00|5|1.701|1.616.002,00|
|26/09/2019|R|950,00|950,00|950,00|950,00|3|855|812.250,00|
|27/09/2019|R|950,00|949,50|949,50|801,00|4|2.792|2.315.770,50|
|30/09/2019|R|949,50|900,00|900,00|900,00|6|192|172.800,00|
|02/10/2019|R|900,00|900,00|900,00|900,00|2|182|163.800,00|
|03/10/2019|R|900,00|900,00|900,00|900,00|2|792|712.800,00|
|04/10/2019|R|900,00|900,00|900,00|900,00|1|77|69.300,00|
|08/10/2019|R|900,00|900,00|900,00|900,00|1|2.202|1.981.800,00|
|09/10/2019|R|900,00|900,00|899,00|899,00|1|4|3.596,00|
|11/10/2019|R|900,00|850,00|850,00|850,00|5|324|275.400,00|
|14/10/2019|R|850,00|899,97|899,97|899,97|1|100|89.997,00|
|15/10/2019|R|899,97|849,99|900,00|720,00|6|4.555|3.439.228,59|
|16/10/2019|R|849,99|899,90|899,90|899,90|2|134|120.586,60|
|17/10/2019|R|899,90|890,00|899,90|890,00|2|35|31.328,20|
|18/10/2019|R|890,00|899,00|899,00|800,00|5|1.116|896.859,00|
|22/10/2019|R|899,00|731,00|898,00|731,00|2|899|713.615,00|
|24/10/2019|R|731,00|756,00|877,00|756,00|3|8.338|6.671.126,00|
|25/10/2019|R|756,00|720,00|800,00|720,00|15|8.831|6.383.657,00|
|28/10/2019|R|720,00|820,00|861,00|820,00|2|209|175.972,00|
|29/10/2019|R|820,00|815,00|820,00|721,00|7|2.999|2.295.122,00|
|30/10/2019|R|815,00|790,00|790,00|724,00|7|4.995|3.622.902,00|
|01/11/2019|R|790,00|700,00|700,00|700,00|1|320|224.000,00|
|05/11/2019|R|700,00|700,00|750,00|750,00|1|2|1.500,00|
|06/11/2019|R|700,00|800,00|815,00|800,00|3|1.083|866.520,00|
|07/11/2019|R|800,00|800,00|800,00|800,00|2|37|29.600,00|
|08/11/2019|R|800,00|800,00|800,00|800,00|1|6|4.800,00|
|11/11/2019|R|800,00|801,00|875,00|801,00|4|454|367.650,00|
|12/11/2019|R|801,00|800,00|805,00|771,01|9|9.251|7.310.386,82|
|13/11/2019|R|800,00|891,00|899,99|891,00|5|2.665|2.141.387,20|
|15/11/2019|R|891,00|867,00|867,00|866,00|2|132|114.434,00|
|18/11/2019|R|867,00|800,00|900,00|800,00|7|2.369|1.961.900,00|
|19/11/2019|R|800,00|900,00|900,00|899,00|10|5.094|4.584.255,00|
|20/11/2019|R|900,00|900,00|900,00|900,00|1|75|67.500,00|
|21/11/2019|R|900,00|950,00|1.000,00|900,00|8|404|385.750,00|
|25/11/2019|R|950,00|1.000,00|1.000,00|900,00|5|10.825|10.374.720,00|
|26/11/2019|R|1.000,00|900,00|950,00|900,00|4|357|325.650,00|
|27/11/2019|R|900,00|900,00|1.000,00|875,00|15|9.357|8.453.275,00|
|28/11/2019|R|900,00|1.000,00|1.069,00|1.000,00|3|881|881.276,00|
|29/11/2019|R|1.000,00|1.190,00|1.190,00|1.100,00|13|10.001|11.528.850,00|
|02/12/2019|R|1.190,00|1.025,00|1.150,00|1.025,00|3|1.958|2.065.200,00|
|03/12/2019|R|1.025,00|1.150,00|1.200,00|1.126,00|4|4.649|5.346.352,00|
|04/12/2019|R|1.150,00|1.150,00|1.150,00|1.150,00|1|549|631.350,00|
|05/12/2019|R|1.150,00|1.005,00|1.299,00|1.005,00|5|829|945.140,00|
|06/12/2019|R|1.005,00|1.200,00|1.200,00|1.100,00|3|358|424.600,00|
|09/12/2019|R|1.200,00|1.012,00|1.200,00|1.012,00|3|2.340|2.559.840,00|
|10/12/2019|R|1.012,00|1.012,00|1.195,00|1.195,00|2|10|11.950,00|
|11/12/2019|R|1.012,00|1.000,00|1.000,00|1.000,00|1|675|675.000,00|
|12/12/2019|R|1.000,00|1.000,00|1.000,00|1.000,00|1|132|132.000,00|
|13/12/2019|R|1.000,00|1.000,00|1.000,00|1.000,00|14|39.001|39.001.000,00|
|16/12/2019|R|1.000,00|1.000,00|1.001,00|1.000,00|3|1.105|1.105.075,00|
|17/12/2019|R|1.000,00|1.000,00|1.000,00|1.000,00|2|217|217.000,00|
|18/12/2019|R|1.000,00|1.000,00|1.000,00|1.000,00|11|19.055|19.055.000,00|
|19/12/2019|R|1.000,00|1.164,00|1.170,00|1.002,00|4|455|468.907,00|
|20/12/2019|R|1.164,00|1.005,00|1.005,00|1.000,00|3|4.318|4.329.590,00|
|23/12/2019|R|1.005,00|1.005,00|1.149,00|1.149,00|1|12|13.788,00|
|27/12/2019|R|1.005,00|1.000,00|1.031,00|1.000,00|8|26.115|26.184.965,00|
|30/12/2019|R|1.000,00|1.475,00|1.475,00|1.199,00|6|14.736|17.847.536,00|
|02/01/2020|R|1.475,00|1.475,00|1.475,00|1.200,00|8|11.544|14.403.000,00|
|03/01/2020|R|1.475,00|1.739,00|1.739,00|1.739,00|5|824|1.432.936,00|
|07/01/2020|R|1.739,00|2.000,00|2.086,00|2.000,00|5|1.368|2.800.070,00|
|08/01/2020|R|2.000,00|1.800,00|2.000,00|1.700,00|6|1.362|2.634.000,00|
|09/01/2020|R|1.800,00|2.130,00|2.130,00|2.130,00|2|97|206.610,00|
|10/01/2020|R|2.130,00|1.715,00|2.142,00|1.715,00|4|193|349.180,00|
|13/01/2020|R|1.715,00|2.056,00|2.056,00|2.056,00|1|110|226.160,00|
|14/01/2020|R|2.056,00|2.050,00|2.050,00|2.050,00|3|345|707.250,00|
|16/01/2020|R|2.050,00|2.048,00|2.048,00|2.048,00|1|32|65.536,00|
|17/01/2020|R|2.048,00|2.000,00|2.045,00|2.000,00|2|514|1.050.500,00|
|21/01/2020|R|2.000,00|1.601,00|2.030,00|1.601,00|5|5.007|8.017.065,00|
|22/01/2020|R|1.601,00|1.601,00|1.601,00|1.301,00|5|555|886.155,00|
|23/01/2020|R|1.601,00|1.600,00|1.601,00|1.600,00|5|12.260|19.617.000,00|
|24/01/2020|R|1.600,00|1.600,00|1.600,00|1.600,00|2|240|384.000,00|
|27/01/2020|R|1.600,00|1.500,00|1.599,00|1.500,00|3|692|1.086.708,00|
|28/01/2020|R|1.500,00|1.350,00|1.500,00|1.300,00|12|20.735|27.020.500,00|
|29/01/2020|R|1.350,00|1.600,00|1.600,00|1.400,00|7|18.000|25.671.800,00|
|30/01/2020|R|1.600,00|1.900,00|1.900,00|1.300,00|4|623|1.153.700,00|
|31/01/2020|R|1.900,00|2.270,00|2.270,00|2.000,00|4|109|230.690,00|
|03/02/2020|R|2.270,00|2.499,99|2.499,99|2.499,99|2|46|114.999,54|
|04/02/2020|R|2.499,99|2.500,00|2.599,99|2.500,00|8|592|1.487.499,35|
|05/02/2020|R|2.500,00|2.250,00|2.399,00|2.250,00|7|315|747.384,40|
|06/02/2020|R|2.250,00|2.400,00|2.400,00|2.400,00|2|245|588.000,00|
|07/02/2020|R|2.400,00|2.400,00|2.400,00|2.400,00|1|11|26.400,00|
|10/02/2020|R|2.400,00|2.415,00|2.415,00|2.400,00|2|41|98.865,00|
|11/02/2020|R|2.415,00|2.415,00|2.415,00|2.415,00|1|21|50.715,00|
|12/02/2020|R|2.415,00|2.590,00|2.590,00|2.590,00|3|525|1.359.750,00|
|18/02/2020|R|2.073,01|2.200,00|2.200,00|2.200,00|4|453|996.600,00|
|19/02/2020|R|2.200,00|2.200,00|2.487,00|2.487,00|1|10|24.870,00|
|26/02/2020|R|2.200,00|2.100,00|2.299,00|2.100,00|2|1.010|2.122.990,00|
|27/02/2020|R|2.100,00|2.100,00|0,00|0,00|1|300|504.300,00|
|28/02/2020|R|2.100,00|2.100,00|2.100,00|2.100,00|1|62|130.200,00|
|02/03/2020|R|2.100,00|2.255,00|2.519,00|1.701,00|4|1.518|2.632.990,00|
|03/03/2020|R|2.255,00|2.255,00|0,00|0,00|1|100|240.000,00|
|04/03/2020|R|2.255,00|2.255,00|2.255,00|2.255,00|1|69|155.595,00|
|06/03/2020|R|2.255,00|2.295,00|2.300,00|2.295,00|3|196|450.760,00|
|09/03/2020|R|2.295,00|2.100,00|2.100,00|2.100,00|2|620|1.302.000,00|
|10/03/2020|R|2.100,00|2.244,95|2.250,00|2.244,95|6|6.752|15.158.972,00|
|11/03/2020|R|2.244,95|2.200,00|2.200,00|1.801,00|3|633|1.169.160,00|
|12/03/2020|R|2.200,00|2.200,00|2.200,00|2.001,00|5|352|728.579,00|
|13/03/2020|R|2.200,00|2.500,00|2.500,00|2.200,00|3|1.025|2.262.500,00|
|16/03/2020|R|2.500,00|2.500,00|2.639,00|2.639,00|1|11|29.029,00|
|18/03/2020|R|2.500,00|2.500,00|0,00|0,00|1|105|262.500,00|
|20/03/2020|R|2.500,00|2.100,00|2.100,00|2.100,00|1|100|210.000,00|
|23/03/2020|R|2.100,00|2.101,00|2.101,00|2.000,00|2|564|1.129.515,00|
|25/03/2020|R|2.101,00|2.400,00|2.400,00|2.400,00|2|454|1.089.600,00|
|27/03/2020|R|2.400,00|2.401,00|2.401,00|2.200,00|2|1.125|2.478.618,00|
|30/03/2020|R|2.401,00|2.500,00|2.500,00|2.500,00|1|100|250.000,00|
|01/04/2020|R|2.500,00|2.800,00|2.800,00|2.800,00|4|879|2.461.200,00|
|02/04/2020|R|2.800,00|2.900,00|2.901,00|2.900,00|2|103|298.703,00|
|03/04/2020|R|2.900,00|2.850,00|2.899,99|2.850,00|6|2.837|8.127.041,68|
|06/04/2020|R|2.850,00|2.850,00|2.899,99|2.850,00|4|5.329|15.354.066,71|
|07/04/2020|R|2.850,00|2.899,99|2.899,99|2.899,99|2|805|2.334.491,95|
|08/04/2020|R|2.899,99|3.420,00|3.420,00|2.900,00|3|347|1.136.300,00|
|13/04/2020|R|3.420,00|4.104,00|4.104,00|4.104,00|1|100|410.400,00|
|14/04/2020|R|4.104,00|4.924,80|4.924,80|4.924,79|7|1.356|6.678.016,30|
|15/04/2020|R|4.924,80|5.840,00|5.850,00|5.000,00|5|525|2.807.430,00|
|16/04/2020|R|5.840,00|5.997,00|6.000,00|5.840,00|7|1.093|6.530.563,00|
|17/04/2020|R|5.997,00|5.800,00|6.100,00|5.800,00|4|746|4.449.400,00|
|20/04/2020|R|5.800,00|5.799,00|6.000,00|4.800,00|5|3.899|19.616.191,00|
|21/04/2020|R|5.799,00|6.193,00|6.193,00|6.193,00|1|9|55.737,00|
|22/04/2020|R|6.193,00|6.949,00|6.949,00|6.749,00|5|600|4.053.865,00|
|23/04/2020|R|6.949,00|7.950,00|8.329,00|7.950,00|6|282|2.244.226,00|
|24/04/2020|R|7.950,00|9.000,00|9.000,00|9.000,00|1|65|585.000,00|
|27/04/2020|R|9.000,00|8.600,00|8.893,00|8.600,00|4|123|1.062.380,00|
|28/04/2020|R|8.600,00|8.100,00|8.100,00|7.990,00|6|4.113|33.998.130,00|
|29/04/2020|R|8.100,00|7.998,00|7.998,00|7.998,00|2|666|5.326.668,00|
|30/04/2020|R|7.998,00|7.995,00|7.998,00|7.995,00|3|654|5.230.530,00|
|04/05/2020|R|7.995,00|7.945,00|7.949,00|7.945,00|3|897|7.130.221,00|
|05/05/2020|R|7.945,00|7.946,99|7.946,99|7.945,00|2|64|508.487,96|
|06/05/2020|R|7.946,99|7.946,99|7.946,99|7.946,99|2|50|396.409,70|
|07/05/2020|R|7.946,99|7.900,00|7.990,00|7.900,00|3|199|1.582.483,00|
|08/05/2020|R|7.900,00|7.498,00|7.900,00|7.498,00|6|2.282|17.985.390,00|
|11/05/2020|R|7.498,00|6.800,00|7.594,00|6.800,00|8|471|3.282.940,00|
|12/05/2020|R|6.800,00|6.898,00|7.495,00|6.898,00|4|156|1.160.876,00|
|13/05/2020|R|6.898,00|6.700,00|6.700,00|6.700,00|1|130|871.000,00|
|14/05/2020|R|6.700,00|6.500,00|6.897,00|6.500,00|2|12|78.794,00|
|15/05/2020|R|6.500,00|6.000,00|6.250,00|6.000,00|4|140|870.000,00|
|18/05/2020|R|6.000,00|5.005,00|6.000,00|5.005,00|15|7.683|45.149.398,40|
|19/05/2020|R|5.005,00|5.999,99|6.000,00|5.300,00|6|6.509|34.584.549,00|
|20/05/2020|R|5.999,99|5.995,00|5.995,00|5.500,00|2|9.641|53.065.595,00|
|21/05/2020|R|5.995,00|6.500,00|6.500,00|6.500,00|5|1.920|12.480.000,00|
|22/05/2020|R|6.500,00|6.600,00|6.800,00|6.600,00|5|544|3.682.600,00|
|26/05/2020|R|6.600,00|6.600,00|6.701,00|6.600,00|4|77|510.044,00|
|28/05/2020|R|6.600,00|6.900,00|6.900,00|6.900,00|1|25|172.500,00|
|29/05/2020|R|6.900,00|6.900,00|6.900,00|6.900,00|2|435|3.001.500,00|
|02/06/2020|R|6.900,00|6.500,00|6.500,00|6.207,00|2|128|802.700,00|
|03/06/2020|R|6.500,00|6.500,00|6.500,00|6.500,00|4|1.972|12.818.000,00|
|04/06/2020|R|6.500,00|7.499,99|7.499,99|6.900,00|8|800|5.765.941,45|
|05/06/2020|R|7.499,99|6.900,00|6.900,00|6.900,00|1|39|269.100,00|
|08/06/2020|R|6.900,00|6.800,00|7.200,00|6.800,00|2|236|1.620.800,00|
|09/06/2020|R|6.800,00|6.800,00|7.193,00|6.800,00|3|369|2.511.165,00|
|10/06/2020|R|6.800,00|8.000,00|8.000,00|8.000,00|1|300|2.400.000,00|
|11/06/2020|R|8.000,00|7.200,00|7.200,00|7.200,00|2|6.136|44.179.200,00|
|12/06/2020|R|7.200,00|7.199,99|7.249,99|7.199,99|2|229|1.651.797,71|
|16/06/2020|R|7.199,99|6.500,00|6.806,00|6.300,00|7|6.367|42.282.500,00|
|17/06/2020|R|6.500,00|6.505,00|6.505,00|5.800,00|7|1.515|9.749.220,00|
|19/06/2020|R|6.505,00|6.520,00|6.520,00|6.520,00|3|1.000|6.520.000,00|
|23/06/2020|R|6.520,00|7.449,00|7.499,00|6.800,00|4|2.371|16.988.709,00|
|25/06/2020|R|7.442,85|7.000,00|7.449,00|6.999,99|6|436|3.104.637,98|
|26/06/2020|R|7.000,00|7.900,00|7.900,00|7.900,00|4|77|608.300,00|
|30/06/2020|R|7.900,00|7.500,00|7.500,00|7.499,99|11|10.235|76.762.485,00|
|01/07/2020|R|7.500,00|7.000,00|7.000,00|7.000,00|3|281|1.967.000,00|
|02/07/2020|R|7.000,00|7.000,00|7.000,00|7.000,00|4|3.648|25.536.000,00|
|03/07/2020|R|7.000,00|7.000,00|7.200,00|7.000,00|3|111|790.000,00|
|06/07/2020|R|7.000,00|7.099,99|7.099,99|6.500,00|2|245|1.652.499,00|
|07/07/2020|R|7.099,99|7.100,00|7.100,00|7.100,00|1|50|355.000,00|
|08/07/2020|R|7.100,00|7.100,00|7.100,00|7.100,00|2|324|2.300.400,00|
|09/07/2020|R|7.100,00|7.100,00|7.470,00|7.470,00|2|20|149.400,00|
|10/07/2020|R|7.100,00|7.300,00|7.349,00|7.300,00|9|11.183|81.660.400,00|
|13/07/2020|R|7.300,00|7.300,00|7.249,99|7.249,99|1|7|50.749,93|
|14/07/2020|R|7.300,00|7.300,00|7.300,00|7.300,00|1|15|109.500,00|
|15/07/2020|R|7.300,00|7.300,00|7.298,99|7.298,99|1|2|14.597,98|
|16/07/2020|R|7.300,00|7.298,99|7.298,99|7.298,99|2|525|3.831.969,75|
|17/07/2020|R|7.298,99|7.298,99|7.000,00|7.000,00|1|2|14.000,00|
|20/07/2020|R|7.298,99|7.298,00|8.749,00|7.290,05|7|106|788.002,60|
|21/07/2020|R|7.298,00|7.700,00|7.700,00|7.500,00|4|1.050|7.885.000,00|
|22/07/2020|R|7.700,00|7.200,01|8.194,00|7.200,01|5|4.011|31.857.710,00|
|27/07/2020|R|7.200,01|8.639,27|8.639,97|8.630,00|7|7.193|62.077.048,11|
|28/07/2020|R|8.639,27|8.000,00|8.000,00|8.000,00|3|1.055|7.692.000,00|
|29/07/2020|R|8.000,00|7.500,00|7.500,00|7.500,00|2|2.790|21.015.000,00|
|30/07/2020|R|7.500,00|8.000,00|9.000,00|7.500,01|3|82|656.000,10|
|31/07/2020|R|8.000,00|8.500,00|8.800,00|8.500,00|4|71|612.770,00|
|03/08/2020|R|8.500,00|8.500,00|8.500,00|8.500,00|5|2.068|17.578.000,00|
|04/08/2020|R|8.500,00|8.500,00|8.999,99|8.200,01|9|498|4.108.104,15|
|05/08/2020|R|8.500,00|8.999,99|8.999,99|8.500,00|5|639|5.629.996,03|
|06/08/2020|R|8.999,99|9.500,00|9.500,00|8.900,00|8|4.599|43.174.909,00|
|07/08/2020|R|9.500,00|10.500,00|10.500,00|9.500,00|11|7.777|77.842.300,00|
|10/08/2020|R|10.500,00|10.000,00|10.500,00|10.000,00|3|1.372|13.956.500,00|
|11/08/2020|R|10.000,00|10.000,00|10.000,00|10.000,00|3|134|1.290.000,00|
|12/08/2020|R|10.000,00|10.000,00|11.500,00|10.000,00|8|4.314|43.654.500,00|
|13/08/2020|R|10.000,00|10.600,00|11.250,00|10.500,00|7|11.355|119.855.000,00|
|14/08/2020|R|10.600,00|11.000,00|11.499,99|10.601,00|5|4.004|42.897.164,50|
|17/08/2020|R|11.000,00|11.400,00|11.400,00|11.400,00|4|539|6.144.600,00|
|18/08/2020|R|11.400,00|11.200,00|11.400,00|11.200,00|2|230|2.582.000,00|
|19/08/2020|R|11.200,00|11.200,00|11.200,00|11.200,00|1|106|1.187.200,00|
|20/08/2020|R|11.200,00|13.300,00|13.300,00|11.200,00|7|1.066|13.055.675,00|
|21/08/2020|R|13.300,00|13.998,00|14.000,00|13.998,00|2|64|895.960,00|
|24/08/2020|R|13.998,00|13.998,00|14.000,00|13.998,00|3|226|3.163.568,00|
|25/08/2020|R|13.998,00|13.500,00|13.984,00|13.500,00|2|135|1.839.440,00|
|26/08/2020|R|13.500,00|13.000,00|13.399,00|13.000,00|4|1.983|25.799.748,00|
|28/08/2020|R|13.000,00|13.500,00|13.750,00|13.500,00|3|55|743.250,00|
|31/08/2020|R|13.500,00|13.500,00|13.500,00|13.500,00|6|3.027|40.864.500,00|
|01/09/2020|R|13.500,00|13.000,00|13.500,00|13.000,00|4|239|3.151.500,00|
|02/09/2020|R|13.000,00|13.000,00|13.500,00|13.000,00|2|227|2.989.500,00|
|03/09/2020|R|13.000,00|13.749,99|13.998,00|13.749,99|3|161|2.238.035,55|
|04/09/2020|R|13.749,99|14.000,00|14.000,00|13.999,00|2|225|3.149.800,00|
|07/09/2020|R|14.000,00|13.700,00|14.000,00|13.699,99|17|10.126|139.864.398,93|
|08/09/2020|R|13.700,00|13.500,00|13.500,00|13.000,00|5|415|5.507.000,00|
|09/09/2020|R|13.500,00|13.500,00|15.000,00|15.000,00|1|13|195.000,00|
|10/09/2020|R|13.500,00|13.500,00|13.500,00|13.500,00|3|1.049|14.161.500,00|
|11/09/2020|R|13.500,00|13.500,00|13.500,00|13.500,00|1|50|675.000,00|
|15/09/2020|R|13.500,00|13.500,00|14.000,00|13.500,00|4|1.435|19.997.500,00|
|16/09/2020|R|13.500,00|13.500,00|13.500,00|13.500,00|10|12.766|172.341.000,00|
|17/09/2020|R|13.500,00|14.200,00|14.200,00|14.200,00|2|384|5.452.800,00|
|18/09/2020|R|14.200,00|14.000,00|14.200,00|14.000,00|8|1.515|21.310.000,00|
|21/09/2020|R|14.000,00|14.000,00|14.500,00|14.000,00|6|1.222|17.162.500,00|
|22/09/2020|R|14.000,00|14.000,00|16.799,99|16.799,99|2|66|960.299,89|
|23/09/2020|R|14.000,00|14.000,00|14.000,00|14.000,00|1|100|1.400.000,00|
|24/09/2020|R|14.000,00|14.000,00|14.000,01|14.000,00|7|13.624|190.736.030,00|
|25/09/2020|R|14.000,00|14.000,00|14.000,00|14.000,00|5|2.889|40.446.000,00|
|28/09/2020|R|14.000,00|14.000,00|14.500,00|14.000,00|2|200|2.805.000,00|
|29/09/2020|R|14.000,00|16.700,00|16.799,99|13.990,00|3|1.097|18.027.419,98|
|30/09/2020|R|16.700,00|15.000,00|16.499,99|15.000,00|5|4.008|60.267.999,76|
|01/10/2020|R|15.000,00|14.600,00|15.000,00|14.600,00|5|2.646|38.890.010,00|
|02/10/2020|R|14.600,00|14.999,00|14.999,00|14.600,00|9|8.070|118.089.350,00|
|05/10/2020|R|14.999,00|15.000,00|15.000,00|14.999,00|4|741|11.114.439,00|
|06/10/2020|R|15.000,00|15.000,00|15.499,99|15.000,00|4|920|14.159.992,80|
|07/10/2020|R|15.000,00|15.000,00|15.000,00|15.000,00|5|286|4.290.000,00|
|08/10/2020|R|15.000,00|14.900,00|16.000,00|14.900,00|5|2.575|38.582.000,00|
|09/10/2020|R|14.900,00|15.000,00|15.499,99|14.900,00|5|882|13.408.493,00|
|13/10/2020|R|15.000,00|15.000,00|16.000,00|16.000,00|1|12|192.000,00|
|14/10/2020|R|15.000,00|15.000,00|15.000,00|14.999,99|5|4.708|70.619.985,00|
|15/10/2020|R|15.000,00|15.000,00|15.199,99|15.000,00|5|330|4.950.399,98|
|16/10/2020|R|15.000,00|15.000,00|15.900,00|15.000,00|2|33|499.500,00|
|19/10/2020|R|15.000,00|16.000,00|16.500,00|16.000,00|4|7.510|123.694.929,43|
|20/10/2020|R|16.000,00|16.000,00|16.000,00|15.999,99|5|2.162|34.591.990,00|
|21/10/2020|R|16.000,00|15.000,00|15.500,00|15.000,00|9|9.244|138.694.960,00|
|22/10/2020|R|15.000,00|15.500,00|15.595,00|15.000,00|10|3.555|55.055.500,00|
|23/10/2020|R|15.500,00|15.500,00|15.595,00|15.499,95|8|676|10.480.070,25|
|26/10/2020|R|15.500,00|15.500,00|15.500,00|15.500,00|1|13|201.500,00|
|27/10/2020|R|15.500,00|15.496,00|15.500,00|15.000,00|4|173|2.669.800,00|
|28/10/2020|R|15.496,00|15.447,99|15.447,99|15.000,00|2|1.590|24.559.616,16|
|29/10/2020|R|15.447,99|14.799,00|15.400,00|14.799,00|6|518|7.816.132,00|
|30/10/2020|R|14.799,00|15.999,99|15.999,99|14.500,00|5|627|9.205.899,21|
|02/11/2020|R|15.999,99|15.299,00|15.299,00|15.299,00|1|24|367.176,00|
|04/11/2020|R|15.299,00|15.225,00|15.229,99|15.225,00|4|1.101|16.765.850,00|
|05/11/2020|R|15.225,00|15.003,00|15.229,00|15.000,00|10|6.191|92.866.770,00|
|06/11/2020|R|15.003,00|15.000,00|15.000,00|15.000,00|9|1.493|22.395.000,00|
|10/11/2020|R|15.000,00|15.000,00|15.000,01|15.000,00|3|1.690|25.350.002,50|
|11/11/2020|R|15.000,00|16.500,00|16.500,00|15.500,00|9|15.556|256.402.970,00|
|12/11/2020|R|16.500,00|16.500,00|17.000,00|16.500,00|7|1.487|25.036.000,00|
|13/11/2020|R|16.500,00|17.000,00|17.000,00|17.000,00|2|17|289.000,00|
|17/11/2020|R|17.000,00|17.000,00|19.000,00|17.000,00|8|1.778|32.534.000,00|
|18/11/2020|R|17.000,00|17.500,00|17.500,00|17.500,00|2|181|3.167.500,00|
|19/11/2020|R|17.500,00|17.500,50|17.500,50|17.500,50|3|305|5.337.652,50|
|20/11/2020|R|17.500,50|21.000,59|21.000,59|17.500,50|5|4.700|96.857.460,00|
|24/11/2020|R|21.000,59|25.200,00|25.200,00|25.000,00|7|842|21.085.399,45|
|25/11/2020|R|25.200,00|30.239,99|30.239,99|30.239,99|1|10|302.399,90|
|26/11/2020|R|30.239,99|36.287,97|36.287,97|33.000,00|2|917|32.618.474,49|
|27/11/2020|R|36.287,97|43.495,00|43.499,99|43.495,00|3|70|3.044.849,60|
|30/11/2020|R|43.495,00|52.193,99|52.193,99|44.000,00|4|69|3.117.939,90|
|01/12/2020|R|52.193,99|52.000,00|52.000,00|52.000,00|5|191|9.932.000,00|
|02/12/2020|R|52.000,00|50.000,00|52.000,00|50.000,00|7|383|19.279.000,00|
|03/12/2020|R|50.000,00|50.000,00|50.000,00|50.000,00|2|34|1.700.000,00|
|04/12/2020|R|50.000,00|59.990,00|59.990,00|59.990,00|2|8|479.920,00|
|07/12/2020|R|59.990,00|59.000,00|60.000,00|59.000,00|7|560|33.315.280,00|
|08/12/2020|R|59.000,00|59.000,00|59.000,00|59.000,00|3|69|4.071.000,00|
|09/12/2020|R|59.000,00|55.000,00|59.000,00|55.000,00|2|512|28.164.000,00|
|10/12/2020|R|55.000,00|56.000,00|56.000,00|50.000,00|3|2.049|103.524.000,00|
|11/12/2020|R|56.000,00|57.000,00|57.000,00|50.000,00|3|67|3.700.000,00|
|15/12/2020|R|57.000,00|57.000,00|57.000,00|57.000,00|4|230|13.110.000,00|
|16/12/2020|R|57.000,00|57.000,00|57.000,00|57.000,00|4|1.942|110.694.000,00|
|17/12/2020|R|57.000,00|56.990,00|56.990,00|56.900,00|4|289|16.453.280,00|
|18/12/2020|R|56.990,00|50.000,00|50.000,00|50.000,00|3|379|18.950.000,00|
|21/12/2020|R|50.000,00|50.000,00|54.990,00|50.000,00|4|488|25.537.720,00|
|22/12/2020|R|49.960,00|50.000,00|50.000,00|50.000,00|4|1.000|50.000.000,00|
|23/12/2020|R|50.000,00|49.990,00|53.000,00|49.990,00|6|218|10.944.000,00|
|28/12/2020|R|49.990,00|59.000,00|59.000,00|53.000,00|4|83|4.459.000,00|
|29/12/2020|R|59.000,00|59.500,00|59.500,00|59.500,00|2|700|41.650.000,00|
|30/12/2020|R|59.500,00|55.000,00|58.000,00|55.000,00|2|3.002|165.116.000,00|
|04/01/2021|R|55.000,00|65.970,00|65.970,00|58.000,00|8|16.014|926.729.550,00|
|05/01/2021|R|65.970,00|59.990,00|65.970,00|59.990,00|3|20|1.271.760,00|
|06/01/2021|R|59.990,00|59.970,00|59.990,00|59.970,00|8|181|10.854.710,00|
|07/01/2021|R|59.970,00|60.000,00|60.000,00|59.000,00|9|2.268|134.970.020,00|
|08/01/2021|R|60.000,00|71.990,00|71.990,00|60.000,00|5|481|34.507.290,00|
|12/01/2021|R|71.990,00|70.000,00|70.000,00|70.000,00|3|2.654|197.685.000,00|
|13/01/2021|R|70.000,00|68.010,00|68.010,00|68.000,00|3|67|4.556.450,00|
|14/01/2021|R|68.010,00|68.000,00|68.000,00|68.000,00|2|370|25.160.000,00|
|15/01/2021|R|68.000,00|67.000,00|68.000,00|67.000,00|8|2.144|145.021.110,00|
|19/01/2021|R|67.000,00|68.000,00|79.000,00|68.000,00|2|40|2.808.000,00|
|20/01/2021|R|68.000,00|74.900,00|74.900,00|69.000,00|2|13|956.000,00|
|21/01/2021|R|74.900,00|78.000,00|85.000,00|78.000,00|5|185|14.606.000,00|
|22/01/2021|R|78.000,00|84.950,00|85.000,00|78.000,00|5|59|4.817.600,00|
|25/01/2021|R|84.950,00|80.000,00|84.000,00|80.000,00|4|333|27.440.000,00|
|26/01/2021|R|80.000,00|74.000,00|82.500,00|74.000,00|9|5.442|419.196.500,00|
|27/01/2021|R|74.000,00|74.000,00|74.000,00|73.000,00|4|7.336|537.024.000,00|
|29/01/2021|R|74.000,00|74.000,00|74.000,00|74.000,00|2|1.053|77.922.000,00|
|01/02/2021|R|74.000,00|74.000,00|74.000,00|74.000,00|8|2.197|162.578.000,00|
|03/02/2021|R|74.000,00|75.000,00|75.000,00|75.000,00|2|17|1.275.000,00|
|05/02/2021|R|75.000,00|75.000,00|75.000,00|75.000,00|4|3.938|295.350.000,00|
|08/02/2021|R|75.000,00|72.990,00|73.000,00|72.990,00|2|562|41.025.000,00|
|09/02/2021|R|72.990,00|75.000,00|75.000,00|75.000,00|2|38|2.850.000,00|
|10/02/2021|R|75.000,00|82.000,00|82.000,00|77.500,00|8|11.025|861.229.630,00|
|11/02/2021|R|82.000,00|82.000,00|82.000,00|82.000,00|2|1.412|115.784.000,00|
|12/02/2021|R|82.000,00|90.000,00|90.000,00|82.000,00|8|2.911|259.711.330,00|
|17/02/2021|R|90.000,00|107.000,00|107.000,00|107.000,00|1|119|12.733.000,00|
|18/02/2021|R|107.000,00|90.010,00|104.990,00|90.010,00|2|302|27.212.980,00|
|19/02/2021|R|90.010,00|91.000,00|91.000,00|90.000,00|13|2.507|225.810.250,00|
|22/02/2021|R|91.000,00|91.000,00|107.490,00|107.490,00|1|2|214.980,00|
|23/02/2021|R|91.000,00|100.000,00|107.970,00|100.000,00|3|251|25.267.370,00|
|24/02/2021|R|100.000,00|119.990,00|119.990,00|119.990,00|2|1.466|175.905.340,00|
|25/02/2021|R|119.990,00|100.000,00|120.000,00|100.000,00|4|1.150|118.000.000,00|
|01/03/2021|R|100.000,00|107.990,00|110.000,00|107.990,00|5|64|6.921.410,00|
|02/03/2021|R|107.990,00|109.990,00|109.990,00|109.990,00|2|1.639|180.273.610,00|
|04/03/2021|R|109.990,00|105.000,00|105.000,00|105.000,00|6|2.421|254.205.000,00|
|05/03/2021|R|105.000,00|105.000,00|105.000,00|105.000,00|3|1.600|168.000.000,00|
|08/03/2021|R|105.000,00|109.990,00|109.990,00|105.000,00|3|664|69.754.930,00|
|09/03/2021|R|109.990,00|125.990,00|125.990,00|125.990,00|1|50|6.299.500,00|
|10/03/2021|R|125.990,00|119.000,00|119.000,00|115.000,00|5|592|68.260.000,00|
|11/03/2021|R|119.000,00|120.000,00|120.000,00|119.000,00|3|220|26.200.000,00|
|12/03/2021|R|120.000,00|114.990,00|114.990,00|114.990,00|4|5.455|646.919.450,00|
|15/03/2021|R|114.990,00|116.990,00|116.990,00|116.990,00|1|9|1.052.910,00|
|16/03/2021|R|116.990,00|116.900,00|116.990,00|116.900,00|3|1.113|130.208.700,00|
|17/03/2021|R|116.900,00|116.850,00|116.850,00|116.850,00|4|604|70.577.400,00|
|18/03/2021|R|116.850,00|116.000,00|116.000,00|115.000,00|2|200|23.191.000,00|
|22/03/2021|R|116.000,00|115.000,00|115.000,00|115.000,00|3|211|24.265.000,00|
|23/03/2021|R|115.000,00|120.000,00|120.000,00|115.000,00|5|2.693|310.720.000,00|
|24/03/2021|R|120.000,00|120.000,00|120.000,00|115.000,00|6|6.256|737.940.000,00|
|26/03/2021|R|120.000,00|120.000,00|130.000,00|130.000,00|1|7|910.000,00|
|29/03/2021|R|120.000,00|120.000,00|125.000,00|125.000,00|1|1|125.000,00|
|30/03/2021|R|120.000,00|120.000,00|120.000,00|120.000,00|1|6|720.000,00|
|31/03/2021|R|120.000,00|125.000,00|125.000,00|125.000,00|3|32|4.000.000,00|
|05/04/2021|R|125.000,00|130.000,00|130.000,00|130.000,00|4|255|33.135.000,00|
|06/04/2021|R|130.000,00|125.000,00|125.000,00|125.000,00|5|1.248|156.000.000,00|
|07/04/2021|R|125.000,00|125.000,00|139.990,00|139.990,00|2|8|1.074.950,00|
|09/04/2021|R|125.000,00|126.050,00|126.050,00|126.050,00|2|936|117.982.800,00|
|12/04/2021|R|126.050,00|149.990,00|149.990,00|149.990,00|2|620|92.993.800,00|
|13/04/2021|R|149.990,00|149.990,00|149.990,00|149.990,00|4|93|13.949.070,00|
|14/04/2021|R|149.990,00|150.000,00|150.000,00|150.000,00|3|450|67.500.000,00|
|15/04/2021|R|150.000,00|150.010,00|160.000,00|150.010,00|2|500|75.134.870,00|
|16/04/2021|R|150.010,00|156.000,00|156.000,00|156.000,00|1|565|88.140.000,00|
|20/04/2021|R|155.717,25|165.000,00|165.000,00|165.000,00|1|100|16.500.000,00|
|21/04/2021|R|165.000,00|180.000,00|185.000,00|165.000,00|5|281|49.330.000,00|
|22/04/2021|R|180.000,00|190.000,00|190.000,00|181.000,00|3|257|47.651.000,00|
|23/04/2021|R|190.000,00|227.000,00|227.000,00|215.000,00|3|181|40.775.000,00|
|26/04/2021|R|227.000,00|227.000,00|227.000,00|226.000,00|7|661|150.008.970,00|
|27/04/2021|R|227.000,00|245.000,00|245.000,00|230.000,00|4|207|47.955.000,00|
|28/04/2021|R|245.000,00|250.000,00|250.000,00|250.000,00|5|367|91.750.000,00|
|29/04/2021|R|250.000,00|249.990,00|249.990,00|249.990,00|4|312|77.999.600,00|
|30/04/2021|R|249.990,00|249.000,00|249.000,00|249.000,00|2|58|14.442.000,00|
|03/05/2021|R|249.000,00|255.000,00|255.000,00|250.000,00|6|500|127.009.160,00|
|04/05/2021|R|255.000,00|246.000,00|246.000,00|235.000,00|5|3.378|796.280.000,00|
|05/05/2021|R|246.000,00|265.000,00|265.000,00|255.000,00|6|2.340|608.613.150,00|
|06/05/2021|R|265.000,00|299.000,00|299.000,00|271.000,00|8|727|208.269.000,00|
|07/05/2021|R|299.000,00|317.000,00|317.000,00|285.000,00|3|1.913|606.050.000,00|
|10/05/2021|R|317.000,00|380.000,00|380.000,00|321.000,00|10|249|92.885.000,00|
|11/05/2021|R|380.000,00|321.010,00|455.000,00|321.010,00|11|490|167.263.300,00|
|12/05/2021|R|321.010,00|320.000,00|325.000,00|320.000,00|6|174|55.897.300,00|
|13/05/2021|R|320.000,00|379.000,00|379.000,00|330.000,00|7|649|225.762.000,00|
|14/05/2021|R|379.000,00|438.000,00|439.000,00|379.000,00|8|158|63.543.000,00|
|17/05/2021|R|438.000,00|500.000,00|500.000,00|438.000,00|2|501|250.438.000,00|
|18/05/2021|R|500.000,00|500.000,00|500.000,00|500.000,00|4|62|31.000.000,00|
|19/05/2021|R|500.000,00|500.000,00|500.000,00|500.000,00|2|1.367|683.500.000,00|
|20/05/2021|R|500.000,00|489.000,00|499.990,00|489.000,00|4|43|21.268.780,00|
|21/05/2021|R|489.000,00|489.000,00|489.000,00|480.000,00|4|18|8.756.900,00|
|25/05/2021|R|489.000,00|480.000,00|480.000,00|480.000,00|5|904|433.920.000,00|
|26/05/2021|R|480.000,00|480.000,00|480.000,00|480.000,00|7|435|208.800.000,00|
|27/05/2021|R|480.000,00|450.000,00|450.000,00|450.000,00|3|50|22.500.000,00|
|28/05/2021|R|450.000,00|439.000,00|449.000,00|400.000,00|9|126|55.329.000,00|
|31/05/2021|R|439.000,00|400.000,00|435.000,00|386.000,00|5|981|407.338.000,00|
|01/06/2021|R|400.000,00|380.000,00|380.000,00|380.000,00|2|38|14.440.000,00|
|02/06/2021|R|380.000,00|355.000,00|380.000,00|355.000,00|5|495|178.593.000,00|
|03/06/2021|R|355.000,00|400.000,00|400.000,00|315.000,00|12|2.222|849.815.000,00|
|04/06/2021|R|400.000,00|475.000,00|475.000,00|400.000,00|2|98|39.950.000,00|
|07/06/2021|R|475.000,00|473.000,00|475.000,00|440.000,00|3|138|64.844.000,00|
|08/06/2021|R|473.000,00|438.000,00|450.000,00|438.000,00|5|6.464|2.880.532.000,00|
|09/06/2021|R|438.000,00|435.000,00|438.000,00|426.000,00|9|3.625|1.570.325.000,00|
|10/06/2021|R|435.000,00|425.000,00|435.000,00|425.000,00|10|1.286|554.240.000,00|
|11/06/2021|R|425.000,00|415.000,00|425.000,00|415.000,00|6|379|160.998.000,00|
|15/06/2021|R|415.000,00|415.000,00|415.000,00|385.000,00|4|15|6.075.000,00|
|17/06/2021|R|415.000,00|414.990,00|414.990,00|414.990,00|1|15|6.224.850,00|
|18/06/2021|R|414.990,00|414.990,00|414.980,00|414.980,00|1|3|1.244.940,00|
|21/06/2021|R|414.990,00|414.990,00|414.990,00|414.990,00|1|10|4.149.900,00|
|23/06/2021|R|414.990,00|414.990,00|433.000,00|433.000,00|1|4|1.732.000,00|
|25/06/2021|R|414.990,00|420.050,00|420.050,00|414.990,00|3|50|20.784.920,00|
|30/06/2021|R|420.050,00|410.000,00|410.000,00|410.000,00|1|111|45.510.000,00|
|01/07/2021|R|410.000,00|400.000,00|410.000,00|400.000,00|3|22|8.970.000,00|
|02/07/2021|R|400.000,00|400.000,00|400.000,00|400.000,00|1|4|1.600.000,00|
|06/07/2021|R|400.000,00|400.000,00|400.000,00|400.000,00|1|8|3.200.000,00|
|08/07/2021|R|400.000,00|375.000,00|375.000,00|375.000,00|2|10|3.750.000,00|
|09/07/2021|R|375.000,00|375.000,00|375.000,00|375.000,00|4|62|23.250.000,00|
|12/07/2021|R|375.000,00|375.000,00|375.000,00|375.000,00|1|5|1.875.000,00|
|14/07/2021|R|375.000,00|375.000,00|375.000,00|375.000,00|2|23|8.625.000,00|
|15/07/2021|R|375.000,00|445.000,00|445.000,00|445.000,00|1|650|289.250.000,00|
|16/07/2021|R|445.000,00|445.000,00|445.000,00|445.000,00|1|33|14.685.000,00|
|19/07/2021|R|445.000,00|455.000,00|455.000,00|455.000,00|4|402|182.910.000,00|
|20/07/2021|R|455.000,00|455.000,00|455.000,00|455.000,00|2|30|13.650.000,00|
|21/07/2021|R|455.000,00|455.000,00|455.000,00|455.000,00|1|46|20.930.000,00|
|22/07/2021|R|455.000,00|454.990,00|454.990,00|454.990,00|1|21|9.554.790,00|
|23/07/2021|R|454.990,00|455.000,00|455.000,00|400.000,00|3|314|126.370.000,00|
|26/07/2021|R|455.000,00|430.000,00|455.000,00|430.000,00|3|40|18.074.950,00|
|27/07/2021|R|430.000,00|430.000,00|455.000,00|430.000,00|5|265|114.906.000,00|
|28/07/2021|R|430.000,00|430.000,00|430.000,00|430.000,00|1|2|860.000,00|
|29/07/2021|R|430.000,00|435.000,00|435.000,00|435.000,00|2|100|43.500.000,00|
|30/07/2021|R|435.000,00|435.000,00|435.000,00|435.000,00|1|2|870.000,00|
|03/08/2021|R|435.000,00|456.000,00|456.000,00|435.000,00|6|799|348.222.000,00|
|04/08/2021|R|456.000,00|465.000,00|465.000,00|456.000,00|4|171|78.039.000,00|
|05/08/2021|R|465.000,00|465.000,00|465.000,00|465.000,00|2|173|80.445.000,00|
|06/08/2021|R|465.000,00|500.000,00|500.000,00|471.000,00|2|12|5.797.000,00|























  





















 













