 


|07/01/2013|R|0,32|0,32|0,35|0,35|1|500|175,00|
|08/01/2013|R|0,32|0,35|0,35|0,34|3|251.770|87.519,50|
|16/01/2013|R|0,35|0,35|0,35|0,35|1|50.000|17.500,00|
|17/01/2013|R|0,35|0,37|0,37|0,35|4|141.740|51.199,00|
|23/01/2013|R|0,37|0,39|0,39|0,39|1|200.000|78.000,00|
|25/01/2013|R|0,39|0,39|0,39|0,39|1|100.000|39.000,00|
|28/01/2013|R|0,39|0,40|0,40|0,40|4|300.000|120.000,00|
|01/02/2013|R|0,40|0,42|0,42|0,42|2|51.000|21.420,00|
|08/02/2013|R|0,42|0,42|0,40|0,40|1|400|160,00|
|13/02/2013|R|0,42|0,42|0,40|0,40|1|2.000|800,00|
|14/02/2013|R|0,42|0,42|0,42|0,42|2|161.016|67.626,72|
|19/02/2013|R|0,42|0,44|0,44|0,44|1|43.000|18.920,00|
|27/02/2013|R|0,44|0,44|0,44|0,44|2|4.000|1.760,00|
|04/03/2013|R|0,44|0,44|0,44|0,44|3|19.000|8.360,00|
|05/03/2013|R|0,44|0,44|0,44|0,44|1|15.000|6.600,00|
|25/03/2013|R|0,44|0,44|0,44|0,44|2|16.000|7.040,00|
|01/04/2013|R|0,44|0,44|0,44|0,44|1|500|220,00|
|05/04/2013|R|0,44|0,44|0,44|0,44|1|7.000|3.080,00|
|08/04/2013|R|0,44|0,44|0,44|0,44|1|20|8,80|
|10/04/2013|R|0,44|0,40|0,40|0,40|1|102.480|40.992,00|
|12/04/2013|R|0,40|0,40|0,44|0,44|1|3.600|1.584,00|
|24/04/2013|R|0,40|0,40|0,00|0,00|1|1.355.658|542.263,20|
|30/04/2013|R|0,40|0,40|0,44|0,44|1|500|220,00|
|06/05/2013|R|0,40|0,44|0,44|0,44|1|7.000|3.080,00|
|14/05/2013|R|0,44|0,44|0,44|0,44|1|500|220,00|
|17/05/2013|R|0,44|0,44|0,44|0,44|1|3.000|1.320,00|
|21/05/2013|R|0,44|0,44|0,44|0,44|1|500|220,00|
|22/05/2013|R|0,44|0,44|0,44|0,44|1|80.400|35.376,00|
|05/06/2013|R|0,44|0,46|0,46|0,46|1|79.500|36.570,00|
|07/06/2013|R|0,46|0,50|0,50|0,50|1|15.000|7.500,00|
|10/06/2013|R|0,50|0,48|0,48|0,48|1|39.000|18.720,00|
|11/06/2013|R|0,48|0,50|0,50|0,50|1|185.000|92.500,00|
|28/06/2013|R|0,50|0,55|0,55|0,55|1|200.000|110.000,00|
|01/08/2013|R|0,55|0,55|0,55|0,55|2|3.350|1.842,50|
|20/08/2013|R|0,55|0,55|0,55|0,55|2|5.500|3.025,00|
|22/08/2013|R|0,55|0,55|0,55|0,55|2|111.150|61.132,50|
|16/09/2013|R|0,55|0,60|0,60|0,60|1|50.000|30.000,00|
|17/09/2013|R|0,60|0,60|0,70|0,70|1|1.700|1.190,00|
|19/09/2013|R|0,60|0,70|0,70|0,70|2|50.000|35.000,00|
|23/09/2013|R|0,70|0,70|0,70|0,70|1|2.000|1.400,00|
|25/09/2013|R|0,70|0,80|0,82|0,80|3|69.264|56.411,20|
|26/09/2013|R|0,80|0,90|0,90|0,90|1|50.000|45.000,00|
|01/10/2013|R|0,90|0,93|0,93|0,93|1|3.500|3.255,00|
|02/10/2013|R|0,93|0,97|0,97|0,97|2|17.700|17.169,00|
|03/10/2013|R|0,97|0,97|0,97|0,97|1|1.000|970,00|
|14/10/2013|R|0,97|0,96|0,96|0,96|1|6.000|5.760,00|
|15/10/2013|R|0,96|0,96|0,90|0,90|1|1.000|900,00|
|05/11/2013|R|0,96|0,97|0,97|0,97|2|50.000|48.500,00|
|08/11/2013|R|0,97|0,98|0,98|0,98|1|22.000|21.560,00|
|11/11/2013|R|0,98|1,00|1,00|1,00|3|17.000|17.000,00|
|12/11/2013|R|1,00|1,00|1,00|1,00|1|2.000|2.000,00|
|13/11/2013|R|1,00|1,00|1,00|1,00|1|2.000|2.000,00|
|15/11/2013|R|1,00|1,00|1,00|1,00|1|1.000|1.000,00|
|18/11/2013|R|1,00|1,00|1,00|1,00|2|2.500|2.500,00|
|21/11/2013|R|1,00|1,00|1,00|1,00|1|712|712,00|
|22/11/2013|R|1,00|1,00|1,00|1,00|2|2.500|2.500,00|
|25/11/2013|R|0,96|0,96|1,00|1,00|2|2.400|2.400,00|
|10/12/2013|R|0,96|0,96|1,00|1,00|2|2.200|2.200,00|
|12/12/2013|R|0,96|1,00|1,00|1,00|1|6.000|6.000,00|
|13/12/2013|R|1,00|1,00|1,00|1,00|1|1.000|1.000,00|
|16/12/2013|R|1,00|1,00|1,00|1,00|1|4.000|4.000,00|
|18/12/2013|R|1,00|1,00|1,00|1,00|1|2.000|2.000,00|
|26/12/2013|R|1,00|1,00|1,00|1,00|3|1.201.000|1.081.000,00|
|13/01/2014|R|1,00|1,00|1,00|1,00|1|1.000|1.000,00|
|17/01/2014|R|1,00|1,00|1,00|1,00|1|900|900,00|
|23/01/2014|R|1,00|1,00|1,00|1,00|2|2.500|2.500,00|
|27/01/2014|R|1,00|0,95|0,95|0,95|2|31.000|29.550,00|
|28/01/2014|R|0,95|0,95|0,95|0,95|3|40.999|38.949,05|
|31/01/2014|R|0,95|0,95|1,00|1,00|1|1.000|1.000,00|
|04/02/2014|R|0,95|1,00|1,00|1,00|1|4.500|4.500,00|
|07/02/2014|R|1,00|1,00|1,00|1,00|1|2.000|2.000,00|
|14/02/2014|R|1,00|1,00|0,95|0,95|1|1.000|950,00|
|17/02/2014|R|1,00|1,00|0,00|0,00|1|5.000|5.000,00|
|05/03/2014|R|1,00|0,81|0,85|0,81|3|21.510|17.483,50|
|24/03/2014|R|0,81|0,81|0,96|0,96|1|1.000|960,00|
|09/04/2014|R|0,81|0,81|0,96|0,96|1|490|470,40|
|11/04/2014|R|0,81|0,81|0,96|0,96|1|1.300|1.248,00|
|14/04/2014|R|0,81|0,81|0,96|0,96|1|1.000|960,00|
|22/04/2014|R|0,81|0,81|0,96|0,96|2|3.000|2.880,00|
|28/04/2014|R|0,81|0,96|0,96|0,96|1|4.000|3.840,00|
|09/05/2014|R|0,96|0,94|0,94|0,94|2|50.000|47.000,00|
|16/05/2014|R|0,94|0,94|0,94|0,94|1|1.500|1.410,00|
|19/05/2014|R|0,94|0,93|0,93|0,93|1|70.000|65.100,00|
|20/05/2014|R|0,93|0,94|0,94|0,94|2|8.000|7.520,00|
|22/05/2014|R|0,94|0,90|0,90|0,90|1|19.900|17.910,00|
|23/05/2014|R|0,90|0,90|0,90|0,90|2|597.000|537.300,00|
|27/05/2014|R|0,90|0,94|0,94|0,94|2|5.000|4.700,00|
|28/05/2014|R|0,94|0,94|0,94|0,94|1|6.500|6.110,00|
|03/06/2014|R|0,94|0,94|0,00|0,00|3|27.000|24.500,00|
|10/06/2014|R|0,94|0,94|0,94|0,94|4|20.000|18.800,00|
|18/06/2014|R|0,94|0,94|0,94|0,94|1|2.500|2.350,00|
|30/06/2014|R|0,94|0,94|0,94|0,94|1|1.200|1.128,00|
|15/07/2014|R|0,94|0,96|0,96|0,96|1|4.000|3.840,00|
|21/07/2014|R|0,96|0,96|0,96|0,96|1|3.000|2.880,00|
|25/07/2014|R|0,96|0,77|0,77|0,77|1|10.000|7.700,00|
|30/07/2014|R|0,77|0,77|0,91|0,91|1|2.000|1.820,00|
|07/08/2014|R|0,77|0,62|0,62|0,62|2|29.791|18.470,42|
|19/08/2014|R|0,62|0,73|0,73|0,73|1|5.000|3.650,00|
|25/08/2014|R|0,73|0,73|0,87|0,87|1|500|435,00|
|26/08/2014|R|0,73|0,73|0,87|0,87|1|500|435,00|
|27/08/2014|R|0,73|0,73|0,90|0,87|2|2.500|2.235,00|
|15/09/2014|R|0,73|0,91|0,91|0,87|4|8.281|7.426,09|
|23/09/2014|R|0,91|0,91|0,89|0,89|1|219|194,91|
|26/09/2014|R|0,91|0,91|0,83|0,83|1|3.000|2.490,00|
|22/10/2014|R|0,91|0,83|0,83|0,83|1|77.400|64.242,00|
|20/11/2014|R|0,83|0,89|0,89|0,89|1|150.000|133.500,00|
|23/01/2015|R|0,89|0,89|0,92|0,92|2|3.000|2.760,00|
|26/01/2015|R|0,89|0,90|0,90|0,90|2|150.000|135.000,00|
|27/01/2015|R|0,90|0,90|0,92|0,92|1|2.000|1.840,00|
|30/01/2015|R|0,90|0,90|0,90|0,90|1|1.000|900,00|
|04/03/2015|R|0,90|0,90|0,79|0,79|1|3.000|2.370,00|
|06/03/2015|R|0,90|0,89|0,89|0,89|1|9.581|8.527,09|
|09/03/2015|R|0,89|0,90|0,90|0,90|1|150.000|135.000,00|
|12/03/2015|R|0,90|0,90|0,90|0,90|1|8.800|7.920,00|
|16/03/2015|R|0,90|0,90|0,90|0,90|2|6.519|5.867,10|
|20/03/2015|R|0,90|0,90|0,90|0,90|2|223.481|201.132,90|
|23/03/2015|R|0,90|0,90|0,90|0,90|1|14.220|12.798,00|
|25/03/2015|R|0,90|0,90|0,90|0,90|1|350|315,00|
|01/04/2015|R|0,90|0,90|0,90|0,90|1|170.000|153.000,00|
|06/04/2015|R|0,90|0,90|0,90|0,90|2|205.108|184.597,20|
|13/04/2015|R|0,90|0,90|0,90|0,90|1|200.000|180.000,00|
|14/04/2015|R|0,90|0,95|0,95|0,95|1|6.700|6.365,00|
|20/04/2015|R|0,95|0,95|0,79|0,79|1|300|237,00|
|27/04/2015|R|0,95|0,95|0,95|0,95|1|133.300|126.635,00|
|29/04/2015|R|0,95|0,95|0,95|0,95|1|10.230|9.718,50|
|30/04/2015|R|0,95|0,95|0,95|0,95|1|39.770|37.781,50|
|06/05/2015|R|0,95|0,95|0,95|0,95|1|1.100|1.045,00|
|08/05/2015|R|0,95|0,95|0,95|0,95|1|98.900|93.955,00|
|12/05/2015|R|0,95|0,90|0,90|0,90|1|7.000|6.300,00|
|22/05/2015|R|0,90|1,00|1,00|1,00|1|87.388|87.388,00|
|01/06/2015|R|1,00|1,44|1,44|1,20|2|100.000|132.000,00|
|17/06/2015|R|1,44|1,32|1,32|1,32|1|50.000|66.000,00|
|19/06/2015|R|1,32|1,32|1,32|1,32|1|1.516|2.001,12|
|23/06/2015|R|1,32|1,32|1,32|1,32|1|48.484|63.998,88|
|03/07/2015|R|1,32|1,50|1,50|1,50|5|500.000|750.000,00|
|13/07/2015|R|1,50|1,50|1,80|1,80|1|1.000|1.800,00|
|14/07/2015|R|1,50|3,00|3,00|2,16|8|216.000|600.010,00|
|16/07/2015|R|3,00|3,60|3,60|3,60|1|10.000|36.000,00|
|20/07/2015|R|3,60|3,60|3,60|3,60|2|11.000|39.600,00|
|21/07/2015|R|3,60|3,60|3,60|3,10|5|189.000|675.400,00|
|27/07/2015|R|3,60|3,60|4,00|4,00|1|500|2.000,00|
|29/07/2015|R|3,60|3,60|3,60|3,60|1|3.000|10.800,00|
|20/08/2015|R|3,60|3,70|3,70|3,70|2|102.000|357.400,00|
|01/09/2015|R|3,70|3,70|3,99|3,99|1|502|2.002,98|
|09/09/2015|R|3,70|3,60|3,60|3,60|1|1.500|5.400,00|
|09/10/2015|R|3,60|2,88|2,88|2,88|1|10.000|28.800,00|
|06/11/2015|R|2,88|2,30|2,30|2,30|1|1.496|3.440,80|
|19/11/2015|R|2,30|2,50|2,50|2,50|1|40.000|100.000,00|
|20/11/2015|R|2,50|2,50|2,50|2,50|4|192.000|480.000,00|
|23/11/2015|R|2,50|2,50|2,50|2,50|1|268.000|670.000,00|
|10/12/2015|R|2,50|3,55|3,55|3,55|2|102.000|337.100,00|
|11/12/2015|R|3,55|5,00|5,00|3,99|6|44.490|192.362,72|
|17/12/2015|R|5,00|5,00|6,00|6,00|1|233|1.398,00|
|21/12/2015|R|5,00|5,00|6,00|6,00|1|300|1.800,00|
|22/12/2015|R|5,00|5,00|5,00|5,00|1|5.000|25.000,00|
|14/01/2016|R|5,00|5,00|5,00|5,00|1|1.500|7.500,00|
|15/01/2016|R|5,00|5,00|5,00|5,00|1|5.000|25.000,00|
|18/01/2016|R|5,00|5,20|5,20|5,20|1|1.000|5.200,00|
|19/01/2016|R|5,20|5,20|5,20|5,20|1|950|4.940,00|
|20/01/2016|R|5,20|5,00|5,00|5,00|2|101.000|505.000,00|
|22/01/2016|R|5,00|5,00|5,50|5,50|1|500|2.750,00|
|25/01/2016|R|5,00|5,00|5,00|5,00|1|10.000|50.000,00|
|10/02/2016|R|5,00|5,00|5,00|5,00|3|25.000|125.000,00|
|15/02/2016|R|5,00|5,00|5,25|5,25|1|100|525,00|
|16/02/2016|R|5,00|5,00|5,00|5,00|2|1.988|9.940,00|
|17/02/2016|R|5,00|5,00|5,00|5,00|1|49.900|249.500,00|
|18/02/2016|R|5,00|5,00|5,00|5,00|4|57.643|288.215,00|
|19/02/2016|R|5,00|5,00|5,00|5,00|1|18.555|92.775,00|
|22/02/2016|R|5,00|5,00|5,00|5,00|1|250|1.250,00|
|24/02/2016|R|5,00|5,00|5,00|5,00|3|100.300|501.500,00|
|25/02/2016|R|5,00|5,00|5,00|5,00|1|100.000|500.000,00|
|01/03/2016|R|5,00|5,45|5,45|5,10|4|73.400|388.340,00|
|02/03/2016|R|5,45|5,45|5,45|5,45|2|60.100|327.545,00|
|03/03/2016|R|5,45|5,45|5,45|5,45|1|16.600|90.470,00|
|07/03/2016|R|5,45|5,45|5,45|5,45|1|3.000|16.350,00|
|11/03/2016|R|5,45|5,20|5,20|5,20|1|10.000|52.000,00|
|14/03/2016|R|5,20|5,45|5,45|5,45|2|3.000|16.350,00|
|18/03/2016|R|5,45|5,45|5,44|5,44|1|1.000|5.440,00|
|04/04/2016|R|5,45|5,40|5,40|5,40|1|15.000|81.000,00|
|13/04/2016|R|5,40|5,40|5,40|5,40|1|1.000|5.400,00|
|14/04/2016|R|5,40|5,40|5,40|5,40|1|40.000|216.000,00|
|25/04/2016|R|5,40|5,40|4,32|4,32|1|1.284|5.546,88|
|02/05/2016|R|5,40|5,40|5,50|5,50|1|1.000|5.500,00|
|16/05/2016|R|5,40|5,40|4,99|4,99|1|500|2.495,00|
|20/05/2016|R|5,40|4,50|4,99|4,50|2|281.500|1.269.298,00|
|24/05/2016|R|4,50|4,35|4,35|4,35|1|5.000|21.750,00|
|25/05/2016|R|4,35|4,35|4,99|4,99|1|700|3.493,00|
|02/06/2016|R|4,35|4,50|4,99|4,50|2|100.566|453.037,00|
|09/08/2016|R|4,50|4,49|4,49|4,49|1|2.502|11.233,98|
|21/09/2016|R|4,49|4,49|5,38|5,38|1|1.800|9.684,00|
|28/09/2016|R|4,49|4,49|5,38|5,38|1|400|2.152,00|
|03/10/2016|R|4,49|4,84|4,84|4,84|1|30.000|145.200,00|
|11/10/2016|R|4,84|5,00|5,00|5,00|1|30.000|150.000,00|
|25/10/2016|R|5,00|5,50|5,50|5,50|2|44.000|242.000,00|
|27/10/2016|R|5,50|5,50|0,00|0,00|1|16.850|101.100,00|
|01/11/2016|R|5,50|5,80|5,80|5,80|1|2.000|11.600,00|
|02/11/2016|R|5,80|6,45|6,45|6,45|1|3.200|20.640,00|
|03/11/2016|R|6,45|6,45|6,45|6,45|1|1.000|6.450,00|
|04/11/2016|R|6,45|6,45|6,45|6,45|1|790|5.095,50|
|08/11/2016|R|6,45|6,30|6,30|6,30|1|30.000|189.000,00|
|16/11/2016|R|6,30|9,36|9,36|7,80|4|2.000|17.160,00|
|17/11/2016|R|9,36|11,23|13,46|11,23|2|1.500|17.960,00|
|18/11/2016|R|11,23|8,99|8,99|8,99|1|10.000|89.900,00|
|22/11/2016|R|8,99|8,99|9,50|9,50|1|120|1.140,00|
|23/11/2016|R|8,99|9,50|9,50|9,50|1|5.000|47.500,00|
|24/11/2016|R|9,50|11,00|11,00|9,50|2|44.880|456.360,00|
|28/11/2016|R|11,00|13,20|13,20|13,20|1|5.000|66.000,00|
|29/11/2016|R|13,20|13,20|0,00|0,00|2|6.000|78.000,00|
|01/12/2016|R|13,20|15,84|15,84|13,00|3|24.000|340.400,00|
|02/12/2016|R|15,84|15,00|15,00|14,99|4|110.000|1.649.950,00|
|08/12/2016|R|15,00|15,00|15,00|15,00|1|10.000|150.000,00|
|09/12/2016|R|15,00|15,00|15,00|15,00|5|140.000|2.100.000,00|
|14/12/2016|R|15,00|13,00|13,00|13,00|1|10.000|130.000,00|
|15/12/2016|R|13,00|10,00|10,00|10,00|1|100.000|1.000.000,00|
|16/12/2016|R|10,00|10,00|0,00|0,00|1|100.000|1.000.000,00|
|28/12/2016|R|10,00|9,75|9,75|9,75|2|35.000|341.250,00|
|05/01/2017|R|9,75|10,00|10,00|10,00|1|10.000|100.000,00|
|10/01/2017|R|10,00|12,00|12,00|12,00|2|5.000|60.000,00|
|16/01/2017|R|12,00|11,90|12,00|11,90|3|95.000|1.139.000,00|
|27/01/2017|R|11,90|11,90|0,00|0,00|1|50.000|550.000,00|
|30/01/2017|R|11,90|11,90|11,90|11,89|4|85.650|1.019.190,00|
|31/01/2017|R|11,90|12,00|12,00|12,00|1|115.000|1.380.000,00|
|20/02/2017|R|12,00|9,70|9,70|9,70|1|10.000|97.000,00|
|22/02/2017|R|9,70|13,00|13,00|10,50|3|44.460|560.480,00|
|24/02/2017|R|13,00|13,00|13,00|13,00|1|2.500|32.500,00|
|16/03/2017|R|13,00|10,50|10,50|10,50|1|10.000|105.000,00|
|27/03/2017|R|10,50|10,50|10,50|10,50|1|15.000|157.500,00|
|12/04/2017|R|10,50|10,50|10,50|10,50|1|533|5.596,50|
|17/04/2017|R|10,50|10,50|10,50|10,50|1|10.000|105.000,00|
|18/04/2017|R|10,50|10,50|10,50|10,50|1|10.000|105.000,00|
|03/05/2017|R|10,50|11,00|11,00|11,00|1|30.000|330.000,00|
|04/05/2017|R|11,00|11,00|0,00|0,00|1|20.000|264.000,00|
|18/05/2017|R|11,00|14,00|14,00|13,20|2|30.000|419.200,00|
|19/05/2017|R|14,00|16,80|16,80|16,80|2|10.000|168.000,00|
|22/05/2017|R|16,80|18,00|18,00|18,00|1|5.000|90.000,00|
|23/05/2017|R|18,00|21,00|21,50|18,00|4|216.878|3.951.938,00|
|25/05/2017|R|21,00|25,00|25,00|21,00|2|104.000|2.200.000,00|
|26/05/2017|R|25,00|30,00|30,00|30,00|2|9.050|271.500,00|
|30/05/2017|R|30,00|29,90|35,00|29,90|6|600.220|18.046.600,00|
|31/05/2017|R|29,90|31,00|31,00|31,00|1|9.459|293.229,00|
|01/06/2017|R|31,00|33,00|33,00|33,00|1|200.000|6.600.000,00|
|02/06/2017|R|33,00|37,00|37,00|37,00|2|13.000|481.000,00|
|08/06/2017|R|37,00|42,00|42,00|42,00|1|1.600|67.200,00|
|12/06/2017|R|42,00|50,00|50,00|45,00|5|200.000|9.500.000,00|
|13/06/2017|R|50,00|60,00|60,00|60,00|1|3.000|180.000,00|
|14/06/2017|R|60,00|70,00|71,00|70,00|5|7.300|516.000,00|
|15/06/2017|R|70,00|70,00|70,00|70,00|7|429.930|30.095.100,00|
|16/06/2017|R|70,00|70,00|84,00|84,00|1|347|29.148,00|
|20/06/2017|R|70,00|80,00|80,00|79,50|2|2.050|163.875,00|
|21/06/2017|R|80,00|85,00|85,00|79,00|5|100.000|7.992.729,00|
|22/06/2017|R|85,00|80,00|80,00|80,00|3|17.002|1.360.160,00|
|29/06/2017|R|80,00|79,00|79,00|79,00|2|68.055|5.376.345,00|
|30/06/2017|R|79,00|88,00|88,00|88,00|1|10.000|880.000,00|
|07/07/2017|R|88,00|75,00|80,00|75,00|5|2.016.906|161.343.530,00|
|11/07/2017|R|75,00|75,00|75,00|75,00|1|9.459|709.425,00|
|14/07/2017|R|75,00|75,00|75,00|75,00|2|30.247|2.268.525,00|
|18/07/2017|R|75,00|90,00|90,00|75,00|2|2.400|210.000,00|
|19/07/2017|R|90,00|105,00|105,00|105,00|1|1.800|189.000,00|
|21/07/2017|R|105,00|110,00|110,00|110,00|1|13.000|1.430.000,00|
|25/07/2017|R|110,00|105,00|110,00|105,00|2|1.550|163.000,00|
|28/07/2017|R|105,00|110,00|110,00|110,00|1|650|71.500,00|
|02/08/2017|R|110,00|110,00|110,00|110,00|1|1.000|110.000,00|
|03/08/2017|R|110,00|120,00|120,00|110,00|3|300.700|33.084.000,00|
|04/08/2017|R|120,00|120,00|120,00|120,00|1|19.300|2.316.000,00|
|08/08/2017|R|120,00|120,00|120,00|120,00|1|100|12.000,00|
|18/08/2017|R|120,00|105,00|105,00|100,00|4|16.000|1.655.000,00|
|23/08/2017|R|105,00|110,00|110,00|105,00|3|24.000|2.595.000,00|
|30/08/2017|R|110,00|112,00|112,00|112,00|2|25.206|2.823.072,00|
|31/08/2017|R|112,00|112,00|110,00|110,00|1|200|22.000,00|
|07/09/2017|R|112,00|120,00|120,00|110,00|5|7.085|800.200,00|
|14/09/2017|R|120,00|134,00|134,00|134,00|1|3.200|428.800,00|
|18/09/2017|R|134,00|140,00|140,00|140,00|1|10.000|1.400.000,00|
|22/09/2017|R|140,00|145,00|168,00|145,00|2|50.050|7.258.400,00|
|25/09/2017|R|145,00|157,00|166,66|157,00|3|660|106.698,00|
|26/09/2017|R|157,00|160,00|160,00|160,00|2|11.340|1.814.400,00|
|27/09/2017|R|160,00|160,00|160,00|160,00|2|8.660|1.385.600,00|
|02/10/2017|R|160,00|165,00|165,00|165,00|2|200.000|33.000.000,00|
|04/10/2017|R|165,00|165,00|165,00|165,00|1|10.000|1.650.000,00|
|10/10/2017|R|165,00|165,00|165,00|164,00|3|9.500|1.563.500,00|
|11/10/2017|R|165,00|170,00|170,00|170,00|3|105.000|17.850.000,00|
|13/10/2017|R|170,00|170,00|179,00|170,00|2|1.160|198.640,00|
|16/10/2017|R|170,00|170,00|170,00|170,00|3|235.416|40.020.720,00|
|19/10/2017|R|170,00|170,00|170,00|170,00|1|200.000|34.000.000,00|
|20/10/2017|R|170,00|190,00|190,00|170,00|2|6.936|1.279.120,00|
|23/10/2017|R|190,00|190,00|190,00|190,00|2|2.550|484.500,00|
|24/10/2017|R|190,00|190,00|190,00|180,00|7|716.822|136.147.330,00|
|25/10/2017|R|190,00|190,00|190,00|190,00|1|61|11.590,00|
|01/11/2017|R|190,00|190,00|152,00|152,00|1|340|51.680,00|
|16/11/2017|R|190,00|190,00|190,00|190,00|1|100|19.000,00|
|17/11/2017|R|190,00|200,00|200,00|192,00|3|8.587|1.657.504,00|
|20/11/2017|R|200,00|200,00|200,00|200,00|2|53.900|10.780.000,00|
|29/11/2017|R|200,00|200,00|239,00|200,00|3|6.400|1.334.600,00|
|30/11/2017|R|200,00|238,00|238,00|238,00|1|1.000|238.000,00|
|05/12/2017|R|238,00|230,00|230,00|230,00|1|200.000|46.000.000,00|
|07/12/2017|R|230,00|266,00|266,00|266,00|1|500|133.000,00|
|08/12/2017|R|266,00|266,00|266,00|266,00|1|1.000|266.000,00|
|12/12/2017|R|266,00|266,00|266,00|266,00|2|30.000|7.980.000,00|
|19/12/2017|R|266,00|280,00|280,00|280,00|2|13.390|3.749.200,00|
|20/12/2017|R|280,00|300,00|300,00|300,00|1|50.000|15.000.000,00|
|29/12/2017|R|300,00|300,00|300,00|300,00|1|160|48.000,00|
|08/01/2018|R|300,00|300,00|300,00|300,00|1|50.000|15.000.000,00|
|09/01/2018|R|300,00|330,00|330,00|300,00|2|20.300|6.690.000,00|
|10/01/2018|R|330,00|330,00|330,00|330,00|1|30.000|9.900.000,00|
|11/01/2018|R|330,00|360,00|360,00|350,00|2|18.700|6.575.000,00|
|12/01/2018|R|360,00|360,00|360,00|360,00|1|50.000|18.000.000,00|
|19/01/2018|R|360,00|360,00|400,00|360,00|5|12.050|4.340.000,00|
|23/01/2018|R|360,00|430,00|430,00|430,00|1|50.000|21.500.000,00|
|24/01/2018|R|430,00|431,00|431,00|430,00|3|20.450|8.808.500,00|
|26/01/2018|R|431,00|431,00|517,00|517,00|2|100|51.700,00|
|29/01/2018|R|431,00|435,00|435,00|435,00|3|1.015.000|441.525.000,00|
|31/01/2018|R|435,00|500,00|520,00|500,00|4|990.000|495.201.960,00|
|01/02/2018|R|500,00|520,00|520,00|520,00|1|5.500|2.860.000,00|
|02/02/2018|R|520,00|520,00|520,00|520,00|2|2.700|1.384.000,00|
|05/02/2018|R|520,00|450,00|450,00|450,00|1|1.400|630.000,00|
|14/02/2018|R|450,00|450,00|450,00|450,00|1|15.000|6.750.000,00|
|16/02/2018|R|450,00|450,00|450,00|450,00|2|500.000|225.000.000,00|
|19/02/2018|R|450,00|450,00|535,00|450,00|2|300.110|160.549.500,00|
|23/02/2018|R|450,00|500,00|530,00|500,00|7|69.450|34.815.000,00|
|01/03/2018|R|500,00|600,00|600,00|600,00|1|1.000|600.000,00|
|02/03/2018|R|600,00|600,00|600,00|600,00|2|50|30.000,00|
|05/03/2018|R|600,00|715,00|715,00|715,00|3|2.750|1.966.250,00|
|06/03/2018|R|715,00|855,00|855,00|855,00|2|250|213.750,00|
|09/03/2018|R|855,00|950,00|950,00|950,00|1|80.000|76.000.000,00|
|13/03/2018|R|950,00|1.050,00|1.050,00|1.050,00|2|1.000|1.050.000,00|
|14/03/2018|R|1.050,00|1.200,00|1.200,00|1.150,00|2|70.250|80.800.000,00|
|21/03/2018|R|1.200,00|1.450,00|1.450,00|1.435,00|7|61.896|89.725.242,00|
|22/03/2018|R|1.450,00|1.700,00|1.700,00|1.700,00|3|100|170.000,00|
|23/03/2018|R|1.700,00|2.000,00|2.000,00|1.700,00|5|57.900|114.000.000,00|
|26/03/2018|R|2.000,00|2.390,00|2.390,00|2.380,00|3|456|1.089.780,00|
|27/03/2018|R|2.390,00|2.390,00|2.390,00|2.390,00|4|785|1.876.150,00|
|28/03/2018|R|2.390,00|2.390,00|2.390,00|2.390,00|1|400|956.000,00|
|02/04/2018|R|2.390,00|2.500,00|2.860,00|2.500,00|5|4.593|11.514.900,00|
|03/04/2018|R|2.500,00|2.860,00|2.860,00|2.860,00|4|14.000|40.040.000,00|
|04/04/2018|R|2.860,00|3.400,00|3.400,00|2.860,00|10|376.455|1.191.847.000,00|
|05/04/2018|R|3.400,00|4.000,00|4.000,00|4.000,00|3|2.004|8.016.000,00|
|06/04/2018|R|4.000,00|4.300,00|4.300,00|4.300,00|5|148.820|639.926.000,00|
|10/04/2018|R|4.300,00|5.100,00|5.100,00|4.800,00|7|110.042|528.214.200,00|
|11/04/2018|R|5.100,00|6.000,00|6.000,00|5.150,00|5|26.000|155.150.000,00|
|12/04/2018|R|6.000,00|7.100,00|7.100,00|7.100,00|1|100|710.000,00|
|13/04/2018|R|7.100,00|8.500,00|8.520,00|8.500,00|6|362|3.079.000,00|
|16/04/2018|R|8.500,00|10.000,00|10.000,00|10.000,00|8|25.000|220.000.000,00|
|17/04/2018|R|10.000,00|11.990,00|11.990,00|11.990,00|1|345|4.136.550,00|
|18/04/2018|R|11.990,00|14.000,00|14.000,00|11.000,00|7|21.300|238.200.000,00|
|20/04/2018|R|14.000,00|16.500,00|16.800,00|16.500,00|3|310|5.121.000,00|
|23/04/2018|R|16.500,00|16.500,00|16.500,00|16.500,00|2|27|445.500,00|
|24/04/2018|R|16.500,00|16.000,00|16.000,00|16.000,00|2|3.710|59.360.000,00|
|25/04/2018|R|16.000,00|13.500,00|14.500,00|13.500,00|5|307|4.151.500,00|
|26/04/2018|R|13.500,00|12.000,00|13.000,00|12.000,00|2|400|5.050.000,00|
|27/04/2018|R|12.000,00|10.000,00|12.000,00|10.000,00|5|1.496|16.772.000,00|
|30/04/2018|R|10.000,00|11.000,00|11.900,00|11.000,00|5|6.955|76.554.500,00|
|02/05/2018|R|11.000,00|11.900,00|11.900,00|11.900,00|3|76|904.400,00|
|03/05/2018|R|11.900,00|11.900,00|11.900,00|10.000,00|5|25.802|261.763.000,00|
|04/05/2018|R|11.900,00|11.900,00|11.900,00|11.900,00|1|100|1.190.000,00|
|08/05/2018|R|11.900,00|9.750,00|11.900,00|9.750,00|5|3.150|31.577.500,00|
|09/05/2018|R|9.750,00|9.500,00|9.500,00|9.500,00|2|200.000|1.900.000.000,00|
|11/05/2018|R|9.500,00|9.500,00|9.500,00|9.500,00|3|263.000|2.498.500.000,00|
|16/05/2018|R|9.500,00|10.000,00|10.000,00|9.500,00|9|163.690|1.555.560.000,00|
|17/05/2018|R|10.000,00|11.900,00|11.900,00|11.900,00|2|110|1.309.000,00|
|18/05/2018|R|11.900,00|11.500,00|11.500,00|11.500,00|3|100.000|1.150.000.000,00|
|21/05/2018|R|11.500,00|11.500,00|11.500,00|11.500,00|2|26.050|299.575.000,00|
|22/05/2018|R|11.500,00|11.900,00|11.900,00|11.600,00|8|254.187|2.987.242.200,00|
|25/05/2018|R|11.900,00|14.280,00|14.280,00|14.000,00|2|1.020|14.285.600,00|
|28/05/2018|R|14.280,00|17.120,00|17.120,00|17.120,00|1|10|171.200,00|
|30/05/2018|R|17.120,00|17.120,00|17.120,00|17.120,00|2|490|8.388.800,00|
|31/05/2018|R|17.120,00|17.120,00|17.120,00|17.120,00|1|100|1.712.000,00|
|01/06/2018|R|17.120,00|18.000,00|18.000,00|18.000,00|1|20|360.000,00|
|05/06/2018|R|18.000,00|17.000,00|17.000,00|16.990,00|2|3.610|61.363.900,00|
|08/06/2018|R|17.000,00|20.400,00|20.400,00|20.300,00|3|1.145|23.339.250,00|
|11/06/2018|R|20.400,00|23.750,00|23.750,00|23.750,00|1|5|118.750,00|
|12/06/2018|R|23.750,00|23.750,00|23.750,00|23.750,00|1|10|237.500,00|
|13/06/2018|R|23.750,00|26.000,00|26.500,00|26.000,00|2|59|1.559.000,00|
|14/06/2018|R|26.000,00|28.000,00|28.000,00|26.500,00|4|1.511|40.791.500,00|
|15/06/2018|R|28.000,00|27.000,00|27.000,00|27.000,00|3|111|2.997.000,00|
|19/06/2018|R|27.000,00|27.000,00|27.000,00|21.700,00|6|26.140|705.068.000,00|
|20/06/2018|R|27.000,00|27.000,00|27.000,00|27.000,00|2|15.179|409.833.000,00|
|21/06/2018|R|27.000,00|27.000,00|27.000,00|27.000,00|1|179|4.833.000,00|
|25/06/2018|R|27.000,00|29.000,00|29.000,00|29.000,00|1|50.000|1.450.000.000,00|
|26/06/2018|R|29.000,00|34.800,00|34.800,00|34.800,00|1|1.000|34.800.000,00|
|03/07/2018|R|34.800,00|34.800,00|0,00|0,00|1|40.000|1.480.000.000,00|
|04/07/2018|R|34.800,00|40.000,00|40.000,00|40.000,00|1|20|800.000,00|
|06/07/2018|R|40.000,00|40.000,00|40.000,00|40.000,00|6|743.518|29.740.720.000,00|
|10/07/2018|R|40.000,00|40.000,00|0,00|0,00|1|10|450.000,00|
|11/07/2018|R|40.000,00|40.000,00|40.000,00|40.000,00|1|10|400.000,00|
|12/07/2018|R|40.000,00|40.000,00|40.000,00|40.000,00|2|70.000|2.800.000.000,00|
|13/07/2018|R|40.000,00|48.000,00|48.000,00|48.000,00|1|2|96.000,00|
|17/07/2018|R|48.000,00|47.900,00|48.000,00|47.900,00|2|5|239.700,00|
|18/07/2018|R|47.900,00|48.000,00|48.000,00|48.000,00|1|5|240.000,00|
|19/07/2018|R|48.000,00|40.000,00|47.500,00|40.000,00|2|900|36.450.000,00|
|20/07/2018|R|40.000,00|40.000,00|40.000,00|40.000,00|6|15.752|630.080.000,00|
|25/07/2018|R|40.000,00|47.000,00|47.000,00|47.000,00|1|150|7.050.000,00|
|27/07/2018|R|47.000,00|44.000,00|44.000,00|44.000,00|1|150|6.600.000,00|
|01/08/2018|R|44.000,00|44.000,00|44.000,00|44.000,00|1|50|2.200.000,00|
|03/08/2018|R|44.000,00|44.000,00|44.000,00|44.000,00|1|10|440.000,00|
|07/08/2018|R|44.000,00|44.000,00|0,00|0,00|1|500|22.000.000,00|
|08/08/2018|R|44.000,00|44.000,00|44.000,00|44.000,00|1|10|440.000,00|
|09/08/2018|R|44.000,00|44.000,00|44.000,00|44.000,00|2|216|9.504.000,00|
|10/08/2018|R|44.000,00|48.000,00|48.000,00|48.000,00|3|25|1.200.000,00|
|13/08/2018|R|48.000,00|48.000,00|48.000,00|48.000,00|1|10|480.000,00|
|14/08/2018|R|48.000,00|48.000,00|48.000,00|44.000,00|6|51.882|2.488.676.000,00|
|22/08/2018|R|0,48|0,48|0,48|0,48|2|60|28,80|
|24/08/2018|R|0,48|0,57|0,57|0,57|2|10|5,70|
|27/08/2018|R|0,57|0,66|0,70|0,66|6|1.555|1.029,76|
|28/08/2018|R|0,66|0,75|0,75|0,75|5|207.030|155.272,50|
|29/08/2018|R|0,75|0,74|0,74|0,74|2|4.854|3.591,96|
|30/08/2018|R|0,74|0,74|0,00|0,00|1|1.345|1.076,00|
|04/09/2018|R|0,74|0,67|0,67|0,67|1|1.076.575|721.305,25|
|11/09/2018|R|0,67|0,67|0,00|0,00|1|241|161,47|
|13/09/2018|R|0,67|0,85|0,85|0,70|8|285.771|217.205,35|
|17/09/2018|R|0,85|0,86|0,86|0,86|1|1.200|1.032,00|
|18/09/2018|R|0,86|0,96|0,96|0,96|2|11.500|10.890,00|
|19/09/2018|R|0,96|1,00|1,00|1,00|1|50.000|50.000,00|
|24/09/2018|R|1,00|1,00|1,00|1,00|2|50.000|50.000,00|
|25/09/2018|R|1,00|0,81|0,81|0,81|2|209|169,29|
|27/09/2018|R|0,81|0,81|0,81|0,81|1|16|12,96|
|01/10/2018|R|0,81|1,10|1,10|0,97|5|50.050|55.048,50|
|02/10/2018|R|1,10|1,56|1,56|1,32|3|2.334|3.572,40|
|03/10/2018|R|1,56|1,90|1,90|1,56|6|6.252|11.092,24|
|04/10/2018|R|1,90|1,79|1,79|1,34|4|2.000|3.249,48|
|05/10/2018|R|1,79|1,44|1,44|1,44|1|250|360,00|
|09/10/2018|R|1,44|1,17|1,70|1,17|2|540|653,00|
|11/10/2018|R|1,17|1,35|1,35|1,35|1|150|202,50|
|15/10/2018|R|1,35|1,40|1,40|1,35|2|210.000|293.500,00|
|17/10/2018|R|1,40|1,60|1,60|1,60|2|766|1.225,60|
|18/10/2018|R|1,60|1,55|1,55|1,55|1|3.000|4.650,00|
|22/10/2018|R|1,55|1,55|1,55|1,55|3|263.594|405.241,00|
|23/10/2018|R|1,55|1,70|1,70|1,70|2|660|1.098,00|
|24/10/2018|R|1,70|1,40|1,40|1,40|1|600|840,00|
|25/10/2018|R|1,40|1,55|1,55|1,55|1|12.500|19.375,00|
|26/10/2018|R|1,55|1,86|1,86|1,55|6|75.046|124.579,00|
|30/10/2018|R|1,86|1,86|1,86|1,86|1|1.000|1.860,00|
|31/10/2018|R|1,86|1,86|1,86|1,86|4|25.033|46.561,38|
|01/11/2018|R|1,86|1,95|1,95|1,90|3|30.150|58.292,50|
|02/11/2018|R|1,95|2,34|2,34|2,00|3|11.350|23.159,00|
|07/11/2018|R|2,34|2,50|2,50|2,20|3|20.035|50.086,00|
|08/11/2018|R|2,50|3,00|3,00|3,00|2|15.000|45.000,00|
|09/11/2018|R|3,00|3,15|3,15|3,15|1|500|1.575,00|
|13/11/2018|R|3,15|3,15|3,15|3,15|2|17.626|55.425,90|
|14/11/2018|R|3,15|3,30|3,30|3,30|1|67.820|223.806,00|
|15/11/2018|R|3,30|3,10|3,30|3,10|4|7.000|22.500,00|
|16/11/2018|R|3,10|2,49|2,70|2,49|2|1.160|2.922,00|
|19/11/2018|R|2,49|2,97|2,97|2,97|2|100|297,00|
|20/11/2018|R|2,97|3,50|3,50|3,50|1|100|350,00|
|22/11/2018|R|3,50|3,49|3,49|3,49|1|200|698,00|
|27/11/2018|R|3,49|3,50|3,50|3,00|6|230.100|805.300,00|
|28/11/2018|R|3,50|3,50|3,50|3,50|1|100.000|350.000,00|
|29/11/2018|R|3,50|4,00|4,00|3,00|2|561|2.233,00|
|30/11/2018|R|4,00|4,00|4,00|4,00|2|10.020|40.080,00|
|03/12/2018|R|4,00|4,00|4,00|4,00|1|2.000|8.000,00|
|05/12/2018|R|4,00|4,20|4,20|4,15|3|215.000|902.250,00|
|06/12/2018|R|4,20|4,20|4,20|4,20|4|21.000|88.200,00|
|07/12/2018|R|4,20|4,50|4,50|4,02|4|3.437|15.370,50|
|10/12/2018|R|4,50|5,00|5,00|5,00|1|220|1.100,00|
|11/12/2018|R|5,00|5,00|5,30|5,00|4|10.399|52.005,20|
|12/12/2018|R|5,00|5,99|5,99|5,99|1|216|1.293,84|
|13/12/2018|R|5,99|5,00|5,00|5,00|1|50|250,00|
|21/12/2018|R|5,00|6,00|6,00|6,00|1|161|966,00|
|26/12/2018|R|6,00|5,00|6,00|5,00|3|2.244|12.464,00|
|27/12/2018|R|5,00|6,00|6,00|6,00|2|1.000|6.000,00|
|28/12/2018|R|6,00|7,20|7,20|7,20|1|50|360,00|
|03/01/2019|R|7,20|7,20|7,20|7,20|1|1.500|10.800,00|
|07/01/2019|R|7,20|12,43|12,43|12,43|1|10|124,30|
|10/01/2019|R|12,43|14,91|14,91|14,91|1|20|298,20|
|14/01/2019|R|14,91|16,00|16,00|16,00|1|500|8.000,00|
|15/01/2019|R|16,00|16,00|16,00|16,00|1|10|160,00|
|16/01/2019|R|16,00|23,04|23,04|19,20|6|910|19.144,00|
|17/01/2019|R|23,04|27,64|27,64|27,64|1|10|276,40|
|18/01/2019|R|27,64|30,00|30,00|30,00|2|300.030|9.000.900,00|
|22/01/2019|R|30,00|35,00|35,00|35,00|4|14.419|439.075,00|
|23/01/2019|R|35,00|41,99|41,99|41,99|1|100|4.199,00|
|25/01/2019|R|41,99|50,00|50,00|50,00|4|426|21.300,00|
|28/01/2019|R|50,00|60,00|60,00|50,00|3|210.020|10.501.200,00|
|31/01/2019|R|60,00|60,00|72,00|72,00|1|10|720,00|
|04/02/2019|R|60,00|60,00|70,00|70,00|1|11|770,00|
|05/02/2019|R|60,00|72,00|72,00|72,00|1|500|36.000,00|
|06/02/2019|R|72,00|76,01|76,02|76,00|6|6.159|468.097,18|
|08/02/2019|R|76,01|91,20|91,20|91,20|1|300|27.360,00|
|11/02/2019|R|91,20|90,00|90,00|90,00|2|129|11.610,00|
|12/02/2019|R|90,00|72,00|72,00|72,00|3|350|25.200,00|
|13/02/2019|R|72,00|72,00|72,00|72,00|2|150|10.800,00|
|14/02/2019|R|72,00|72,00|72,00|72,00|1|100|7.200,00|
|19/02/2019|R|72,00|72,00|72,00|72,00|1|100|7.200,00|
|21/02/2019|R|72,00|86,40|86,40|75,00|3|600|46.140,00|
|22/02/2019|R|86,40|103,68|103,68|86,40|7|1.700|160.780,00|
|25/02/2019|R|103,68|124,00|124,00|124,00|1|50|6.200,00|
|27/02/2019|R|124,00|178,00|178,00|148,90|3|800|133.670,00|
|06/03/2019|R|178,00|180,00|180,00|180,00|5|10.000|1.800.000,00|
|14/03/2019|R|180,00|150,00|150,00|150,00|8|5.531|829.650,00|
|18/03/2019|R|150,00|150,00|150,00|150,00|2|10|1.500,00|
|20/03/2019|R|150,00|160,00|170,00|160,00|3|178|27.180,00|
|21/03/2019|R|160,00|150,00|160,00|150,00|2|35|5.400,00|
|22/03/2019|R|150,00|150,00|0,00|0,00|1|144|17.280,00|
|25/03/2019|R|150,00|159,00|159,00|159,00|1|20|3.180,00|
|29/03/2019|R|159,00|159,00|160,00|160,00|1|1|160,00|
|01/04/2019|R|159,00|150,00|150,00|150,00|2|1.015|152.250,00|
|02/04/2019|R|150,00|149,90|149,90|149,90|1|200|29.980,00|
|03/04/2019|R|149,90|149,90|149,00|149,00|1|1|149,00|
|10/04/2019|R|149,90|120,00|149,00|120,00|2|5.487|810.632,00|
|11/04/2019|R|120,00|120,00|140,00|140,00|1|40|5.600,00|
|22/04/2019|R|120,00|120,00|120,00|120,00|1|1.010|121.200,00|
|23/04/2019|R|120,00|143,90|143,90|143,90|1|200|28.780,00|
|25/04/2019|R|143,90|169,99|169,99|169,99|1|98|16.659,02|
|26/04/2019|R|169,99|169,99|203,97|203,97|1|28|5.711,16|
|29/04/2019|R|169,99|180,00|203,97|180,00|2|56|10.319,70|
|02/05/2019|R|180,00|199,99|199,99|199,99|2|141|28.198,59|
|03/05/2019|R|199,99|199,99|199,99|199,99|1|50|9.999,50|
|08/05/2019|R|199,99|209,99|209,99|209,99|1|684|143.633,16|
|09/05/2019|R|209,99|168,00|168,00|168,00|1|150|25.200,00|
|10/05/2019|R|168,00|184,00|184,00|169,00|2|57|10.383,00|
|13/05/2019|R|184,00|180,00|180,00|180,00|1|111|19.980,00|
|14/05/2019|R|180,00|180,00|180,00|180,00|1|75|13.500,00|
|15/05/2019|R|180,00|180,00|144,01|144,01|1|10|1.440,10|
|29/05/2019|R|215,99|180,00|180,00|180,00|2|60|10.800,00|
|31/05/2019|R|180,00|179,95|179,95|170,00|4|1.968|337.545,00|
|06/06/2019|R|179,95|175,00|175,00|175,00|2|1.201|210.175,00|
|07/06/2019|R|175,00|179,95|179,95|179,95|2|70|12.596,50|
|10/06/2019|R|179,95|170,00|174,90|170,00|2|4.002|681.084,80|
|11/06/2019|R|170,00|170,00|170,00|170,00|1|809|137.530,00|
|12/06/2019|R|170,00|170,00|170,00|170,00|1|975|165.750,00|
|13/06/2019|R|170,00|170,00|170,00|170,00|1|2.365|402.050,00|
|14/06/2019|R|170,00|170,00|170,00|170,00|1|3.828|650.760,00|
|18/06/2019|R|170,00|170,00|170,00|170,00|1|3|510,00|
|19/06/2019|R|170,00|170,00|170,00|170,00|3|7.169|1.218.730,00|
|21/06/2019|R|170,00|170,00|170,00|170,00|1|57|9.690,00|
|25/06/2019|R|170,00|175,00|175,00|175,00|5|7.050|1.233.750,00|
|26/06/2019|R|175,00|175,00|175,00|175,00|4|344|60.200,00|
|27/06/2019|R|175,00|175,00|175,00|175,00|2|1.849|323.575,00|
|28/06/2019|R|175,00|180,00|180,00|180,00|1|22.417|4.035.060,00|
|01/07/2019|R|180,00|180,00|180,00|175,00|2|1.140|200.500,00|
|02/07/2019|R|180,00|180,00|180,00|180,00|1|3.476|625.680,00|
|03/07/2019|R|180,00|180,00|180,00|180,00|1|56|10.080,00|
|04/07/2019|R|180,00|180,00|180,00|180,00|2|1.143|205.740,00|
|09/07/2019|R|180,00|180,00|180,00|180,00|3|178|32.040,00|
|10/07/2019|R|180,00|180,00|180,00|180,00|2|1.000|180.000,00|
|15/07/2019|R|180,00|180,00|180,00|180,00|1|1.985|357.300,00|
|16/07/2019|R|180,00|180,00|0,00|0,00|2|300|54.000,00|
|17/07/2019|R|180,00|165,00|165,00|165,00|3|10.500|1.747.500,00|
|18/07/2019|R|165,00|170,00|180,00|170,00|7|13.431|2.411.580,00|
|22/07/2019|R|170,00|180,00|180,00|170,00|2|9.000|1.606.000,00|
|25/07/2019|R|180,00|180,00|180,00|180,00|1|2.400|432.000,00|
|26/07/2019|R|180,00|185,00|185,00|180,00|10|250.500|45.590.000,00|
|29/07/2019|R|185,00|200,00|200,00|185,00|5|187.755|34.736.925,00|
|30/07/2019|R|200,00|200,00|200,00|200,00|3|89.850|17.970.000,00|
|31/07/2019|R|200,00|200,00|200,00|200,00|1|9.856|1.971.200,00|
|02/08/2019|R|200,00|200,00|221,00|200,00|5|36.340|7.815.640,00|
|05/08/2019|R|200,00|200,01|200,01|200,00|2|185.695|37.140.118,85|
|06/08/2019|R|200,01|240,00|240,00|240,00|1|500|120.000,00|
|07/08/2019|R|240,00|260,01|260,01|245,00|2|17.058|4.246.755,00|
|08/08/2019|R|260,01|300,01|300,01|300,01|2|120|36.001,20|
|12/08/2019|R|300,01|300,00|355,01|300,00|4|3.628|1.100.441,28|
|13/08/2019|R|300,00|355,01|355,01|355,01|1|6.000|2.130.060,00|
|14/08/2019|R|355,01|380,00|380,00|300,00|4|54.962|19.245.500,00|
|15/08/2019|R|380,00|390,00|390,00|380,00|5|8.400|3.256.000,00|
|16/08/2019|R|390,00|400,00|400,00|400,00|4|774|309.600,00|
|20/08/2019|R|400,00|400,00|400,00|400,00|3|240|96.000,00|
|21/08/2019|R|400,00|400,00|400,00|400,00|3|50.803|20.321.200,00|
|22/08/2019|R|400,00|450,00|450,00|450,00|1|243|109.350,00|
|23/08/2019|R|450,00|500,00|500,00|475,00|4|12.000|5.775.000,00|
|26/08/2019|R|500,00|500,00|500,00|500,00|4|5.159|2.579.500,00|
|27/08/2019|R|500,00|599,99|599,99|599,99|1|5.000|2.999.950,00|
|29/08/2019|R|599,99|680,00|680,00|680,00|1|735|499.800,00|
|30/08/2019|R|680,00|750,00|750,00|750,00|1|100|75.000,00|
|02/09/2019|R|750,00|850,00|850,00|850,00|1|1.110|943.500,00|
|03/09/2019|R|850,00|850,00|850,00|850,00|2|94|79.900,00|
|04/09/2019|R|850,00|950,00|950,00|800,00|3|15.068|12.062.100,00|
|05/09/2019|R|950,00|975,00|975,00|975,00|3|585|570.375,00|
|12/09/2019|R|975,00|975,00|1.000,00|975,00|2|1.595|1.591.375,00|
|17/09/2019|R|950,00|950,00|950,00|950,00|3|494|469.300,00|
|20/09/2019|R|950,00|950,00|950,00|950,00|1|8|7.600,00|
|24/09/2019|R|950,00|900,00|900,00|900,00|1|406|365.400,00|
|26/09/2019|R|900,00|890,00|890,00|890,00|1|795|707.550,00|
|27/09/2019|R|890,00|850,00|850,00|850,00|1|100|85.000,00|
|30/09/2019|R|850,00|788,00|800,00|788,00|2|134|106.000,00|
|01/10/2019|R|788,00|799,00|800,00|799,00|3|104|83.100,00|
|02/10/2019|R|799,00|760,00|770,00|760,00|2|260|199.200,00|
|03/10/2019|R|760,00|615,60|615,60|615,60|1|999|614.984,40|
|07/10/2019|R|615,60|615,00|615,00|615,00|1|1.526|938.490,00|
|08/10/2019|R|615,00|500,00|500,00|500,00|1|2.000|1.000.000,00|
|09/10/2019|R|500,00|515,00|515,00|515,00|2|1.100|566.500,00|
|10/10/2019|R|515,00|500,00|500,00|500,00|2|524|260.800,00|
|14/10/2019|R|500,00|410,00|410,00|410,00|2|37.842|15.515.220,00|
|16/10/2019|R|410,00|400,00|410,00|400,00|5|16.557|6.625.290,00|
|21/10/2019|R|400,00|400,00|401,00|400,00|4|290|116.100,00|
|23/10/2019|R|400,00|400,00|400,00|400,00|1|58|23.200,00|
|24/10/2019|R|400,00|402,00|402,00|400,00|5|209.607|83.862.600,00|
|25/10/2019|R|402,00|410,00|410,00|410,00|1|124|50.840,00|
|28/10/2019|R|410,00|410,00|410,00|410,00|1|8.000|3.280.000,00|
|29/10/2019|R|410,00|450,00|450,00|450,00|1|957|430.650,00|
|31/10/2019|R|450,00|500,00|500,00|500,00|1|60|30.000,00|
|01/11/2019|R|500,00|500,00|440,00|440,00|1|10|4.400,00|
|05/11/2019|R|500,00|400,01|450,00|400,01|3|1.521|634.460,00|
|06/11/2019|R|400,01|400,01|400,01|400,01|1|200|80.002,00|
|07/11/2019|R|400,01|400,01|425,00|425,00|1|60|25.500,00|
|08/11/2019|R|400,01|470,00|470,00|425,00|3|306.800|130.696.000,00|
|11/11/2019|R|470,00|400,00|470,00|400,00|3|1.700|764.003,50|
|12/11/2019|R|400,00|450,00|450,00|450,00|1|1.000|450.000,00|
|14/11/2019|R|450,00|450,00|480,00|480,00|1|20|9.600,00|
|19/11/2019|R|450,00|450,00|450,00|450,00|2|2.153|968.850,00|
|21/11/2019|R|450,00|450,00|450,00|450,00|2|410|184.500,00|
|22/11/2019|R|450,00|450,00|450,00|450,00|2|80|36.000,00|
|25/11/2019|R|450,00|450,00|450,00|450,00|1|723|325.350,00|
|26/11/2019|R|450,00|450,00|450,00|440,00|3|477|214.550,00|
|27/11/2019|R|450,00|450,00|450,00|415,00|4|6.614|2.877.810,00|
|29/11/2019|R|450,00|450,00|450,00|415,00|4|1.502|642.755,00|
|03/12/2019|R|450,00|450,05|450,05|450,05|1|803|361.390,15|
|06/12/2019|R|450,05|450,00|450,00|450,00|1|1.000|450.000,00|
|09/12/2019|R|450,00|450,00|450,00|450,00|5|174.000|78.300.000,00|
|10/12/2019|R|450,00|450,00|450,00|450,00|3|364|163.800,00|
|16/12/2019|R|450,00|450,00|450,00|450,00|1|150|67.500,00|
|18/12/2019|R|450,00|499,97|499,97|499,97|1|273|136.491,81|
|20/12/2019|R|499,97|499,97|598,00|598,00|1|50|29.900,00|
|23/12/2019|R|499,97|599,00|599,00|599,00|2|457|273.743,00|
|27/12/2019|R|599,00|700,00|700,00|700,00|1|328|229.600,00|
|03/01/2020|R|700,00|840,00|840,00|839,00|2|326|273.554,00|
|07/01/2020|R|840,00|1.005,00|1.006,00|1.005,00|4|7.350|7.387.250,00|
|08/01/2020|R|1.005,00|1.005,00|1.005,00|1.005,00|1|120|120.600,00|
|09/01/2020|R|1.005,00|1.005,00|1.205,97|1.205,97|1|11|13.265,67|
|10/01/2020|R|1.005,00|1.205,99|1.205,99|805,00|2|396|358.879,00|
|14/01/2020|R|1.205,99|1.200,00|1.200,00|1.200,00|1|200|240.000,00|
|15/01/2020|R|1.200,00|1.439,99|1.439,99|1.150,00|4|562|704.298,00|
|16/01/2020|R|1.439,99|1.500,00|1.500,00|1.500,00|2|1.000|1.500.000,00|
|17/01/2020|R|1.500,00|1.799,99|1.799,99|1.799,99|1|130|233.998,70|
|21/01/2020|R|1.799,99|2.159,97|2.159,97|2.159,97|2|18|38.879,46|
|23/01/2020|R|2.159,97|2.500,00|2.500,00|2.500,00|1|50|125.000,00|
|27/01/2020|R|2.500,00|2.800,00|2.800,00|2.800,00|3|563|1.439.900,00|
|28/01/2020|R|2.800,00|2.800,00|2.800,00|2.800,00|1|110|308.000,00|
|29/01/2020|R|2.800,00|2.850,00|2.850,00|2.850,00|1|152|433.200,00|
|04/02/2020|R|2.850,00|2.850,00|2.850,00|2.850,00|1|61|173.850,00|
|05/02/2020|R|2.850,00|2.850,00|2.850,00|2.850,00|1|256|729.600,00|
|06/02/2020|R|2.850,00|3.419,99|3.419,99|3.419,99|1|71|242.819,29|
|07/02/2020|R|3.419,99|3.400,00|3.400,00|3.400,00|3|278|945.200,00|
|10/02/2020|R|3.400,00|3.350,00|3.350,00|3.350,00|1|100|335.000,00|
|11/02/2020|R|3.350,00|3.400,00|3.400,00|3.350,00|4|1.234|4.138.100,00|
|12/02/2020|R|3.400,00|3.400,00|3.400,00|3.400,00|3|50|170.000,00|
|27/02/2020|R|3.400,00|2.721,00|2.721,00|2.721,00|3|800|2.176.800,00|
|02/03/2020|R|2.721,00|3.100,00|3.100,00|3.100,00|1|50|155.000,00|
|04/03/2020|R|3.100,00|3.099,00|3.099,00|3.099,00|1|86|266.514,00|
|09/03/2020|R|3.099,00|3.050,00|3.050,00|3.050,00|1|100|305.000,00|
|10/03/2020|R|3.050,00|2.440,01|2.440,01|2.440,01|1|500|1.220.005,00|
|11/03/2020|R|2.440,01|2.400,00|2.400,00|2.400,00|1|499|1.197.600,00|
|12/03/2020|R|2.400,00|2.350,00|2.879,00|2.350,00|5|259|656.260,00|
|13/03/2020|R|2.350,00|1.881,00|1.881,00|1.881,00|4|588|1.106.028,00|
|18/03/2020|R|1.881,00|1.881,00|1.881,00|1.881,00|1|10|18.810,00|
|20/03/2020|R|1.881,00|2.254,00|2.254,00|2.254,00|2|208|468.832,00|
|23/03/2020|R|2.254,00|2.500,00|2.500,00|2.500,00|2|28|70.000,00|
|25/03/2020|R|2.500,00|2.000,00|2.000,00|2.000,00|3|266|532.000,00|
|27/03/2020|R|2.000,00|2.300,00|2.300,00|2.000,00|4|1.254|2.571.000,00|
|31/03/2020|R|2.300,00|2.599,99|2.599,99|2.599,99|1|45|116.999,55|
|02/04/2020|R|2.599,99|2.500,00|2.600,00|2.500,00|3|208|530.000,00|
|03/04/2020|R|2.500,00|2.999,99|2.999,99|2.999,99|1|38|113.999,62|
|07/04/2020|R|2.999,99|2.700,00|2.700,00|2.700,00|2|208|561.600,00|
|08/04/2020|R|2.700,00|3.240,00|3.240,00|3.240,00|1|25|81.000,00|
|14/04/2020|R|3.240,00|3.887,97|3.887,97|3.887,97|3|146|567.643,62|
|16/04/2020|R|3.887,97|3.200,00|3.600,00|3.200,00|5|942|3.070.800,00|
|17/04/2020|R|3.200,00|2.565,00|3.200,00|2.565,00|3|485|1.492.310,00|
|20/04/2020|R|2.565,00|2.565,00|2.565,00|2.565,00|1|1.025|2.629.125,00|
|21/04/2020|R|2.565,00|3.078,00|3.078,00|2.580,00|6|1.174|3.093.660,00|
|22/04/2020|R|3.078,00|3.240,00|3.240,00|3.240,00|3|759|2.459.160,00|
|23/04/2020|R|3.240,00|3.240,00|3.240,00|3.240,00|3|1.006|3.259.440,00|
|27/04/2020|R|3.240,00|3.000,00|3.000,00|3.000,00|1|200|600.000,00|
|28/04/2020|R|3.000,00|3.198,00|3.198,00|3.198,00|1|370|1.183.260,00|
|29/04/2020|R|3.198,00|3.000,00|3.000,00|3.000,00|3|3.001|9.003.000,00|
|04/05/2020|R|3.000,00|3.198,00|3.198,00|3.198,00|1|90|287.820,00|
|06/05/2020|R|3.198,00|3.200,00|3.240,00|3.200,00|6|1.803|5.770.320,00|
|08/05/2020|R|3.200,00|3.000,00|3.200,00|3.000,00|8|2.182|6.576.800,00|
|12/05/2020|R|3.000,00|3.000,00|3.000,00|3.000,00|4|51|153.000,00|
|18/05/2020|R|3.000,00|3.599,00|3.599,00|3.599,00|2|28|100.772,00|
|20/05/2020|R|3.599,00|3.500,00|3.500,00|3.500,00|1|188|658.000,00|
|22/05/2020|R|3.500,00|4.200,00|4.200,00|4.000,00|3|152|618.400,00|
|26/05/2020|R|4.200,00|3.361,00|3.361,00|3.361,00|2|370|1.243.570,00|
|27/05/2020|R|3.361,00|3.800,00|3.800,00|3.361,00|3|1.600|5.677.287,00|
|01/06/2020|R|3.800,00|3.800,00|3.800,00|3.800,00|1|50|190.000,00|
|02/06/2020|R|3.800,00|3.800,00|3.800,00|3.800,00|2|100|380.000,00|
|03/06/2020|R|3.800,00|3.800,00|3.800,00|3.800,00|3|1.127|4.282.600,00|
|04/06/2020|R|3.800,00|3.800,00|3.800,00|3.800,00|1|381|1.447.800,00|
|05/06/2020|R|3.800,00|3.800,00|3.800,00|3.800,00|1|304|1.155.200,00|
|08/06/2020|R|3.800,00|3.800,00|3.800,00|3.800,00|1|8|30.400,00|
|09/06/2020|R|3.800,00|3.800,00|3.800,00|3.800,00|1|10|38.000,00|
|11/06/2020|R|3.800,00|3.500,00|3.500,00|3.500,00|1|36|126.000,00|
|12/06/2020|R|3.500,00|3.800,00|3.800,00|3.800,00|2|347|1.318.600,00|
|16/06/2020|R|3.800,00|3.800,00|0,00|0,00|1|600|2.280.000,00|
|17/06/2020|R|3.800,00|3.150,00|3.798,99|3.150,00|2|1.030|3.263.969,70|
|18/06/2020|R|3.150,00|3.779,00|3.779,00|3.779,00|1|10|37.790,00|
|19/06/2020|R|3.779,00|3.800,00|3.800,00|3.780,00|4|4.200|15.925.915,00|
|23/06/2020|R|3.800,00|3.500,00|3.500,00|3.500,00|2|50|175.000,00|
|25/06/2020|R|3.500,00|3.500,00|3.500,00|3.500,00|1|35|122.500,00|
|26/06/2020|R|3.500,00|3.500,00|3.500,00|3.200,00|4|625|2.097.500,00|
|03/07/2020|R|3.500,00|3.500,00|3.479,00|3.400,00|2|8|27.595,00|
|06/07/2020|R|3.500,00|3.500,00|3.500,00|3.500,00|1|98|343.000,00|
|07/07/2020|R|3.500,00|3.000,00|3.000,00|3.000,00|2|239|717.000,00|
|09/07/2020|R|3.000,00|3.000,00|3.500,00|3.500,00|1|1|3.500,00|
|14/07/2020|R|3.000,00|3.499,99|3.499,99|3.499,99|3|219|766.497,81|
|21/07/2020|R|3.499,99|3.500,00|3.500,00|3.500,00|2|1.510|5.285.000,00|
|27/07/2020|R|3.500,00|3.500,00|0,00|0,00|1|45|157.500,00|
|28/07/2020|R|3.500,00|3.500,00|3.500,00|3.500,00|1|10|35.000,00|
|30/07/2020|R|3.500,00|3.500,00|3.500,00|3.500,00|5|991|3.468.500,00|
|31/07/2020|R|3.500,00|3.001,00|3.001,00|3.001,00|2|100|300.100,00|
|04/08/2020|R|3.001,00|3.500,00|3.500,00|3.100,00|6|2.471|8.616.500,00|
|05/08/2020|R|3.500,00|3.500,00|3.500,00|3.500,00|7|20.059|70.206.500,00|
|06/08/2020|R|3.500,00|3.500,00|3.500,00|3.500,00|7|2.083|7.290.500,00|
|07/08/2020|R|3.500,00|3.500,00|3.500,00|3.500,00|1|19|66.500,00|
|10/08/2020|R|3.500,00|3.500,00|0,00|0,00|1|4.668.856|14.940.339.200,00|
|11/08/2020|R|3.500,00|3.500,00|3.500,00|3.001,00|3|560|1.695.534,00|
|12/08/2020|R|3.500,00|3.500,00|3.500,00|3.500,00|1|57|199.500,00|
|13/08/2020|R|3.500,00|3.500,00|3.500,00|3.500,00|1|1|3.500,00|
|14/08/2020|R|3.500,00|3.500,00|3.500,00|3.500,00|15|253.760|888.160.000,00|
|17/08/2020|R|3.500,00|4.250,00|4.800,00|4.199,99|7|15.902|72.966.852,55|
|18/08/2020|R|4.250,00|4.500,00|4.500,00|4.500,00|1|1.000|4.500.000,00|
|19/08/2020|R|4.500,00|4.500,00|4.500,00|4.250,00|6|9.034|39.077.990,60|
|20/08/2020|R|4.500,00|4.250,00|4.250,00|4.250,00|3|440|1.870.000,00|
|21/08/2020|R|4.250,00|4.200,00|4.249,00|4.200,00|2|1.462|6.155.100,00|
|24/08/2020|R|4.200,00|4.200,00|4.200,00|4.200,00|3|400|1.680.000,00|
|25/08/2020|R|4.200,00|4.200,00|4.499,99|4.199,99|10|15.613|65.608.471,72|
|26/08/2020|R|4.200,00|4.199,99|4.199,99|4.000,00|4|845|3.398.999,05|
|27/08/2020|R|4.199,99|4.199,99|4.199,99|4.199,99|3|2.717|11.411.372,83|
|28/08/2020|R|4.199,99|4.499,99|4.499,99|4.499,99|1|111|499.498,89|
|31/08/2020|R|4.499,99|4.600,00|4.600,00|4.600,00|1|50|230.000,00|
|01/09/2020|R|4.600,00|4.000,00|4.000,00|4.000,00|2|500|2.000.000,00|
|03/09/2020|R|4.000,00|4.000,00|4.000,00|4.000,00|2|70|284.485,00|
|04/09/2020|R|4.000,00|4.200,00|4.200,00|4.000,00|4|863|3.472.000,00|
|07/09/2020|R|4.200,00|4.249,99|4.299,99|4.249,99|4|48|205.149,52|
|08/09/2020|R|4.249,99|4.249,99|0,00|0,00|1|15|63.749,85|
|10/09/2020|R|4.249,99|4.249,99|4.249,99|4.249,99|2|72|305.999,28|
|11/09/2020|R|4.249,99|4.200,00|4.200,00|4.199,99|5|12.400|52.079.990,03|
|15/09/2020|R|4.200,00|4.150,00|4.150,00|4.150,00|1|90|373.500,00|
|17/09/2020|R|4.150,00|4.150,00|4.150,00|4.150,00|2|95|394.250,00|
|18/09/2020|R|4.150,00|4.000,00|4.000,00|4.000,00|2|497|1.988.000,00|
|21/09/2020|R|4.000,00|4.000,00|4.000,00|3.900,00|6|2.112|8.409.099,85|
|22/09/2020|R|4.000,00|4.000,00|3.999,99|3.999,99|1|26|103.999,74|
|23/09/2020|R|4.000,00|4.000,00|4.000,00|4.000,00|1|1.413|5.652.000,00|
|24/09/2020|R|4.000,00|4.099,99|4.099,99|4.099,99|1|1.500|6.149.985,00|
|25/09/2020|R|4.099,99|4.044,99|4.100,00|4.044,99|5|8.231|33.417.733,69|
|28/09/2020|R|4.044,99|4.000,00|4.000,00|4.000,00|2|1.040|4.160.000,00|
|30/09/2020|R|4.000,00|4.050,00|4.050,00|4.050,00|3|2.400|9.720.000,00|
|01/10/2020|R|4.050,00|4.199,00|4.199,00|4.199,00|1|160|671.840,00|
|07/10/2020|R|4.199,00|4.198,99|4.198,99|4.198,99|1|290|1.217.707,10|
|14/10/2020|R|4.198,99|4.198,99|3.900,00|3.900,00|1|17|66.300,00|
|15/10/2020|R|4.198,99|4.198,99|3.900,00|3.900,00|1|2|7.800,00|
|19/10/2020|R|4.198,99|4.100,00|4.100,00|4.100,00|1|706|2.894.600,00|
|20/10/2020|R|4.100,00|4.100,00|4.198,99|4.000,00|6|1.590|6.505.557,86|
|21/10/2020|R|4.100,00|3.800,00|4.100,00|3.800,00|5|27.052|110.123.900,00|
|22/10/2020|R|3.800,00|4.000,00|4.000,00|4.000,00|1|991|3.964.000,00|
|23/10/2020|R|4.000,00|4.000,00|4.000,00|4.000,00|3|665|2.660.000,00|
|26/10/2020|R|4.000,00|4.000,00|4.000,00|4.000,00|1|548|2.192.000,00|
|27/10/2020|R|4.000,00|4.000,00|4.000,00|4.000,00|1|67|268.000,00|
|28/10/2020|R|4.000,00|4.000,00|4.000,00|4.000,00|1|50|200.000,00|
|29/10/2020|R|4.000,00|3.360,00|4.000,00|3.360,00|2|1.060|3.600.000,00|
|30/10/2020|R|3.360,00|3.360,00|3.360,00|3.360,00|1|4.000|13.440.000,00|
|02/11/2020|R|3.360,00|3.500,00|3.500,00|3.500,00|1|800|2.800.000,00|
|04/11/2020|R|3.500,00|3.800,00|3.800,00|3.800,00|2|114|428.700,00|
|05/11/2020|R|3.800,00|3.800,00|3.800,00|3.800,00|2|105|399.000,00|
|06/11/2020|R|3.800,00|3.800,00|3.800,00|3.800,00|2|25|84.500,00|
|09/11/2020|R|3.800,00|4.000,00|4.000,00|4.000,00|2|310|1.240.000,00|
|10/11/2020|R|4.000,00|4.000,00|4.000,00|4.000,00|1|1.000|4.000.000,00|
|11/11/2020|R|4.000,00|4.000,00|4.000,00|4.000,00|3|2.512|10.048.000,00|
|12/11/2020|R|4.000,00|4.199,99|4.199,99|4.000,00|5|1.944|7.792.199,19|
|13/11/2020|R|4.199,99|4.100,00|4.100,00|4.000,00|3|421|1.717.100,00|
|16/11/2020|R|4.100,00|4.100,00|4.100,00|4.100,00|3|967|3.964.700,00|
|17/11/2020|R|4.100,00|4.100,00|4.100,00|4.100,00|3|2.900|11.890.000,00|
|20/11/2020|R|4.100,00|4.100,00|4.100,00|4.100,00|1|1.000|4.100.000,00|
|25/11/2020|R|4.100,00|4.510,00|4.510,00|4.510,00|2|630|2.841.300,00|
|26/11/2020|R|4.510,00|4.850,00|4.970,00|4.850,00|4|2.250|11.174.700,00|
|27/11/2020|R|4.850,00|4.850,00|4.850,00|4.800,00|3|325|1.575.400,00|
|30/11/2020|R|4.850,00|5.500,00|5.819,99|4.850,00|5|3.179|16.209.779,21|
|01/12/2020|R|5.500,00|6.000,00|6.000,00|5.500,00|10|964.512|5.302.390.500,00|
|02/12/2020|R|6.000,00|6.000,00|6.590,00|6.000,00|3|151|912.490,00|
|03/12/2020|R|6.000,00|6.000,00|6.000,00|6.000,00|2|57|342.000,00|
|04/12/2020|R|6.000,00|6.010,00|6.010,00|6.010,00|1|793|4.765.930,00|
|08/12/2020|R|6.010,00|8.650,00|8.650,00|7.010,00|6|2.046|14.397.660,00|
|09/12/2020|R|8.650,00|9.500,00|9.500,00|9.500,00|4|990|9.405.000,00|
|10/12/2020|R|9.500,00|9.500,00|10.000,00|9.500,00|3|271|2.695.500,00|
|11/12/2020|R|9.500,00|10.000,00|10.000,00|10.000,00|3|276|2.760.000,00|
|15/12/2020|R|10.000,00|10.000,00|10.000,00|10.000,00|2|1.000|10.000.000,00|
|16/12/2020|R|10.000,00|11.990,00|11.990,00|11.990,00|3|1.549|18.572.510,00|
|17/12/2020|R|11.990,00|11.990,00|11.990,00|11.990,00|2|3.931|47.132.690,00|
|18/12/2020|R|11.990,00|12.500,00|12.500,00|10.010,00|3|3.000|35.010.000,00|
|21/12/2020|R|12.500,00|12.500,00|12.500,00|12.500,00|3|3.781|47.262.500,00|
|23/12/2020|R|12.500,00|10.020,00|11.500,00|10.020,00|6|4.368|44.128.480,00|
|28/12/2020|R|10.020,00|12.010,00|12.010,00|12.010,00|1|200|2.402.000,00|
|30/12/2020|R|12.010,00|13.500,00|13.500,00|13.500,00|1|222|2.997.000,00|
|04/01/2021|R|13.500,00|13.500,00|13.500,00|13.500,00|2|1.000|13.500.000,00|
|05/01/2021|R|13.500,00|14.400,00|14.400,00|14.400,00|1|100|1.440.000,00|
|06/01/2021|R|14.400,00|14.400,00|14.400,00|14.400,00|3|2.015|29.016.000,00|
|07/01/2021|R|14.400,00|14.400,00|14.400,00|14.400,00|1|1.130|16.272.000,00|
|08/01/2021|R|14.400,00|17.270,00|17.270,00|17.270,00|2|250|4.317.500,00|
|12/01/2021|R|17.270,00|17.000,00|17.000,00|17.000,00|2|25|425.000,00|
|13/01/2021|R|17.000,00|20.000,00|20.000,00|17.000,00|3|648|11.760.000,00|
|14/01/2021|R|20.000,00|20.000,00|20.000,00|20.000,00|2|52|1.040.000,00|
|19/01/2021|R|20.000,00|22.000,00|22.000,00|22.000,00|1|11|242.000,00|
|20/01/2021|R|22.000,00|22.000,00|22.000,00|22.000,00|2|62|1.364.000,00|
|22/01/2021|R|22.000,00|21.990,00|22.000,00|21.990,00|3|70|1.539.400,00|
|25/01/2021|R|21.990,00|21.990,00|0,00|0,00|1|15|300.000,00|
|26/01/2021|R|21.990,00|26.370,00|26.370,00|20.500,00|3|610|13.150.700,00|
|28/01/2021|R|26.370,00|31.630,00|31.630,00|31.630,00|2|32|1.012.160,00|
|29/01/2021|R|31.630,00|37.940,00|37.940,00|37.940,00|1|6|227.640,00|
|01/02/2021|R|37.940,00|37.940,00|40.000,00|40.000,00|4|23|920.000,00|
|02/02/2021|R|37.940,00|37.970,00|37.970,00|37.970,00|2|36|1.366.920,00|
|04/02/2021|R|37.970,00|40.000,00|45.510,00|40.000,00|4|522|21.270.600,00|
|05/02/2021|R|40.000,00|41.000,00|44.990,00|41.000,00|4|277|11.955.500,00|
|08/02/2021|R|41.000,00|40.000,00|42.000,00|40.000,00|5|454|18.368.000,00|
|09/02/2021|R|40.000,00|40.000,00|41.990,00|41.990,00|1|20|839.800,00|
|11/02/2021|R|40.000,00|41.000,00|41.000,00|41.000,00|2|60|2.460.000,00|
|12/02/2021|R|41.000,00|40.990,00|40.990,00|40.990,00|1|232|9.509.680,00|
|17/02/2021|R|40.990,00|40.990,00|44.990,00|44.990,00|1|3|134.970,00|
|18/02/2021|R|40.990,00|49.180,00|55.000,00|41.000,00|10|1.045|48.386.620,00|
|19/02/2021|R|49.180,00|54.000,00|54.000,00|50.000,00|5|2.299|116.146.000,00|
|22/02/2021|R|54.000,00|54.000,00|64.790,00|64.790,00|3|15|971.850,00|
|23/02/2021|R|54.000,00|64.790,00|64.790,00|64.790,00|1|28|1.814.120,00|
|24/02/2021|R|64.790,00|77.710,00|77.710,00|77.710,00|4|1.041|80.896.110,00|
|25/02/2021|R|77.710,00|77.710,00|93.190,00|92.990,00|2|6|558.140,00|
|26/02/2021|R|77.710,00|92.000,00|92.990,00|80.000,00|5|134|11.350.930,00|
|01/03/2021|R|92.000,00|95.000,00|105.000,00|95.000,00|5|330|31.450.000,00|
|02/03/2021|R|95.000,00|83.000,00|83.000,00|83.000,00|1|60|4.980.000,00|
|03/03/2021|R|83.000,00|76.000,00|83.000,00|76.000,00|3|44|3.414.000,00|
|04/03/2021|R|76.000,00|61.000,00|61.000,00|60.800,00|2|22|1.340.000,00|
|05/03/2021|R|61.000,00|71.990,00|71.990,00|71.990,00|2|46|3.311.540,00|
|08/03/2021|R|71.990,00|71.990,00|72.000,00|71.990,00|4|591|42.550.090,00|
|10/03/2021|R|71.990,00|71.990,00|71.990,00|71.990,00|2|33|2.375.670,00|
|11/03/2021|R|71.990,00|65.000,00|71.990,00|65.000,00|2|2.050|133.599.500,00|
|12/03/2021|R|65.000,00|52.000,00|52.000,00|52.000,00|2|21|1.092.000,00|
|15/03/2021|R|52.000,00|62.000,00|62.000,00|60.000,00|2|2.655|164.262.000,00|
|16/03/2021|R|62.000,00|62.010,00|62.010,00|62.000,00|3|559|34.661.780,00|
|17/03/2021|R|62.010,00|73.000,00|73.990,00|73.000,00|3|252|18.445.500,00|
|18/03/2021|R|73.000,00|66.000,00|66.000,00|60.000,00|5|3.170|193.800.000,00|
|23/03/2021|R|66.000,00|69.000,00|69.000,00|69.000,00|1|1.400|96.600.000,00|
|26/03/2021|R|69.000,00|79.000,00|79.000,00|78.990,00|3|201|15.878.220,00|
|30/03/2021|R|79.000,00|94.790,00|94.790,00|94.790,00|2|147|13.934.130,00|
|31/03/2021|R|94.790,00|100.000,00|100.000,00|95.000,00|3|139|13.650.000,00|
|05/04/2021|R|100.000,00|100.000,00|100.000,00|100.000,00|2|28|2.500.000,00|
|06/04/2021|R|100.000,00|100.000,00|100.000,00|100.000,00|1|4|400.000,00|
|07/04/2021|R|100.000,00|100.000,00|0,00|0,00|1|15|1.275.000,00|
|08/04/2021|R|100.000,00|100.000,00|100.000,00|100.000,00|2|200|20.000.000,00|
|09/04/2021|R|100.000,00|90.000,00|90.000,00|90.000,00|1|101|9.090.000,00|
|13/04/2021|R|90.000,00|107.990,00|107.990,00|107.990,00|1|20|2.159.800,00|
|15/04/2021|R|107.990,00|95.000,00|95.000,00|95.000,00|1|200|19.000.000,00|
|16/04/2021|R|95.000,00|90.000,00|95.000,00|90.000,00|2|91|8.510.000,00|
|20/04/2021|R|90.000,00|100.000,00|100.000,00|95.000,00|2|166|15.920.000,00|
|23/04/2021|R|100.000,00|100.000,00|100.000,00|100.000,00|1|200|20.000.000,00|
|27/04/2021|R|100.000,00|119.990,00|119.990,00|119.990,00|2|325|38.996.750,00|
|28/04/2021|R|119.990,00|119.990,00|119.990,00|119.990,00|3|45|5.399.550,00|
|29/04/2021|R|119.990,00|100.000,00|120.000,00|100.000,00|2|1.241|124.220.000,00|
|30/04/2021|R|100.000,00|118.990,00|119.990,00|118.990,00|7|798|95.089.530,00|
|04/05/2021|R|118.990,00|125.000,00|125.000,00|125.000,00|1|78|9.750.000,00|
|06/05/2021|R|125.000,00|149.000,00|149.000,00|149.000,00|2|550|81.950.000,00|
|07/05/2021|R|149.000,00|178.000,00|178.000,00|150.000,00|5|747|130.306.000,00|
|10/05/2021|R|178.000,00|213.000,00|213.000,00|213.000,00|4|402|85.626.000,00|
|11/05/2021|R|213.000,00|200.000,00|213.000,00|200.000,00|3|72|14.790.000,00|
|13/05/2021|R|200.000,00|160.000,00|170.000,00|160.000,00|7|26.079|4.433.340.000,00|
|14/05/2021|R|160.000,00|160.000,00|191.000,00|160.000,00|6|1.373|232.103.000,00|
|17/05/2021|R|160.000,00|162.000,00|162.000,00|160.000,00|5|380|61.400.000,00|
|18/05/2021|R|162.000,00|191.000,00|191.000,00|160.000,00|6|1.273|205.138.350,00|
|19/05/2021|R|191.000,00|160.000,00|160.000,00|140.000,00|6|20.610|2.887.250.000,00|
|20/05/2021|R|160.000,00|159.990,00|159.990,00|159.990,00|2|110|17.598.900,00|
|21/05/2021|R|159.990,00|140.000,00|159.990,00|140.000,00|5|496|74.877.280,00|
|25/05/2021|R|140.000,00|140.000,00|140.000,00|140.000,00|3|136|19.040.000,00|
|26/05/2021|R|140.000,00|140.000,00|154.990,00|140.000,00|3|177|26.668.740,00|
|27/05/2021|R|140.000,00|112.050,00|130.000,00|112.050,00|2|270|34.741.000,00|
|28/05/2021|R|112.050,00|112.050,00|130.000,00|112.050,00|4|3.044|341.870.000,00|
|31/05/2021|R|112.050,00|112.000,00|112.000,00|112.000,00|7|3.412|382.144.000,00|
|01/06/2021|R|112.000,00|95.000,00|105.000,00|95.000,00|9|72.495|7.374.200.000,00|
|02/06/2021|R|95.000,00|95.000,00|95.000,00|95.000,00|8|6.640|630.800.000,00|
|03/06/2021|R|95.000,00|100.000,00|100.000,00|81.000,00|5|665|66.310.000,00|
|04/06/2021|R|100.000,00|101.000,00|101.000,00|95.000,00|5|43.125|4.099.525.000,00|
|07/06/2021|R|101.000,00|100.000,00|101.000,00|100.000,00|3|1.120|112.250.000,00|
|08/06/2021|R|100.000,00|110.000,00|110.000,00|110.000,00|3|125|13.750.000,00|
|09/06/2021|R|110.000,00|100.000,00|100.000,00|100.000,00|1|100|10.000.000,00|
|10/06/2021|R|100.000,00|100.000,00|100.000,00|100.000,00|3|960|96.000.000,00|
|11/06/2021|R|100.000,00|100.000,00|108.990,00|108.990,00|3|19|2.070.810,00|
|15/06/2021|R|100.000,00|95.000,00|100.000,00|95.000,00|3|63.010|5.986.000.000,00|
|16/06/2021|R|95.000,00|95.000,00|110.000,00|110.000,00|1|16|1.760.000,00|
|18/06/2021|R|95.000,00|95.000,00|95.000,00|95.000,00|1|733|69.635.000,00|
|21/06/2021|R|95.000,00|95.000,00|95.000,00|95.000,00|2|250|23.750.000,00|
|22/06/2021|R|95.000,00|95.000,00|95.000,00|95.000,00|1|14|1.330.000,00|
|23/06/2021|R|95.000,00|95.000,00|0,00|0,00|1|30|2.850.000,00|
|25/06/2021|R|95.000,00|90.000,00|95.000,00|90.000,00|3|56.177|5.056.020.000,00|
|29/06/2021|R|90.000,00|90.000,00|90.000,00|90.000,00|1|90|8.100.000,00|
|01/07/2021|R|90.000,00|90.000,00|0,00|0,00|1|144|12.960.000,00|
|02/07/2021|R|90.000,00|82.000,00|90.000,00|82.000,00|7|2.915|239.072.500,00|
|06/07/2021|R|82.000,00|82.000,00|82.000,00|82.000,00|5|3.125|256.250.000,00|
|07/07/2021|R|82.000,00|82.000,00|82.000,00|82.000,00|7|4.191|337.662.000,00|
|08/07/2021|R|82.000,00|80.000,00|82.000,00|80.000,00|5|648|52.582.000,00|
|13/07/2021|R|80.000,00|90.000,00|90.000,00|90.000,00|1|89|8.010.000,00|
|14/07/2021|R|90.000,00|90.000,00|90.000,00|90.000,00|4|102|9.180.000,00|
|15/07/2021|R|90.000,00|95.000,00|95.000,00|95.000,00|6|1.230|116.850.000,00|
|19/07/2021|R|95.000,00|85.000,00|85.000,00|85.000,00|5|15.400|1.309.000.000,00|
|22/07/2021|R|85.000,00|84.000,00|84.000,00|84.000,00|2|2.530|212.520.000,00|
|23/07/2021|R|84.000,00|90.000,00|90.000,00|84.000,00|2|103|9.252.000,00|
|26/07/2021|R|90.000,00|90.000,00|90.000,00|90.000,00|3|90|8.130.000,00|
|27/07/2021|R|90.000,00|90.000,00|95.000,00|95.000,00|1|13|1.235.000,00|
|29/07/2021|R|90.000,00|90.000,00|90.000,00|90.000,00|1|10|900.000,00|
|02/08/2021|R|90.000,00|86.900,00|89.990,00|72.010,00|7|4.594|340.331.960,00|
|03/08/2021|R|86.900,00|80.000,00|84.990,00|80.000,00|3|146|11.699.960,00|
|04/08/2021|R|80.000,00|75.000,00|75.000,00|75.000,00|5|3.850|289.000.000,00|
|05/08/2021|R|75.000,00|70.000,00|75.000,00|70.000,00|7|25.105|1.758.000.000,00|
|06/08/2021|R|70.000,00|70.000,00|70.000,00|70.000,00|8|2.801|196.070.000,00|
|09/08/2021|R|70.000,00|70.000,00|70.000,00|70.000,00|5|1.046|73.220.000,00|
|10/08/2021|R|70.000,00|70.000,00|70.000,00|70.000,00|1|500|35.000.000,00|































 
      


























