  


|07/01/2013|R|380,00|305,00|305,00|305,00|1|10|3.050,00|
|09/01/2013|R|305,00|380,00|380,00|380,00|1|55|20.900,00|
|17/01/2013|R|380,00|380,00|304,01|304,01|1|5|1.520,05|
|24/01/2013|R|380,00|320,01|400,00|320,01|4|32|12.000,10|
|13/02/2013|R|320,01|380,00|380,00|380,00|7|95|36.100,00|
|14/02/2013|R|380,00|400,00|400,00|380,00|2|171|66.580,00|
|12/03/2013|R|400,00|450,00|450,00|450,00|1|15|6.750,00|
|13/03/2013|R|450,00|500,00|500,00|500,00|1|158|79.000,00|
|14/05/2013|R|500,00|599,00|599,00|599,00|1|15|8.985,00|
|17/05/2013|R|599,00|718,00|718,00|718,00|1|5|3.590,00|
|10/06/2013|R|718,00|718,00|718,00|718,00|1|200|143.600,00|
|19/06/2013|R|718,00|718,00|718,00|718,00|1|135|96.930,00|
|21/08/2013|R|641,00|641,00|0,00|0,00|2|301|216.118,00|
|18/09/2013|R|641,00|641,00|0,00|0,00|1|25|22.500,00|
|20/09/2013|R|641,00|769,20|769,20|769,20|3|208|159.993,60|
|24/09/2013|R|769,20|923,04|923,04|923,04|2|240|227.033,90|
|01/10/2013|R|923,04|923,04|0,00|0,00|1|30|33.229,20|
|12/02/2014|R|923,04|1.108,00|1.108,00|1.108,00|1|7|7.756,00|
|25/02/2014|R|1.108,00|1.405,00|1.405,00|1.405,00|1|110|154.550,00|
|26/03/2014|R|1.405,00|1.405,00|1.405,00|1.405,00|2|184|258.520,00|
|27/03/2014|R|1.405,00|1.405,00|0,00|0,00|1|20|33.720,00|
|23/04/2014|R|1.405,00|1.500,00|1.500,00|1.500,00|1|60|90.000,00|
|24/04/2014|R|1.500,00|1.500,00|1.500,00|1.500,00|1|24|36.000,00|
|28/04/2014|R|1.500,00|1.686,00|1.686,00|1.686,00|2|151|276.070,00|
|18/06/2014|R|1.686,00|1.400,00|1.400,00|1.400,00|1|16|22.400,00|
|30/06/2014|R|1.400,00|1.400,00|0,00|0,00|1|33|52.800,00|
|06/08/2014|R|1.400,00|1.120,01|1.120,01|1.120,01|1|5|5.600,05|
|04/12/2014|R|1.022,01|1.226,40|1.226,40|1.226,40|1|8|9.811,20|
|10/09/2015|R|1.226,40|1.750,00|1.750,00|1.750,00|1|25|43.750,00|
|08/10/2015|R|1.750,00|1.750,00|0,00|0,00|1|42|105.840,00|
|25/04/2016|R|1.750,00|1.626,00|0,00|0,00|2|4|7.804,80|
|29/08/2016|R|1.421,00|1.950,00|1.950,00|1.950,00|1|10|19.500,00|
|30/08/2016|R|1.950,00|2.340,00|2.340,00|2.340,00|1|6|14.040,00|
|14/09/2016|R|2.340,00|2.800,00|2.800,00|2.800,00|2|4|11.200,00|
|19/09/2016|R|2.800,00|3.360,00|3.360,00|3.360,00|1|4|13.440,00|
|20/09/2016|R|3.360,00|4.030,00|4.030,00|4.030,00|1|4|16.120,00|
|27/09/2016|R|4.030,00|4.030,00|4.830,00|4.830,00|1|1|4.830,00|
|04/10/2016|R|4.030,00|4.030,00|4.830,00|4.830,00|1|2|9.660,00|
|13/10/2016|R|4.030,00|4.840,00|4.840,00|4.840,00|1|4|19.360,00|
|14/10/2016|R|4.840,00|5.800,00|5.800,00|5.800,00|1|100|580.000,00|
|17/10/2016|R|5.800,00|6.900,00|6.900,00|6.900,00|1|5|34.500,00|
|18/10/2016|R|6.900,00|8.200,00|8.200,00|8.200,00|1|10|82.000,00|
|19/10/2016|R|8.200,00|9.800,00|9.800,00|9.800,00|2|20|196.000,00|
|20/10/2016|R|9.800,00|11.700,00|11.700,00|11.700,00|1|16|187.200,00|
|21/10/2016|R|11.700,00|14.000,00|14.000,00|14.000,00|1|12|168.000,00|
|24/10/2016|R|14.000,00|16.800,00|16.800,00|16.800,00|1|9|151.200,00|
|25/10/2016|R|16.595,00|23.890,00|23.890,00|20.160,00|2|16|356.130,00|
|26/10/2016|R|23.890,00|28.600,00|28.600,00|28.500,00|3|32|912.500,00|
|27/10/2016|R|28.600,00|34.000,00|34.000,00|34.000,00|2|12|408.000,00|
|08/11/2016|R|34.000,00|27.200,00|27.200,00|27.200,00|1|2|54.400,00|
|09/11/2016|R|27.200,00|30.000,00|30.000,00|30.000,00|1|39|1.170.000,00|
|10/11/2016|R|30.000,00|36.000,00|36.000,00|35.950,00|2|49|1.761.800,00|
|11/11/2016|R|36.000,00|43.000,00|43.000,00|40.000,00|2|8|335.000,00|
|16/11/2016|R|43.000,00|40.000,00|40.000,00|40.000,00|1|2|80.000,00|
|17/11/2016|R|40.000,00|43.000,00|43.000,00|40.000,00|5|98|4.211.000,00|
|21/11/2016|R|43.000,00|50.000,00|50.000,00|50.000,00|1|1|50.000,00|
|22/11/2016|R|50.000,00|49.950,00|49.950,00|49.950,00|1|1|49.950,00|
|24/11/2016|R|49.950,00|49.000,00|49.000,00|48.000,00|2|47|2.263.000,00|
|28/11/2016|R|49.000,00|49.950,00|49.950,00|49.950,00|1|18|899.100,00|
|06/12/2016|R|49.950,00|50.000,00|50.000,00|49.900,00|4|51|2.549.900,00|
|07/12/2016|R|50.000,00|51.000,00|51.000,00|50.000,00|2|21|1.051.000,00|
|15/12/2016|R|51.000,00|50.000,00|50.000,00|50.000,00|1|1|50.000,00|
|16/12/2016|R|50.000,00|50.000,00|50.000,00|50.000,00|1|1|50.000,00|
|28/12/2016|R|50.000,00|50.000,00|50.000,00|50.000,00|2|12|600.000,00|
|31/01/2017|R|50.000,00|50.000,00|50.000,00|50.000,00|1|95|4.750.000,00|
|02/02/2017|R|50.000,00|50.000,00|50.000,00|49.995,00|4|156|7.799.750,00|
|03/02/2017|R|50.000,00|50.000,00|50.000,00|50.000,00|2|43|2.150.000,00|
|09/02/2017|R|50.000,00|51.000,00|51.000,00|51.000,00|3|93|4.743.000,00|
|10/02/2017|R|51.000,00|52.000,00|52.000,00|52.000,00|1|10|520.000,00|
|16/02/2017|R|52.000,00|54.000,00|54.000,00|54.000,00|1|8|432.000,00|
|21/02/2017|R|54.000,00|56.000,00|56.000,00|56.000,00|1|2|112.000,00|
|23/02/2017|R|56.000,00|56.000,00|56.000,00|56.000,00|1|2|112.000,00|
|03/03/2017|R|56.000,00|56.000,00|56.000,00|56.000,00|1|4|224.000,00|
|06/03/2017|R|56.000,00|58.000,00|58.000,00|58.000,00|1|7|406.000,00|
|05/04/2017|R|58.000,00|60.000,00|60.000,00|60.000,00|3|100|6.000.000,00|
|07/04/2017|R|60.000,00|62.000,00|62.000,00|62.000,00|2|100|6.200.000,00|
|11/04/2017|R|62.000,00|74.000,00|74.000,00|74.000,00|1|5|370.000,00|
|26/04/2017|R|74.000,00|84.000,00|88.000,00|70.000,00|6|104|7.452.000,00|
|28/04/2017|R|84.000,00|90.000,00|90.000,00|71.000,00|2|12|890.000,00|
|15/05/2017|R|90.000,00|107.000,00|107.000,00|107.000,00|1|39|4.173.000,00|
|16/05/2017|R|107.000,00|107.000,00|107.000,00|107.000,00|1|50|5.350.000,00|
|19/05/2017|R|107.000,00|107.000,00|107.000,00|107.000,00|2|40|4.280.000,00|
|24/05/2017|R|107.000,00|107.000,00|107.000,00|107.000,00|2|2|214.000,00|
|21/06/2017|R|107.000,00|107.000,00|107.000,00|107.000,00|1|37|3.959.000,00|
|26/06/2017|R|107.000,00|120.000,00|120.000,00|120.000,00|1|40|4.800.000,00|
|29/06/2017|R|120.000,00|135.000,00|135.000,00|135.000,00|1|35|4.725.000,00|
|30/06/2017|R|135.000,00|140.000,00|140.000,00|140.000,00|1|4|560.000,00|
|04/07/2017|R|140.000,00|140.000,00|140.000,00|140.000,00|1|3|420.000,00|
|07/07/2017|R|140.000,00|140.000,00|140.000,00|140.000,00|2|2|280.000,00|
|13/07/2017|R|140.000,00|140.000,00|140.000,00|140.000,00|1|1|140.000,00|
|14/07/2017|R|140.000,00|140.000,00|140.000,00|140.000,00|1|6|840.000,00|
|18/07/2017|R|140.000,00|140.000,00|140.000,00|135.000,00|2|30|4.100.000,00|
|19/07/2017|R|140.000,00|140.000,00|140.000,00|140.000,00|1|3|420.000,00|
|28/07/2017|R|140.000,00|140.000,00|140.000,00|140.000,00|1|2|280.000,00|
|31/07/2017|R|140.000,00|145.000,00|145.000,00|140.000,00|2|12|1.690.000,00|
|04/08/2017|R|145.000,00|155.000,00|155.000,00|145.000,00|4|118|17.710.000,00|
|07/08/2017|R|155.000,00|155.500,00|155.500,00|155.500,00|3|160|24.880.000,00|
|08/08/2017|R|155.500,00|156.000,00|156.000,00|156.000,00|1|100|15.600.000,00|
|22/08/2017|R|156.000,00|156.000,00|156.000,00|156.000,00|1|44|6.864.000,00|
|28/08/2017|R|156.000,00|160.000,00|160.000,00|160.000,00|3|95|15.200.000,00|
|31/08/2017|R|160.000,00|160.000,00|160.000,00|160.000,00|4|115|18.400.000,00|
|01/09/2017|R|160.000,00|165.000,00|165.000,00|160.000,00|3|202|32.330.000,00|
|04/09/2017|R|165.000,00|161.000,00|161.000,00|161.000,00|9|715|115.115.000,00|
|05/09/2017|R|161.000,00|162.000,00|162.000,00|162.000,00|8|1.075|174.150.000,00|
|06/09/2017|R|162.000,00|165.000,00|165.000,00|163.000,00|2|101|16.465.000,00|
|07/09/2017|R|165.000,00|166.000,00|166.000,00|165.000,00|5|537|89.105.000,00|
|08/09/2017|R|166.000,00|170.000,00|170.000,00|167.000,00|5|390|65.450.000,00|
|12/09/2017|R|170.000,00|185.000,00|185.000,00|172.000,00|9|1.360|245.015.000,00|
|13/09/2017|R|185.000,00|195.000,00|195.000,00|190.000,00|2|95|18.325.000,00|
|14/09/2017|R|195.000,00|200.000,00|200.000,00|200.000,00|2|122|24.400.000,00|
|15/09/2017|R|200.000,00|200.000,00|200.000,00|200.000,00|3|140|28.000.000,00|
|18/09/2017|R|200.000,00|201.000,00|201.000,00|201.000,00|5|482|96.882.000,00|
|19/09/2017|R|201.000,00|240.000,00|240.000,00|240.000,00|2|80|19.200.000,00|
|20/09/2017|R|240.000,00|287.500,00|287.500,00|280.000,00|2|90|25.575.000,00|
|26/09/2017|R|287.500,00|320.000,00|320.000,00|320.000,00|1|40|12.800.000,00|
|28/09/2017|R|320.000,00|360.000,00|360.000,00|360.000,00|1|40|14.400.000,00|
|29/09/2017|R|360.000,00|400.000,00|400.000,00|400.000,00|2|17|6.800.000,00|
|02/10/2017|R|400.000,00|400.000,00|400.000,00|400.000,00|2|73|29.200.000,00|
|04/10/2017|R|400.000,00|400.000,00|400.000,00|400.000,00|1|20|8.000.000,00|
|06/10/2017|R|400.000,00|400.000,00|0,00|0,00|1|10|4.600.000,00|
|11/10/2017|R|400.000,00|400.000,00|400.000,00|400.000,00|1|5|2.000.000,00|
|24/10/2017|R|398.090,00|400.000,00|400.000,00|400.000,00|3|850|340.000.000,00|
|26/10/2017|R|400.000,00|400.000,00|400.000,00|400.000,00|1|17|6.800.000,00|
|16/11/2017|R|400.000,00|400.000,00|400.000,00|400.000,00|1|50|20.000.000,00|
|20/11/2017|R|400.000,00|400.000,00|400.000,00|400.000,00|1|9|3.600.000,00|
|29/11/2017|R|400.000,00|400.000,00|400.000,00|400.000,00|1|2|800.000,00|
|30/11/2017|R|400.000,00|420.000,00|420.000,00|409.000,00|3|90|37.290.000,00|
|01/12/2017|R|420.000,00|480.000,00|480.000,00|430.000,00|6|240|109.800.000,00|
|04/12/2017|R|480.000,00|480.000,00|480.000,00|480.000,00|1|25|12.000.000,00|
|06/12/2017|R|480.000,00|560.000,00|560.000,00|560.000,00|1|40|22.400.000,00|
|07/12/2017|R|560.000,00|640.000,00|640.000,00|640.000,00|4|160|102.400.000,00|
|12/12/2017|R|640.000,00|650.000,00|650.000,00|650.000,00|2|5|3.250.000,00|
|15/12/2017|R|650.000,00|650.000,00|650.000,00|650.000,00|1|280|182.000.000,00|
|21/12/2017|R|650.000,00|680.000,00|680.000,00|680.000,00|1|2|1.360.000,00|
|02/01/2018|R|680.000,00|720.000,00|720.000,00|680.000,00|3|78|54.640.000,00|
|04/01/2018|R|720.000,00|760.000,00|760.000,00|760.000,00|1|40|30.400.000,00|
|08/01/2018|R|760.000,00|800.000,00|800.000,00|760.000,00|2|135|104.200.000,00|
|09/01/2018|R|800.000,00|900.000,00|900.000,00|850.000,00|4|222|190.700.000,00|
|11/01/2018|R|900.000,00|1.000.000,00|1.000.000,00|1.000.000,00|5|721|721.000.000,00|
|12/01/2018|R|1.000.000,00|1.200.000,00|1.200.000,00|1.200.000,00|1|40|48.000.000,00|
|16/01/2018|R|1.200.000,00|1.400.000,00|1.400.000,00|1.280.000,00|6|113|149.440.000,00|
|17/01/2018|R|1.400.000,00|1.600.000,00|1.600.000,00|1.600.000,00|4|40|64.000.000,00|
|18/01/2018|R|1.600.000,00|1.800.000,00|1.800.000,00|1.600.000,00|5|48|84.800.000,00|
|19/01/2018|R|1.800.000,00|2.000.000,00|2.000.000,00|2.000.000,00|5|40|80.000.000,00|
|23/01/2018|R|2.000.000,00|2.400.010,00|2.400.010,00|2.379.500,00|8|94|225.395.100,10|
|24/01/2018|R|2.400.010,00|2.800.000,00|2.800.000,00|2.800.000,00|2|90|252.000.000,00|
|25/01/2018|R|2.800.000,00|3.200.000,00|3.200.000,00|3.200.000,00|2|2|6.400.000,00|
|26/01/2018|R|3.200.000,00|3.200.000,00|3.200.000,00|3.200.000,00|3|23|73.600.000,00|
|29/01/2018|R|3.200.000,00|3.600.000,00|3.600.000,00|3.600.000,00|4|433|1.558.800.000,00|
|01/02/2018|R|3.600.000,00|4.000.000,00|4.000.000,00|4.000.000,00|1|1|4.000.000,00|
|06/02/2018|R|4.000.000,00|3.700.000,00|3.700.000,00|3.700.000,00|1|4|14.800.000,00|
|23/02/2018|R|3.700.000,00|3.700.000,00|3.700.000,00|3.700.000,00|2|122|451.400.000,00|
|06/03/2018|R|3.700.000,00|4.000.000,00|4.000.000,00|4.000.000,00|2|89|356.000.000,00|
|07/03/2018|R|4.000.000,00|4.000.000,00|4.000.000,00|4.000.000,00|1|31|124.000.000,00|
|14/03/2018|R|4.000.000,00|4.200.000,00|4.200.000,00|4.000.000,00|5|44|182.160.000,00|
|26/03/2018|R|4.200.000,00|4.000.000,00|4.000.000,00|4.000.000,00|1|13|52.000.000,00|
|02/04/2018|R|4.000.000,00|4.000.000,00|4.000.000,00|4.000.000,00|1|50|200.000.000,00|
|03/04/2018|R|4.000.000,00|4.150.000,00|4.150.000,00|4.150.000,00|3|4|16.600.000,00|
|04/04/2018|R|4.150.000,00|4.500.000,00|4.500.000,00|4.300.000,00|4|90|393.000.000,00|
|06/04/2018|R|4.500.000,00|5.350.000,00|5.350.000,00|4.600.000,00|9|119|578.650.000,00|
|09/04/2018|R|5.350.000,00|5.950.000,00|5.950.000,00|5.950.000,00|2|48|285.600.000,00|
|10/04/2018|R|5.950.000,00|7.000.000,00|7.000.000,00|5.950.000,00|3|45|292.500.000,00|
|11/04/2018|R|7.000.000,00|7.700.000,00|7.700.000,00|7.200.000,00|6|226|1.652.200.000,00|
|12/04/2018|R|7.700.000,00|9.200.000,00|9.200.000,00|9.000.000,00|4|28|254.600.000,00|
|13/04/2018|R|9.200.000,00|10.800.000,00|10.800.000,00|10.000.000,00|2|19|193.200.000,00|
|16/04/2018|R|10.800.000,00|11.000.000,00|11.000.000,00|11.000.000,00|1|200|2.200.000.000,00|
|20/04/2018|R|11.000.000,00|12.000.000,00|12.000.000,00|12.000.000,00|1|4|48.000.000,00|
|23/04/2018|R|12.000.000,00|13.200.000,00|13.200.000,00|12.000.000,00|4|70|842.400.000,00|
|25/04/2018|R|13.200.000,00|11.500.000,00|11.500.000,00|11.500.000,00|1|7|80.500.000,00|
|26/04/2018|R|11.500.000,00|11.500.000,00|0,00|0,00|1|3|36.000.000,00|
|02/05/2018|R|11.500.000,00|13.200.000,00|13.200.000,00|13.200.000,00|2|5|66.000.000,00|
|03/05/2018|R|13.200.000,00|11.000.000,00|11.000.000,00|11.000.000,00|1|5|55.000.000,00|
|04/05/2018|R|11.000.000,00|10.500.000,00|10.500.000,00|10.500.000,00|2|13|136.500.000,00|
|07/05/2018|R|10.500.000,00|8.400.010,00|8.400.010,00|8.400.010,00|1|1|8.400.010,00|
|08/05/2018|R|8.400.010,00|10.000.000,00|10.000.000,00|10.000.000,00|1|10|100.000.000,00|
|09/05/2018|R|10.000.000,00|10.500.000,00|10.500.000,00|10.000.000,00|4|84|871.000.000,00|
|11/05/2018|R|10.500.000,00|11.000.000,00|11.000.000,00|10.900.000,00|4|121|1.329.800.000,00|
|15/05/2018|R|11.000.000,00|11.000.000,00|11.000.000,00|11.000.000,00|3|103|1.133.000.000,00|
|16/05/2018|R|11.000.000,00|12.000.000,00|12.000.000,00|11.500.000,00|3|111|1.279.000.000,00|
|17/05/2018|R|12.000.000,00|12.600.000,00|12.600.000,00|12.600.000,00|3|23|289.800.000,00|
|18/05/2018|R|12.600.000,00|12.600.000,00|12.600.000,00|12.600.000,00|2|77|970.200.000,00|
|22/05/2018|R|12.600.000,00|13.100.000,00|13.100.000,00|13.100.000,00|2|6|78.600.000,00|
|23/05/2018|R|13.100.000,00|12.700.000,00|13.700.000,00|12.700.000,00|2|13|168.100.000,00|
|24/05/2018|R|12.700.000,00|12.700.000,00|12.700.000,00|12.700.000,00|3|76|966.700.000,00|
|25/05/2018|R|12.700.000,00|14.400.000,00|14.400.000,00|13.800.000,00|2|11|155.400.000,00|
|28/05/2018|R|14.400.000,00|14.400.000,00|14.400.000,00|14.400.000,00|1|9|129.600.000,00|
|01/06/2018|R|14.400.000,00|15.800.000,00|15.800.000,00|12.000.000,00|2|11|135.800.000,00|
|05/06/2018|R|15.800.000,00|15.800.000,00|15.800.000,00|15.800.000,00|1|4|63.200.000,00|
|06/06/2018|R|15.800.000,00|16.000.000,00|16.000.000,00|16.000.000,00|1|10|160.000.000,00|
|07/06/2018|R|16.000.000,00|17.000.000,00|17.000.000,00|17.000.000,00|1|15|255.000.000,00|
|08/06/2018|R|17.000.000,00|17.000.000,00|17.000.000,00|17.000.000,00|1|10|170.000.000,00|
|11/06/2018|R|17.000.000,00|18.000.000,00|18.000.000,00|18.000.000,00|1|15|270.000.000,00|
|12/06/2018|R|18.000.000,00|18.100.000,00|18.100.000,00|18.100.000,00|1|20|362.000.000,00|
|14/06/2018|R|18.100.000,00|20.000.000,00|20.000.000,00|19.000.000,00|2|30|585.000.000,00|
|18/06/2018|R|20.000.000,00|24.000.000,00|24.000.000,00|21.800.000,00|6|55|1.244.400.000,00|
|21/06/2018|R|24.000.000,00|28.000.000,00|28.000.000,00|28.000.000,00|1|15|420.000.000,00|
|25/06/2018|R|28.000.000,00|30.500.000,00|31.000.000,00|28.000.000,00|4|20|586.500.000,00|
|26/06/2018|R|30.500.000,00|32.000.000,00|32.000.000,00|32.000.000,00|1|15|480.000.000,00|
|27/06/2018|R|32.000.000,00|36.000.000,00|36.000.000,00|32.000.000,00|5|42|1.423.000.000,00|
|28/06/2018|R|36.000.000,00|40.000.000,00|40.000.000,00|40.000.000,00|1|5|200.000.000,00|
|29/06/2018|R|40.000.000,00|40.000.000,00|40.000.000,00|40.000.000,00|1|1|40.000.000,00|
|03/07/2018|R|40.000.000,00|55.000.000,00|55.000.000,00|48.000.000,00|2|15|790.000.000,00|
|04/07/2018|R|55.000.000,00|64.000.000,00|64.000.000,00|64.000.000,00|2|5|320.000.000,00|
|06/07/2018|R|64.000.000,00|72.000.000,00|72.000.000,00|72.000.000,00|2|259|16.616.000.000,00|
|09/07/2018|R|72.000.000,00|72.000.000,00|77.000.000,00|72.000.000,00|5|80|5.793.500.000,00|
|10/07/2018|R|72.000.000,00|75.000.000,00|75.000.000,00|75.000.000,00|1|5|375.000.000,00|
|13/07/2018|R|75.000.000,00|80.400.000,00|80.400.000,00|80.400.000,00|2|11|884.400.000,00|
|16/07/2018|R|80.400.000,00|80.400.000,00|80.400.000,00|80.400.000,00|2|2|160.800.000,00|
|17/07/2018|R|80.400.000,00|85.000.000,00|95.000.000,00|80.400.000,00|4|22|1.892.400.000,00|
|19/07/2018|R|85.000.000,00|85.000.000,00|85.000.000,00|85.000.000,00|3|36|3.060.000.000,00|
|25/07/2018|R|85.000.000,00|85.000.000,00|0,00|0,00|1|2|170.000.000,00|
|26/07/2018|R|85.000.000,00|85.000.000,00|85.000.000,00|85.000.000,00|3|31|2.635.000.000,00|
|27/07/2018|R|85.000.000,00|85.000.000,00|85.000.000,00|85.000.000,00|2|8|680.000.000,00|
|30/07/2018|R|85.000.000,00|85.000.000,00|85.000.000,00|85.000.000,00|4|48|4.080.000.000,00|
|01/08/2018|R|85.000.000,00|100.000.000,00|100.000.000,00|90.000.000,00|6|15|1.440.000.000,00|
|02/08/2018|R|100.000.000,00|102.000.000,00|102.000.000,00|102.000.000,00|3|25|2.910.000.000,00|
|03/08/2018|R|102.000.000,00|120.000.000,00|120.000.000,00|120.000.000,00|2|11|1.170.000.000,00|
|06/08/2018|R|120.000.000,00|140.000.000,00|140.000.000,00|140.000.000,00|2|8|1.132.000.000,00|
|07/08/2018|R|140.000.000,00|190.000.000,00|190.000.000,00|168.000.000,00|12|78|13.468.000.000,00|
|08/08/2018|R|190.000.000,00|200.000.000,00|200.000.000,00|200.000.000,00|11|45|9.000.000.000,00|
|09/08/2018|R|200.000.000,00|220.000.000,00|240.000.000,00|220.000.000,00|14|38|8.420.000.000,00|
|10/08/2018|R|220.000.000,00|210.000.000,00|240.000.000,00|210.000.000,00|5|11|2.570.000.000,00|
|13/08/2018|R|210.000.000,00|229.990.000,00|230.000.000,00|220.000.000,00|4|8|1.819.980.000,00|
|14/08/2018|R|229.990.000,00|250.000.000,00|250.000.000,00|229.990.000,00|7|27|6.279.850.000,00|
|16/08/2018|R|250.000.000,00|300.000.000,00|300.000.000,00|250.000.000,00|4|20|5.100.000.000,00|
|21/08/2018|R|3.000,00|3.600,00|3.600,00|3.500,00|6|28|99.500,00|
|22/08/2018|R|3.600,00|6.220,80|6.220,80|4.300,00|7|16|82.069,60|
|23/08/2018|R|6.220,80|7.464,96|7.464,96|7.000,00|4|11|80.859,84|
|24/08/2018|R|7.464,96|7.565,00|7.565,00|7.565,00|1|1|7.565,00|
|05/09/2018|R|7.565,00|7.550,00|7.550,00|7.500,00|8|89|671.410,00|
|06/09/2018|R|7.550,00|7.550,00|7.550,00|7.550,00|1|20|151.000,00|
|07/09/2018|R|7.550,00|8.000,00|8.000,00|8.000,00|1|1|8.000,00|
|11/09/2018|R|8.000,00|8.000,00|8.000,00|8.000,00|3|10|80.000,00|
|14/09/2018|R|8.000,00|8.000,00|8.000,00|8.000,00|1|1|8.000,00|
|19/09/2018|R|8.000,00|5.200,00|6.300,00|5.200,00|3|4|23.000,00|
|20/09/2018|R|5.200,00|6.300,00|6.300,00|6.240,00|2|7|44.040,00|
|24/09/2018|R|6.300,00|6.500,00|6.500,00|6.500,00|1|1|6.500,00|
|25/09/2018|R|6.500,00|7.000,00|7.000,00|6.500,00|7|23|159.500,00|
|26/09/2018|R|7.000,00|7.000,00|7.000,00|7.000,00|8|28|196.000,00|
|27/09/2018|R|7.000,00|7.000,00|7.000,00|6.500,00|2|13|89.500,00|
|28/09/2018|R|7.000,00|7.500,00|7.500,00|7.500,00|1|20|150.000,00|
|01/10/2018|R|7.500,00|7.500,00|7.500,00|6.500,00|2|6|41.000,00|
|03/10/2018|R|7.500,00|7.100,00|7.100,00|7.100,00|1|1|7.100,00|
|18/10/2018|R|7.100,00|7.000,00|7.000,00|7.000,00|1|20|140.000,00|
|22/10/2018|R|7.000,00|6.500,00|7.000,00|6.500,00|2|2|13.500,00|
|01/11/2018|R|6.500,00|6.800,00|6.800,00|5.250,00|3|5|28.300,00|
|08/11/2018|R|6.800,00|7.000,00|7.000,00|7.000,00|1|1|7.000,00|
|12/11/2018|R|7.000,00|7.000,00|7.000,00|7.000,00|3|10|70.000,00|
|13/11/2018|R|7.000,00|7.800,00|7.800,00|7.400,00|6|20|152.100,00|
|16/11/2018|R|7.800,00|8.000,00|8.000,00|7.800,00|5|31|245.300,00|
|19/11/2018|R|8.000,00|8.000,00|8.000,00|8.000,00|1|6|48.000,00|
|20/11/2018|R|8.000,00|8.000,00|8.000,00|8.000,00|4|33|264.000,00|
|21/11/2018|R|8.000,00|7.000,00|7.000,00|7.000,00|3|22|154.000,00|
|22/11/2018|R|7.000,00|7.000,00|7.000,00|7.000,00|3|13|91.000,00|
|23/11/2018|R|7.000,00|5.605,00|5.605,00|5.605,00|1|9|50.445,00|
|27/11/2018|R|5.605,00|8.000,00|8.000,00|6.726,00|2|2|14.726,00|
|28/11/2018|R|8.000,00|8.200,00|8.200,00|8.200,00|1|5|41.000,00|
|29/11/2018|R|8.200,00|9.500,00|9.500,00|8.400,00|5|20|178.500,00|
|30/11/2018|R|9.500,00|11.000,00|11.000,00|11.000,00|2|6|66.000,00|
|05/12/2018|R|11.000,00|11.000,00|11.000,00|10.950,00|2|10|109.750,00|
|06/12/2018|R|11.000,00|10.950,00|10.950,00|10.950,00|3|6|65.700,00|
|07/12/2018|R|10.950,00|13.000,00|13.000,00|11.000,00|7|35|394.800,00|
|10/12/2018|R|13.000,00|18.500,01|18.500,01|15.000,00|4|26|428.600,10|
|11/12/2018|R|18.500,01|18.500,00|20.000,00|18.500,00|8|23|442.505,00|
|14/12/2018|R|18.500,00|18.500,00|18.500,00|18.000,00|3|57|1.026.500,00|
|17/12/2018|R|18.500,00|17.800,00|19.899,99|17.800,00|6|33|605.199,94|
|18/12/2018|R|17.800,00|18.000,00|18.000,00|18.000,00|4|14|252.000,00|
|19/12/2018|R|18.000,00|18.000,00|18.000,00|18.000,00|1|1|18.000,00|
|20/12/2018|R|18.000,00|18.000,00|18.000,00|18.000,00|2|2|36.000,00|
|21/12/2018|R|18.000,00|18.000,00|18.000,00|18.000,00|6|24|432.000,00|
|26/12/2018|R|18.000,00|17.000,00|18.000,00|17.000,00|2|8|138.000,00|
|27/12/2018|R|17.000,00|19.000,00|19.000,00|17.000,00|5|101|1.719.000,00|
|28/12/2018|R|19.000,00|22.750,00|22.750,00|20.000,00|14|96|2.038.750,00|
|02/01/2019|R|22.750,00|24.000,00|24.000,00|24.000,00|1|2|48.000,00|
|03/01/2019|R|24.000,00|34.560,00|34.560,00|24.000,00|8|22|606.560,00|
|04/01/2019|R|34.560,00|48.000,00|48.000,00|41.000,00|6|17|780.472,00|
|07/01/2019|R|48.000,00|69.000,00|69.000,00|57.000,00|7|18|1.087.200,00|
|08/01/2019|R|69.000,00|76.000,00|76.000,00|76.000,00|2|2|152.000,00|
|09/01/2019|R|76.000,00|80.000,00|80.000,00|75.000,00|10|37|2.939.995,00|
|10/01/2019|R|80.000,00|88.000,00|88.000,00|80.000,00|4|67|5.408.000,00|
|11/01/2019|R|88.000,00|91.000,00|91.000,00|90.000,00|7|82|7.400.000,00|
|14/01/2019|R|91.000,00|109.200,00|109.200,00|105.000,00|3|6|634.200,00|
|15/01/2019|R|570,64|1.183,00|1.183,00|821,71|5|50|53.567,60|
|16/01/2019|R|1.183,00|2.942,95|2.942,95|1.419,25|69|3.319|7.140.309,14|
|17/01/2019|R|2.942,95|2.450,00|3.500,00|2.450,00|20|251|832.887,00|
|18/01/2019|R|2.450,00|1.960,00|2.450,00|1.960,00|34|1.259|2.471.070,00|
|21/01/2019|R|1.960,00|1.960,00|1.960,00|1.960,00|12|656|1.285.760,00|
|22/01/2019|R|1.960,00|2.300,00|2.300,00|1.960,00|12|914|1.895.940,33|
|23/01/2019|R|2.300,00|2.759,00|2.759,00|2.250,00|3|8|21.054,00|
|24/01/2019|R|2.759,00|3.200,00|3.310,80|3.000,00|20|523|1.625.284,00|
|25/01/2019|R|3.200,00|3.300,00|3.400,00|3.300,00|8|282|939.500,00|
|28/01/2019|R|3.300,00|3.400,00|3.420,00|3.400,00|8|226|768.480,00|
|29/01/2019|R|3.400,00|4.050,00|4.050,00|3.600,00|12|126|480.300,00|
|30/01/2019|R|4.050,00|4.000,00|4.050,00|4.000,00|6|222|888.350,00|
|31/01/2019|R|4.000,00|3.250,00|4.000,00|3.250,00|2|8|30.500,00|
|01/02/2019|R|3.250,00|3.900,00|4.000,00|3.900,00|11|43|170.500,00|
|04/02/2019|R|3.900,00|3.885,00|3.900,00|3.885,00|2|19|73.830,00|
|05/02/2019|R|3.885,00|3.700,00|3.900,00|3.700,00|16|143|530.680,00|
|06/02/2019|R|3.700,00|3.300,00|3.800,00|3.300,00|9|139|465.700,00|
|07/02/2019|R|3.300,00|3.280,00|3.300,00|3.200,00|16|479|1.563.340,00|
|08/02/2019|R|3.280,00|2.900,00|3.250,00|2.900,00|6|176|533.000,00|
|11/02/2019|R|2.900,00|2.700,00|2.700,00|2.598,00|8|18|48.246,00|
|12/02/2019|R|2.700,00|2.598,00|2.598,00|2.598,00|2|5|12.990,00|
|14/02/2019|R|2.598,00|1.059,84|2.500,00|1.059,84|30|602|817.130,91|
|15/02/2019|R|1.059,84|895,00|1.200,00|880,00|27|1.556|1.444.175,00|
|18/02/2019|R|895,00|700,00|900,00|700,00|34|1.379|1.074.090,00|
|19/02/2019|R|700,00|678,00|700,00|650,00|30|2.612|1.772.417,00|
|20/02/2019|R|678,00|800,00|800,00|795,00|23|2.788|2.230.142,66|
|21/02/2019|R|800,00|910,00|920,00|860,00|26|3.135|2.755.900,00|
|22/02/2019|R|910,00|990,00|995,00|900,00|51|11.758|10.962.095,00|
|25/02/2019|R|990,00|989,00|989,98|949,00|18|1.136|1.081.444,20|
|26/02/2019|R|989,00|990,00|990,00|900,00|20|2.080|1.952.700,00|
|27/02/2019|R|990,00|1.050,00|1.050,00|990,00|22|7.742|7.972.810,00|
|06/03/2019|R|1.050,00|1.000,00|1.050,00|910,00|26|9.388|8.746.220,00|
|07/03/2019|R|1.000,00|955,00|1.050,00|910,00|14|1.815|1.752.095,00|
|14/03/2019|R|955,00|885,00|1.035,00|885,00|6|36|33.935,00|
|15/03/2019|R|885,00|900,00|955,00|900,00|20|2.008|1.808.960,00|
|18/03/2019|R|900,00|900,00|900,00|899,00|17|2.255|2.029.472,00|
|20/03/2019|R|900,00|810,00|900,00|810,00|22|8.020|6.877.718,00|
|21/03/2019|R|810,00|869,00|875,00|869,00|25|7.944|6.912.196,00|
|22/03/2019|R|869,00|859,95|869,00|859,95|12|1.290|1.114.886,35|
|25/03/2019|R|859,95|790,00|860,00|790,00|17|3.605|2.994.366,00|
|29/03/2019|R|790,00|785,00|791,00|785,00|12|1.640|1.293.594,00|
|01/04/2019|R|785,00|785,00|785,00|750,00|8|253|194.505,00|
|02/04/2019|R|785,00|700,00|784,00|700,00|11|698|489.692,00|
|03/04/2019|R|700,00|680,00|700,00|600,00|13|6.701|4.362.505,00|
|04/04/2019|R|680,00|620,00|680,00|620,00|22|3.083|1.978.314,00|
|05/04/2019|R|620,00|597,99|650,00|596,00|30|17.878|10.735.273,09|
|08/04/2019|R|597,99|598,00|715,00|598,00|16|1.462|894.368,00|
|09/04/2019|R|598,00|596,00|598,00|580,00|17|4.684|2.795.338,00|
|10/04/2019|R|596,00|598,00|598,00|596,00|7|1.944|1.160.064,00|
|11/04/2019|R|598,00|580,00|598,00|580,00|12|3.537|2.077.731,00|
|12/04/2019|R|580,00|609,00|610,00|569,00|26|12.416|7.194.685,00|
|22/04/2019|R|609,00|845,00|875,00|610,00|15|8.600|6.293.111,40|
|23/04/2019|R|845,00|845,00|845,00|844,00|33|16.375|13.836.805,00|
|24/04/2019|R|845,00|845,00|845,00|840,00|18|7.206|6.088.567,00|
|25/04/2019|R|845,00|835,00|900,00|810,00|12|3.372|2.824.970,00|
|26/04/2019|R|835,00|1.000,00|1.000,00|834,00|15|5.546|5.070.590,00|
|29/04/2019|R|1.000,00|1.100,00|1.198,00|1.000,00|9|2.889|3.131.692,00|
|02/05/2019|R|1.100,00|1.150,00|1.198,00|1.150,00|4|163|194.554,00|
|03/05/2019|R|1.150,00|1.140,00|1.175,00|1.000,00|8|1.822|1.911.400,00|
|08/05/2019|R|1.099,00|1.030,00|1.050,00|1.000,00|13|7.615|7.773.424,00|
|09/05/2019|R|1.030,00|1.090,00|1.100,00|825,00|13|5.005|5.206.360,00|
|10/05/2019|R|1.090,00|1.050,00|1.100,00|880,00|12|7.628|7.846.930,00|
|13/05/2019|R|1.050,00|1.100,00|1.150,00|1.100,00|3|68|75.700,00|
|14/05/2019|R|1.100,00|1.000,00|1.150,00|1.000,00|9|5.273|5.288.600,00|
|15/05/2019|R|1.000,00|900,00|1.000,00|900,00|4|95|90.500,00|
|16/05/2019|R|900,00|1.000,00|1.079,00|900,00|14|8.962|8.711.158,00|
|17/05/2019|R|1.000,00|1.000,00|1.010,00|1.000,00|8|3.038|3.042.150,00|
|28/05/2019|R|900,00|900,00|900,00|900,00|12|2.405|2.164.500,00|
|29/05/2019|R|900,00|900,00|1.079,00|900,00|11|4.501|4.051.079,00|
|30/05/2019|R|900,00|1.075,00|1.075,00|1.075,00|2|70|75.250,00|
|31/05/2019|R|1.075,00|1.000,00|1.074,00|1.000,00|3|68|63.592,00|
|04/06/2019|R|1.000,00|1.000,00|1.000,00|1.000,00|1|20|20.000,00|
|05/06/2019|R|1.000,00|1.000,00|1.000,00|950,00|5|217|206.800,00|
|06/06/2019|R|1.000,00|997,50|1.000,00|950,00|6|704|670.250,00|
|07/06/2019|R|997,50|950,00|990,00|950,00|3|59|56.250,00|
|10/06/2019|R|950,00|950,00|990,00|990,00|1|2|1.980,00|
|11/06/2019|R|950,00|950,00|950,00|950,00|3|15|14.250,00|
|12/06/2019|R|950,00|950,00|950,00|800,00|9|1.219|1.093.250,00|
|13/06/2019|R|950,00|950,00|950,00|900,00|5|2.722|2.475.900,00|
|14/06/2019|R|950,00|990,00|990,00|990,00|2|91|90.090,00|
|18/06/2019|R|990,00|1.000,00|1.000,00|950,00|3|14|13.920,00|
|19/06/2019|R|1.000,00|1.050,00|1.050,00|1.000,00|6|1.309|1.322.652,30|
|20/06/2019|R|1.050,00|1.050,00|1.050,00|1.050,00|5|255|267.750,00|
|21/06/2019|R|1.050,00|1.000,00|1.050,00|1.000,00|9|2.966|3.064.600,00|
|25/06/2019|R|1.000,00|1.020,00|1.070,00|1.020,00|3|127|130.080,00|
|26/06/2019|R|1.020,00|1.050,00|1.050,00|1.050,00|6|2.036|2.137.800,00|
|27/06/2019|R|1.050,00|1.020,00|1.050,00|1.020,00|4|985|1.022.680,00|
|28/06/2019|R|1.020,00|1.020,00|1.020,00|1.020,00|7|1.556|1.587.120,00|
|01/07/2019|R|1.020,00|1.100,00|1.100,00|1.099,00|9|3.129|3.441.800,00|
|02/07/2019|R|1.100,00|1.100,00|1.050,00|1.020,00|2|7|7.200,00|
|03/07/2019|R|1.100,00|1.000,00|1.100,00|1.000,00|5|1.592|1.592.200,00|
|04/07/2019|R|1.000,00|1.000,00|1.000,00|1.000,00|12|4.750|4.750.000,00|
|08/07/2019|R|1.000,00|1.000,00|1.050,00|1.000,00|9|2.309|2.412.510,00|
|09/07/2019|R|1.000,00|990,00|1.000,00|990,00|7|5.224|5.171.970,00|
|10/07/2019|R|990,00|1.000,00|1.000,00|980,00|6|831|829.400,00|
|11/07/2019|R|1.000,00|1.000,00|1.140,00|1.000,00|10|4.590|4.652.300,00|
|12/07/2019|R|1.000,00|1.000,00|1.140,00|1.000,00|5|2.260|2.264.200,00|
|15/07/2019|R|1.000,00|1.100,00|1.100,00|1.000,00|11|9.819|9.977.890,00|
|16/07/2019|R|1.100,00|1.100,00|1.140,00|1.140,00|3|1.852|1.852.280,00|
|17/07/2019|R|1.100,00|1.100,00|1.100,00|1.100,00|3|1.000|1.100.000,00|
|18/07/2019|R|1.100,00|1.180,00|1.210,00|1.110,00|10|3.351|3.979.580,00|
|19/07/2019|R|1.180,00|1.180,00|1.180,00|1.180,00|3|132|155.760,00|
|25/07/2019|R|1.180,00|1.250,00|1.250,00|1.200,01|10|1.290|1.561.220,48|
|26/07/2019|R|1.250,00|1.300,00|1.300,00|1.300,00|2|200|260.000,00|
|29/07/2019|R|1.300,00|1.300,00|1.400,00|1.300,00|8|973|1.355.900,00|
|30/07/2019|R|1.300,00|1.560,00|1.560,00|1.450,00|14|3.394|5.097.640,00|
|31/07/2019|R|1.560,00|1.560,00|1.872,00|1.500,00|8|431|672.384,00|
|01/08/2019|R|1.560,00|1.872,00|1.872,00|1.601,00|21|5.886|9.675.812,00|
|02/08/2019|R|1.872,00|2.245,00|2.245,00|2.000,00|9|769|1.603.725,00|
|05/08/2019|R|2.245,00|2.409,00|2.410,00|2.409,00|11|359|865.061,52|
|06/08/2019|R|2.409,00|2.610,00|2.610,00|2.410,00|20|11.469|28.158.890,00|
|07/08/2019|R|2.610,00|3.800,00|3.800,00|3.131,00|19|2.543|8.270.075,00|
|08/08/2019|R|3.800,00|3.698,00|4.559,00|3.500,00|17|696|2.729.575,00|
|09/08/2019|R|3.698,00|3.640,00|3.700,00|3.500,00|20|5.629|20.565.240,00|
|12/08/2019|R|3.640,00|3.700,00|3.800,00|3.502,00|14|2.360|8.633.534,00|
|13/08/2019|R|3.700,00|3.700,00|3.800,00|3.700,00|9|885|3.291.810,00|
|14/08/2019|R|3.700,00|3.700,00|4.250,00|3.700,00|9|198|768.700,00|
|15/08/2019|R|3.700,00|4.439,00|4.439,00|3.700,00|10|2.312|8.561.790,00|
|16/08/2019|R|4.439,00|3.900,00|4.439,00|3.900,00|14|5.062|20.142.252,00|
|20/08/2019|R|3.900,00|4.499,99|4.499,99|3.900,00|7|340|1.404.399,71|
|21/08/2019|R|4.499,99|4.500,00|4.800,00|4.500,00|18|2.231|10.348.900,00|
|22/08/2019|R|4.500,00|4.500,00|5.000,00|4.500,00|7|367|1.675.500,00|
|23/08/2019|R|4.500,00|4.500,00|4.700,00|4.500,00|9|2.200|10.318.000,00|
|26/08/2019|R|4.500,00|4.200,00|4.500,00|4.200,00|7|899|4.041.900,00|
|27/08/2019|R|4.200,00|4.200,00|4.200,00|4.200,00|6|1.886|7.921.200,00|
|28/08/2019|R|4.200,00|4.800,00|5.000,00|4.700,00|7|93|455.200,00|
|29/08/2019|R|4.800,00|4.600,00|4.800,00|4.600,00|8|282|1.299.600,00|
|30/08/2019|R|4.600,00|4.400,00|4.600,00|4.300,00|5|2.412|10.595.580,00|
|02/09/2019|R|4.400,00|4.450,00|4.450,00|4.450,00|9|141|627.450,00|
|03/09/2019|R|4.450,00|4.999,99|4.999,99|4.999,99|4|23|114.999,77|
|04/09/2019|R|4.999,99|4.800,00|4.999,99|4.800,00|6|2.381|11.504.996,19|
|05/09/2019|R|4.800,00|4.999,99|4.999,99|4.800,00|8|614|3.053.894,91|
|06/09/2019|R|4.999,99|4.500,00|4.500,00|4.500,00|3|220|990.000,00|
|11/09/2019|R|4.500,00|4.500,00|4.600,00|4.600,00|1|1|4.600,00|
|12/09/2019|R|4.500,00|4.500,00|4.600,00|4.500,00|3|57|257.300,00|
|17/09/2019|R|4.600,00|4.600,00|4.600,00|4.600,00|1|10|46.000,00|
|19/09/2019|R|4.600,00|4.600,00|4.500,00|4.500,00|1|2|9.000,00|
|24/09/2019|R|4.600,00|3.681,00|3.681,00|3.681,00|1|23|84.663,00|
|25/09/2019|R|3.681,00|3.700,00|3.700,00|3.700,00|5|89|329.300,00|
|26/09/2019|R|3.700,00|3.700,00|3.700,00|3.700,00|3|729|2.697.300,00|
|27/09/2019|R|3.700,00|3.650,00|3.700,00|3.650,00|3|66|243.900,00|
|30/09/2019|R|3.650,00|3.680,00|3.680,00|3.650,00|5|169|618.350,00|
|01/10/2019|R|3.680,00|3.690,00|3.700,00|3.690,00|4|185|684.300,00|
|02/10/2019|R|3.690,00|3.000,00|3.650,00|3.000,00|3|215|654.750,00|
|03/10/2019|R|3.000,00|3.200,00|3.599,00|3.200,00|7|443|1.467.193,00|
|04/10/2019|R|3.200,00|3.650,00|3.650,00|3.200,00|6|1.073|3.731.930,00|
|07/10/2019|R|3.650,00|3.639,00|3.649,00|3.639,00|2|105|383.095,00|
|08/10/2019|R|3.639,00|3.649,00|3.649,00|3.649,00|2|140|510.860,00|
|09/10/2019|R|3.649,00|3.650,00|3.650,00|3.150,00|5|693|2.210.350,00|
|10/10/2019|R|3.650,00|3.648,98|3.648,98|3.648,00|6|20|72.971,76|
|11/10/2019|R|3.648,98|3.695,00|3.700,00|3.600,00|8|1.268|4.643.064,36|
|14/10/2019|R|3.695,00|3.102,00|3.699,98|3.102,00|6|747|2.557.490,82|
|15/10/2019|R|3.102,00|3.200,00|3.699,98|3.151,00|9|971|3.115.093,40|
|16/10/2019|R|3.200,00|3.599,00|3.599,00|3.200,00|3|77|265.153,00|
|17/10/2019|R|3.599,00|3.025,00|3.025,00|3.025,00|1|194|586.850,00|
|18/10/2019|R|3.025,00|3.025,00|3.600,00|3.600,00|1|5|18.000,00|
|21/10/2019|R|3.025,00|3.625,00|3.625,00|3.499,00|2|17|61.373,00|
|22/10/2019|R|3.625,00|3.100,00|3.495,00|3.100,00|3|147|467.550,00|
|23/10/2019|R|3.100,00|3.001,00|3.300,00|3.001,00|2|181|548.563,00|
|24/10/2019|R|3.001,00|3.495,00|3.495,00|3.495,00|3|647|2.261.265,00|
|25/10/2019|R|3.495,00|3.499,00|3.499,00|3.350,00|3|190|648.420,00|
|28/10/2019|R|3.499,00|3.002,00|3.625,00|3.002,00|5|608|1.995.718,00|
|29/10/2019|R|3.002,00|3.600,00|3.600,00|3.300,00|14|4.235|14.600.481,00|
|30/10/2019|R|3.600,00|3.490,00|3.490,00|3.489,00|6|834|2.909.982,00|
|31/10/2019|R|3.490,00|3.495,00|3.500,00|3.490,00|5|1.093|3.745.035,00|
|01/11/2019|R|3.495,00|3.300,00|3.300,00|3.200,00|4|895|2.944.000,00|
|05/11/2019|R|3.300,00|3.200,00|3.300,00|3.200,00|6|4.804|15.423.200,00|
|06/11/2019|R|3.200,00|3.300,00|3.300,00|3.300,00|3|327|1.079.100,00|
|07/11/2019|R|3.300,00|3.301,00|3.500,00|3.301,00|4|359|1.205.258,00|
|11/11/2019|R|3.301,00|3.500,00|3.500,00|3.500,00|4|285|997.500,00|
|12/11/2019|R|3.500,00|3.600,00|3.600,00|3.590,00|10|23.572|84.857.033,00|
|13/11/2019|R|3.600,00|3.699,00|3.699,00|3.625,00|4|580|2.111.570,00|
|14/11/2019|R|3.699,00|3.695,00|3.700,00|3.600,00|9|2.055|7.600.433,00|
|15/11/2019|R|3.695,00|3.650,00|3.694,00|3.650,00|2|1.398|5.103.932,00|
|18/11/2019|R|3.650,00|3.305,00|3.679,00|3.201,00|8|9.018|28.922.950,00|
|19/11/2019|R|3.305,00|3.400,00|3.400,00|3.400,00|4|4.478|15.225.200,00|
|20/11/2019|R|3.400,00|3.600,00|3.600,00|3.500,00|4|14.987|53.554.500,00|
|21/11/2019|R|3.600,00|3.400,00|3.699,98|3.400,00|9|1.359|4.718.223,96|
|22/11/2019|R|3.400,00|3.694,00|3.694,00|3.350,00|11|962|3.309.600,00|
|25/11/2019|R|3.694,00|3.698,00|3.698,00|3.698,00|1|25|92.450,00|
|26/11/2019|R|3.698,00|3.698,00|3.698,00|3.698,00|4|190|702.620,00|
|27/11/2019|R|3.698,00|3.695,00|3.695,00|3.695,00|5|263|971.785,00|
|28/11/2019|R|3.695,00|3.694,00|3.694,00|3.694,00|1|50|184.700,00|
|29/11/2019|R|3.694,00|3.500,00|3.690,00|3.500,00|6|138|498.100,00|
|02/12/2019|R|3.500,00|3.500,00|3.699,99|3.500,00|6|14.298|50.229.644,08|
|03/12/2019|R|3.500,00|3.699,99|3.699,99|3.550,00|8|377|1.379.797,25|
|04/12/2019|R|3.699,99|3.699,00|3.699,98|3.689,98|3|411|1.519.487,98|
|05/12/2019|R|3.699,00|3.600,00|3.600,00|3.600,00|1|160|576.000,00|
|06/12/2019|R|3.600,00|3.700,00|3.700,00|3.600,00|11|49.641|178.894.570,00|
|09/12/2019|R|3.700,00|3.150,00|3.699,00|3.150,00|3|760|2.397.843,00|
|10/12/2019|R|3.150,00|3.150,00|3.150,00|3.150,00|3|100|315.000,00|
|11/12/2019|R|3.150,00|3.150,00|3.150,00|3.150,00|1|379|1.193.850,00|
|12/12/2019|R|3.150,00|3.680,00|3.680,00|3.600,00|2|29|106.400,00|
|13/12/2019|R|3.680,00|3.640,00|3.645,00|3.640,00|4|869|3.167.430,00|
|16/12/2019|R|3.640,00|3.639,00|3.639,00|3.639,00|1|1.000|3.639.000,00|
|17/12/2019|R|3.639,00|3.699,00|3.700,00|3.699,00|2|188|695.420,00|
|18/12/2019|R|3.699,00|3.200,00|3.699,00|3.200,00|6|1.120|4.025.707,00|
|19/12/2019|R|3.200,00|3.700,00|3.700,00|3.698,00|9|15.302|56.613.563,98|
|20/12/2019|R|3.700,00|3.750,00|3.750,00|3.750,00|7|5.821|21.828.750,00|
|23/12/2019|R|3.750,00|3.750,00|3.750,00|3.500,00|8|3.941|14.707.747,78|
|26/12/2019|R|3.750,00|3.800,00|3.800,00|3.700,00|12|7.350|27.588.150,00|
|27/12/2019|R|3.800,00|3.700,00|3.800,00|3.700,00|4|1.272|4.832.600,00|
|30/12/2019|R|3.700,00|4.399,00|4.399,00|3.800,00|3|14.424|54.915.992,00|
|03/01/2020|R|4.399,00|4.397,00|4.397,00|4.395,00|10|3.240|14.245.927,00|
|07/01/2020|R|4.397,00|4.999,00|5.200,00|3.800,00|5|124|624.125,00|
|08/01/2020|R|4.999,00|4.800,00|4.800,00|4.800,00|6|1.600|7.680.000,00|
|09/01/2020|R|4.800,00|5.000,00|5.050,00|5.000,00|11|6.824|34.135.000,41|
|10/01/2020|R|5.000,00|5.200,00|5.499,00|5.200,00|8|4.790|25.212.592,00|
|14/01/2020|R|5.200,00|5.200,00|5.200,00|5.200,00|2|9|46.800,00|
|15/01/2020|R|5.200,00|5.500,00|5.500,00|5.500,00|6|992|5.455.400,00|
|16/01/2020|R|5.500,00|5.500,00|5.500,00|5.500,00|1|200|1.100.000,00|
|17/01/2020|R|5.500,00|5.000,00|6.599,00|5.000,00|5|962|4.833.122,00|
|21/01/2020|R|5.000,00|5.000,00|5.499,00|5.000,00|7|1.263|6.317.994,00|
|23/01/2020|R|4.997,00|4.997,00|0,00|0,00|1|585|2.633.085,00|
|27/01/2020|R|4.997,00|5.000,00|5.000,00|4.999,00|3|321|1.604.981,00|
|29/01/2020|R|5.000,00|5.200,00|5.200,00|5.190,00|10|7.255|37.689.645,00|
|31/01/2020|R|5.200,00|5.200,05|6.000,00|5.200,05|3|477|2.562.900,25|
|03/02/2020|R|5.200,05|5.200,00|5.500,00|5.200,00|5|544|2.908.600,00|
|04/02/2020|R|5.200,00|5.000,00|5.200,00|5.000,00|9|1.445|7.419.000,00|
|05/02/2020|R|5.000,00|5.000,00|5.000,00|5.000,00|4|2.700|13.500.000,00|
|06/02/2020|R|5.000,00|5.499,00|5.499,00|5.000,00|6|578|3.156.965,00|
|07/02/2020|R|5.499,00|5.500,00|5.500,00|5.500,00|3|3.100|17.050.000,00|
|10/02/2020|R|5.500,00|6.000,00|6.000,00|5.500,00|2|584|3.404.000,00|
|11/02/2020|R|6.000,00|6.000,00|6.100,00|6.000,00|7|1.226|7.360.000,00|
|12/02/2020|R|6.000,00|6.050,00|6.050,00|6.050,00|1|30|181.500,00|
|18/02/2020|R|6.000,00|6.000,00|6.300,00|6.000,00|4|2.072|12.753.200,00|
|19/02/2020|R|6.000,00|6.000,00|6.439,00|5.999,99|10|14.257|85.048.177,87|
|26/02/2020|R|5.200,00|6.239,00|6.239,00|6.239,00|1|300|1.871.700,00|
|28/02/2020|R|6.239,00|5.900,00|6.500,00|5.900,00|3|39|244.491,00|
|02/03/2020|R|5.900,00|6.498,00|6.498,00|6.001,00|2|14|87.493,00|
|03/03/2020|R|6.498,00|5.401,00|5.401,00|5.401,00|3|395|2.133.395,00|
|05/03/2020|R|5.401,00|6.000,00|6.000,00|6.000,00|2|11|66.000,00|
|06/03/2020|R|6.000,00|6.000,00|6.000,00|6.000,00|2|189|1.134.000,00|
|09/03/2020|R|6.000,00|6.000,00|6.500,00|5.100,00|9|956|5.380.500,00|
|10/03/2020|R|6.000,00|6.000,00|6.000,00|6.000,00|1|1|6.000,00|
|11/03/2020|R|6.000,00|6.100,00|6.100,00|6.100,00|1|11|67.100,00|
|13/03/2020|R|6.100,00|6.100,00|6.495,00|6.495,00|1|1|6.495,00|
|16/03/2020|R|6.100,00|6.598,00|6.598,00|6.598,00|1|10|65.980,00|
|18/03/2020|R|6.598,00|6.598,00|6.598,00|6.598,00|1|20|131.960,00|
|20/03/2020|R|6.598,00|6.598,00|6.598,00|6.598,00|1|661|4.361.278,00|
|23/03/2020|R|6.598,00|5.300,00|5.300,00|5.300,00|1|100|530.000,00|
|24/03/2020|R|5.300,00|5.300,00|5.300,00|5.300,00|1|100|530.000,00|
|25/03/2020|R|5.300,00|4.240,00|5.301,00|4.240,00|4|577|2.476.851,00|
|26/03/2020|R|4.240,00|4.801,00|4.801,00|4.801,00|3|30|144.030,00|
|27/03/2020|R|4.801,00|5.101,00|5.101,00|4.900,00|7|700|3.445.050,00|
|30/03/2020|R|5.101,00|5.650,00|5.650,00|5.500,00|4|300|1.670.500,00|
|31/03/2020|R|5.650,00|6.100,00|6.100,00|6.100,00|1|10|61.000,00|
|01/04/2020|R|6.100,00|6.121,00|6.121,00|6.121,00|1|78|477.438,00|
|02/04/2020|R|6.121,00|6.599,00|6.599,00|6.359,00|9|6.161|40.511.212,00|
|03/04/2020|R|6.599,00|6.001,00|6.600,00|6.001,00|7|4.018|26.278.503,71|
|06/04/2020|R|6.001,00|6.599,99|6.599,99|6.599,99|3|50|329.999,50|
|07/04/2020|R|6.599,99|6.595,00|6.600,00|6.595,00|7|7.233|47.737.503,19|
|08/04/2020|R|6.595,00|6.600,00|6.600,00|6.600,00|8|6.175|40.755.000,00|
|14/04/2020|R|6.600,00|8.500,00|8.500,00|6.850,00|6|315|2.294.880,00|
|15/04/2020|R|8.500,00|8.700,00|9.999,99|8.500,00|10|731|7.138.993,91|
|16/04/2020|R|8.700,00|10.439,00|10.439,00|9.000,00|4|227|2.103.438,00|
|17/04/2020|R|10.439,00|9.000,00|9.000,00|9.000,00|2|550|5.375.000,00|
|20/04/2020|R|9.000,00|10.799,99|10.799,99|10.000,00|3|301|3.186.797,81|
|21/04/2020|R|10.799,99|12.959,98|12.959,98|11.500,00|11|9.349|116.222.750,90|
|22/04/2020|R|12.959,98|13.200,00|13.200,00|12.960,00|11|2.250|29.664.000,00|
|23/04/2020|R|13.200,00|13.500,00|13.500,00|13.200,00|4|7.044|93.741.000,00|
|24/04/2020|R|13.500,00|13.649,99|13.649,99|13.498,00|8|8.323|112.451.732,83|
|27/04/2020|R|13.649,99|13.599,99|13.600,00|13.599,99|3|495|6.731.995,12|
|28/04/2020|R|13.599,99|11.061,00|12.500,00|11.061,00|2|350|3.878.545,00|
|29/04/2020|R|11.061,00|11.100,00|11.100,00|11.060,00|4|512|5.663.200,01|
|30/04/2020|R|11.100,00|11.751,00|12.999,00|11.751,00|6|334|4.277.796,00|
|04/05/2020|R|11.751,00|13.273,19|13.273,19|13.273,19|3|31|411.468,89|
|05/05/2020|R|13.273,19|13.599,99|13.599,99|13.273,19|2|85|1.128.874,75|
|06/05/2020|R|13.599,99|13.499,99|13.500,00|13.499,99|7|759|10.246.492,42|
|07/05/2020|R|13.499,99|13.499,99|13.499,99|11.502,00|5|1.531|20.608.544,99|
|08/05/2020|R|13.499,99|13.500,00|13.500,00|13.150,00|11|1.967|26.493.582,93|
|11/05/2020|R|13.500,00|13.200,00|13.649,99|13.200,00|7|1.743|23.056.949,57|
|12/05/2020|R|13.200,00|13.949,99|13.949,99|13.000,00|4|2.739|35.911.999,60|
|13/05/2020|R|13.949,99|13.300,00|13.949,99|13.300,00|7|6.995|94.439.087,80|
|14/05/2020|R|13.300,00|13.299,99|13.299,99|13.299,99|4|17|226.099,83|
|15/05/2020|R|13.299,99|13.899,00|13.899,00|13.295,00|14|2.003|26.832.277,00|
|18/05/2020|R|13.899,00|13.899,00|13.899,00|13.400,00|6|4.683|61.574.922,00|
|19/05/2020|R|13.899,00|13.800,00|13.800,00|13.800,00|3|7.307|91.809.400,00|
|20/05/2020|R|13.800,00|13.800,00|13.800,00|13.800,00|3|90|1.242.000,00|
|21/05/2020|R|13.800,00|13.800,00|13.800,00|13.800,00|3|224|3.091.200,00|
|22/05/2020|R|13.800,00|13.899,00|13.899,00|13.899,00|1|10|138.990,00|
|26/05/2020|R|13.899,00|13.118,00|13.894,99|13.118,00|7|431|5.656.188,97|
|27/05/2020|R|13.118,00|13.000,00|13.950,00|13.000,00|4|410|5.688.950,00|
|28/05/2020|R|13.000,00|13.500,00|13.500,00|13.500,00|7|524|7.074.000,00|
|01/06/2020|R|13.500,00|13.500,00|13.500,00|13.500,00|1|370|4.995.000,00|
|02/06/2020|R|13.500,00|13.900,00|13.900,00|13.500,00|5|3.780|51.222.000,00|
|04/06/2020|R|13.900,00|13.891,00|14.400,00|13.890,00|9|2.431|34.993.173,00|
|05/06/2020|R|13.891,00|13.500,00|13.800,00|13.500,00|3|507|6.852.900,00|
|08/06/2020|R|13.500,00|13.500,00|13.500,00|13.500,00|4|564|7.614.000,00|
|09/06/2020|R|13.500,00|14.000,00|14.399,00|14.000,00|7|1.763|24.695.964,00|
|10/06/2020|R|14.000,00|14.399,99|14.399,99|14.000,00|5|2.213|31.159.195,57|
|11/06/2020|R|14.399,99|14.400,00|14.400,00|14.399,99|4|1.785|24.703.991,00|
|12/06/2020|R|14.400,00|14.000,00|14.000,00|14.000,00|5|1.037|14.518.000,00|
|16/06/2020|R|14.000,00|14.399,99|14.399,99|14.399,99|2|280|4.031.997,20|
|17/06/2020|R|14.399,99|14.399,99|14.399,99|14.399,99|5|571|8.222.394,29|
|18/06/2020|R|14.399,99|13.950,00|14.000,00|13.950,00|3|2.815|39.409.565,00|
|22/06/2020|R|13.950,00|13.000,00|14.399,99|13.000,00|2|1.170|16.147.993,30|
|23/06/2020|R|13.000,00|13.999,99|14.000,00|13.999,99|3|31|433.999,73|
|25/06/2020|R|13.999,99|13.995,00|14.100,00|13.995,00|7|717|10.037.950,00|
|26/06/2020|R|13.995,00|13.500,00|13.500,00|13.499,99|2|31|418.499,79|
|30/06/2020|R|13.500,00|13.000,00|13.500,00|13.000,00|3|755|9.892.500,00|
|01/07/2020|R|13.000,00|13.000,00|13.000,00|13.000,00|2|122|1.586.000,00|
|02/07/2020|R|13.000,00|12.999,00|13.000,00|12.999,00|4|1.521|19.772.600,00|
|03/07/2020|R|12.999,00|12.500,00|13.000,00|12.500,00|7|2.512|31.417.500,00|
|06/07/2020|R|12.500,00|12.500,00|13.000,00|12.500,00|6|1.506|18.827.200,00|
|08/07/2020|R|12.500,00|12.001,00|13.899,00|12.001,00|4|1.220|14.653.583,00|
|09/07/2020|R|12.001,00|12.001,00|13.899,00|13.899,00|1|4|55.596,00|
|10/07/2020|R|12.001,00|13.400,00|13.400,01|12.202,00|6|3.363|41.230.600,03|
|13/07/2020|R|13.400,00|12.205,01|13.400,00|12.205,01|7|566|7.150.618,63|
|14/07/2020|R|12.205,01|12.205,01|13.700,00|13.700,00|2|12|164.400,00|
|15/07/2020|R|12.205,01|12.205,01|13.700,00|13.700,00|2|7|95.900,00|
|16/07/2020|R|12.205,01|12.205,01|13.700,00|13.700,00|1|5|68.500,00|
|17/07/2020|R|12.205,01|12.205,01|0,00|0,00|1|800|10.000.000,00|
|20/07/2020|R|12.205,01|12.301,00|14.399,99|12.301,00|7|587|8.148.523,97|
|21/07/2020|R|12.301,00|14.300,00|14.300,00|14.300,00|4|405|5.791.500,00|
|22/07/2020|R|14.300,00|14.290,00|14.300,00|14.290,00|3|125|1.786.300,00|
|23/07/2020|R|14.290,00|14.350,00|14.350,00|14.299,00|5|4.196|60.203.357,00|
|27/07/2020|R|14.350,00|14.150,00|14.400,00|14.150,00|11|358|5.107.800,00|
|28/07/2020|R|14.150,00|14.005,05|14.150,00|14.005,05|6|4.049|57.289.581,30|
|29/07/2020|R|14.005,05|14.150,00|14.450,00|14.150,00|5|1.020|14.464.000,00|
|30/07/2020|R|14.150,00|14.550,00|14.550,00|14.450,00|9|7.237|103.429.150,00|
|31/07/2020|R|14.550,00|14.550,00|14.550,00|14.550,00|4|4.172|60.702.600,00|
|03/08/2020|R|14.550,00|14.700,00|14.700,00|14.700,00|4|1.674|24.367.800,00|
|04/08/2020|R|14.700,00|14.850,00|14.850,00|14.850,00|2|2.913|42.836.550,00|
|05/08/2020|R|14.850,00|15.300,00|15.300,00|14.750,00|5|213|3.258.345,00|
|06/08/2020|R|15.300,00|15.800,00|15.800,00|15.300,00|7|1.748|27.231.400,00|
|07/08/2020|R|15.800,00|18.359,00|18.359,00|16.400,00|2|1.350|22.237.950,00|
|10/08/2020|R|18.359,00|20.999,00|22.000,00|19.000,00|14|7.968|170.251.875,50|
|11/08/2020|R|20.999,00|16.800,00|16.800,00|16.800,00|2|1.714|28.795.200,00|
|13/08/2020|R|16.800,00|20.159,99|20.159,99|20.159,99|3|10|201.599,90|
|14/08/2020|R|20.159,99|20.150,00|20.150,00|20.149,98|10|1.304|26.275.591,76|
|17/08/2020|R|20.150,00|20.150,00|20.150,00|20.000,00|6|9.159|183.198.300,00|
|18/08/2020|R|20.150,00|21.700,00|21.700,00|20.200,00|4|3.003|64.618.750,00|
|19/08/2020|R|21.700,00|22.000,00|22.000,00|22.000,00|3|51|1.122.000,00|
|20/08/2020|R|22.000,00|22.000,00|22.000,00|22.000,00|4|2.150|47.300.000,00|
|21/08/2020|R|22.000,00|22.799,00|22.799,00|22.799,00|2|259|5.904.941,00|
|24/08/2020|R|22.799,00|22.799,00|0,00|0,00|2|8.289|188.989.200,00|
|25/08/2020|R|22.799,00|22.799,00|23.599,99|23.599,99|1|5|117.999,95|
|26/08/2020|R|22.799,00|23.599,99|23.599,99|23.000,00|5|313|7.350.797,47|
|27/08/2020|R|23.599,99|23.599,99|23.599,99|23.599,99|3|10|235.999,90|
|28/08/2020|R|23.599,99|23.599,99|0,00|0,00|1|1.400|32.480.000,00|
|31/08/2020|R|23.599,99|23.599,99|23.599,99|23.599,99|3|645|15.221.993,55|
|01/09/2020|R|23.599,99|20.000,00|23.600,00|19.000,00|4|110|2.558.864,00|
|02/09/2020|R|20.000,00|23.599,99|23.599,99|20.000,00|2|110|2.235.999,90|
|03/09/2020|R|23.599,99|23.599,99|23.599,99|23.599,99|6|182|4.294.298,27|
|04/09/2020|R|23.599,99|23.599,99|23.599,99|23.599,99|3|422|9.959.195,78|
|07/09/2020|R|23.599,99|23.599,99|23.599,99|23.599,99|2|89|2.100.399,11|
|08/09/2020|R|23.599,99|23.599,99|0,00|0,00|1|9|212.399,91|
|09/09/2020|R|23.599,99|23.000,00|23.599,99|23.000,00|3|16|369.199,98|
|10/09/2020|R|23.000,00|22.000,00|22.999,99|22.000,00|5|724|15.930.999,97|
|11/09/2020|R|22.000,00|22.999,99|22.999,99|22.999,99|3|406|9.337.995,94|
|16/09/2020|R|22.999,99|22.999,99|22.999,99|22.999,99|3|42|965.999,58|
|17/09/2020|R|22.999,99|22.999,00|22.999,00|20.000,01|2|24|521.986,10|
|18/09/2020|R|22.999,00|20.000,00|22.999,99|20.000,00|12|4.162|85.952.500,95|
|21/09/2020|R|20.000,00|20.000,00|21.999,99|20.000,00|11|2.224|44.492.999,98|
|22/09/2020|R|20.000,00|20.000,00|20.000,00|20.000,00|10|3.379|67.580.000,00|
|23/09/2020|R|20.000,00|21.000,00|21.000,00|21.000,00|3|54|1.134.000,00|
|24/09/2020|R|21.000,00|22.999,99|22.999,99|21.000,00|2|386|8.195.999,55|
|25/09/2020|R|22.999,99|22.999,99|22.999,99|22.999,99|1|5|114.999,95|
|28/09/2020|R|22.999,99|20.000,00|20.000,00|20.000,00|4|720|14.400.000,00|
|29/09/2020|R|20.000,00|22.999,99|22.999,99|22.999,99|1|220|5.059.997,80|
|30/09/2020|R|22.999,99|22.999,99|22.999,99|22.999,00|4|211|4.852.948,39|
|01/10/2020|R|22.999,99|22.999,99|22.999,99|22.999,99|3|54|1.241.999,46|
|02/10/2020|R|22.999,99|22.999,99|22.999,99|22.999,99|2|30|689.999,70|
|05/10/2020|R|22.999,99|22.999,99|0,00|0,00|2|1.826|41.085.000,00|
|06/10/2020|R|22.999,99|22.979,00|22.979,00|22.979,00|3|2.168|49.818.472,00|
|07/10/2020|R|22.979,00|22.999,99|22.999,99|22.999,99|2|31|712.999,69|
|09/10/2020|R|22.999,99|22.979,00|22.979,00|22.979,00|1|600|13.787.400,00|
|14/10/2020|R|22.979,00|22.979,00|22.979,99|22.979,99|2|208.246|4.785.284.838,95|
|15/10/2020|R|22.979,00|22.979,00|22.999,99|20.005,01|2|5|106.015,01|
|19/10/2020|R|22.979,00|22.979,00|22.999,99|22.979,00|4|2.379|54.479.831,99|
|20/10/2020|R|22.979,00|21.000,00|21.000,00|21.000,00|1|98|2.058.000,00|
|21/10/2020|R|21.000,00|20.000,00|22.899,99|20.000,00|3|286|5.772.899,99|
|23/10/2020|R|20.000,00|22.999,99|22.999,99|22.999,99|3|34|781.999,66|
|26/10/2020|R|22.999,99|22.000,00|22.000,00|22.000,00|2|148|3.256.000,00|
|27/10/2020|R|22.000,00|22.000,00|22.000,00|21.500,00|7|1.914|42.082.500,00|
|28/10/2020|R|22.000,00|22.000,00|22.000,00|22.000,00|2|28|616.000,00|
|29/10/2020|R|22.000,00|22.000,00|22.000,00|22.000,00|1|14|308.000,00|
|30/10/2020|R|22.000,00|22.000,00|22.000,00|21.501,00|6|1.284|28.106.284,00|
|03/11/2020|R|22.000,00|22.999,99|22.999,99|22.999,99|2|86|1.977.999,14|
|04/11/2020|R|22.999,99|22.999,99|22.999,99|22.999,95|8|1.065|24.342.992,03|
|05/11/2020|R|22.999,99|22.999,99|22.999,99|22.999,99|1|1|22.999,99|
|06/11/2020|R|22.999,99|21.500,00|22.999,00|21.500,00|5|782|17.037.470,00|
|09/11/2020|R|21.500,00|22.894,99|22.894,99|22.894,99|1|14|320.529,86|
|10/11/2020|R|22.894,99|23.000,00|23.000,00|22.998,99|10|5.253|120.817.610,00|
|12/11/2020|R|23.000,00|23.000,00|23.000,00|23.000,00|2|103|2.369.000,00|
|16/11/2020|R|23.000,00|23.000,00|23.199,99|23.000,00|4|503|11.569.599,97|
|17/11/2020|R|23.000,00|23.000,00|23.000,00|23.000,00|5|686|15.686.200,00|
|19/11/2020|R|23.000,00|23.199,99|23.199,99|23.199,99|2|530|12.195.999,70|
|20/11/2020|R|23.199,99|26.200,00|26.200,00|23.199,99|26|42.088|1.033.222.382,35|
|24/11/2020|R|26.200,00|29.000,00|29.000,00|28.000,00|8|16.888|476.397.530,00|
|25/11/2020|R|29.000,00|33.000,00|33.000,00|30.000,00|4|6.563|200.149.000,00|
|26/11/2020|R|33.000,00|35.000,00|35.000,00|33.000,00|6|5.985|200.501.000,00|
|27/11/2020|R|35.000,00|35.500,00|35.500,00|35.000,00|9|4.259|149.708.500,00|
|30/11/2020|R|35.500,00|50.000,00|50.000,00|37.000,00|7|6.583|255.409.800,00|
|01/12/2020|R|50.000,00|50.000,00|50.000,00|50.000,00|1|20|1.000.000,00|
|02/12/2020|R|50.000,00|50.000,00|52.000,00|50.000,00|2|132|6.612.000,00|
|03/12/2020|R|50.000,00|50.000,00|50.000,00|50.000,00|2|15|750.000,00|
|04/12/2020|R|50.000,00|50.000,00|50.000,00|50.000,00|3|407|20.350.000,00|
|07/12/2020|R|50.000,00|47.000,00|49.980,00|47.000,00|6|1.948|93.359.600,00|
|08/12/2020|R|47.000,00|45.000,00|47.000,00|44.000,00|7|1.609|71.626.000,00|
|09/12/2020|R|45.000,00|41.000,00|44.990,00|40.000,00|11|823|33.220.410,00|
|10/12/2020|R|41.000,00|42.000,00|42.000,00|41.000,00|9|12.356|507.043.000,00|
|11/12/2020|R|42.000,00|42.000,00|42.050,00|42.000,00|10|6.854|287.868.700,00|
|15/12/2020|R|42.000,00|41.000,00|42.000,00|41.000,00|6|3.930|161.134.000,00|
|16/12/2020|R|41.000,00|41.000,00|43.000,00|37.000,00|6|88|3.608.000,00|
|17/12/2020|R|41.000,00|40.000,00|41.000,00|39.000,00|10|2.891|115.426.000,00|
|18/12/2020|R|40.000,00|40.000,00|40.000,00|36.990,00|14|1.569|58.858.470,00|
|21/12/2020|R|40.000,00|37.990,00|38.000,00|37.990,00|5|1.086|41.267.960,00|
|22/12/2020|R|37.990,00|37.990,00|38.000,00|37.990,00|4|13.796|524.169.040,00|
|23/12/2020|R|37.990,00|42.000,00|43.000,00|42.000,00|6|1.474|61.910.000,00|
|28/12/2020|R|42.000,00|42.000,00|42.000,00|42.000,00|3|139|5.838.000,00|
|29/12/2020|R|42.000,00|42.000,00|42.000,00|42.000,00|3|2.753|115.626.000,00|
|30/12/2020|R|42.000,00|43.000,00|43.500,00|43.000,00|2|650|27.975.000,00|
|05/01/2021|R|43.000,00|50.960,00|50.960,00|50.960,00|3|39|1.987.440,00|
|06/01/2021|R|50.960,00|50.940,00|50.960,00|50.940,00|4|130|6.624.550,00|
|07/01/2021|R|50.940,00|53.590,00|53.590,00|52.990,00|11|17.507|934.539.710,00|
|08/01/2021|R|53.590,00|75.000,00|75.000,00|53.590,00|4|99|6.215.360,00|
|12/01/2021|R|75.000,00|75.000,00|78.100,00|75.000,00|7|16.717|1.260.273.900,00|
|13/01/2021|R|75.000,00|69.900,00|72.500,00|69.900,00|5|170|12.027.500,00|
|14/01/2021|R|69.900,00|70.000,00|70.000,00|70.000,00|3|68|4.760.000,00|
|15/01/2021|R|70.000,00|70.000,00|70.000,00|70.000,00|2|14|980.000,00|
|19/01/2021|R|70.000,00|70.000,00|70.000,00|70.000,00|4|210|14.700.000,00|
|21/01/2021|R|70.000,00|76.000,00|77.000,00|76.000,00|2|9|689.000,00|
|25/01/2021|R|76.000,00|75.990,00|76.000,00|75.990,00|2|215|16.339.850,00|
|26/01/2021|R|75.990,00|75.000,00|78.090,00|75.000,00|3|66|4.959.270,00|
|27/01/2021|R|75.000,00|75.000,00|75.000,00|75.000,00|6|12.800|960.000.000,00|
|28/01/2021|R|75.000,00|75.000,00|75.000,00|75.000,00|6|20.002|1.500.150.000,00|
|29/01/2021|R|75.000,00|78.090,00|78.090,00|78.090,00|1|10|780.900,00|
|02/02/2021|R|78.090,00|78.090,00|78.090,00|78.090,00|1|100|7.809.000,00|
|03/02/2021|R|78.090,00|75.000,00|75.000,00|75.000,00|5|1.175|88.575.000,00|
|04/02/2021|R|75.000,00|78.090,00|78.090,00|75.000,00|4|509|39.735.450,00|
|05/02/2021|R|78.090,00|78.090,00|78.090,00|78.090,00|5|4.974|386.475.780,00|
|08/02/2021|R|78.090,00|78.090,00|78.090,00|78.000,00|6|10.227|798.626.250,00|
|09/02/2021|R|78.090,00|75.000,00|77.980,00|75.000,00|3|1.315|99.739.900,00|
|10/02/2021|R|75.000,00|75.000,00|75.000,00|75.000,00|2|500|37.500.000,00|
|11/02/2021|R|75.000,00|75.000,00|78.090,00|75.000,00|6|2.665|200.002.600,00|
|12/02/2021|R|75.000,00|78.090,00|78.090,00|78.090,00|2|1.380|107.764.200,00|
|17/02/2021|R|78.090,00|78.090,00|78.090,00|76.000,00|3|5.077|386.012.930,00|
|19/02/2021|R|78.072,00|79.690,00|79.690,00|78.090,00|5|5.433|426.696.380,00|
|22/02/2021|R|79.690,00|80.000,00|82.590,00|79.700,00|5|1.066|85.715.340,00|
|23/02/2021|R|80.000,00|80.000,00|82.590,00|80.000,00|6|9.535|764.106.850,00|
|24/02/2021|R|80.000,00|82.590,00|82.590,00|82.580,00|3|26|2.147.330,00|
|26/02/2021|R|82.590,00|82.570,00|82.570,00|82.000,00|4|5.310|435.596.140,00|
|01/03/2021|R|82.570,00|82.570,00|82.570,00|82.570,00|9|11.122|913.557.820,00|
|02/03/2021|R|82.570,00|99.000,00|99.000,00|82.570,00|5|1.096|94.473.200,00|
|03/03/2021|R|99.000,00|100.000,00|100.000,00|99.000,00|3|574|57.377.000,00|
|04/03/2021|R|100.000,00|102.990,00|102.990,00|102.990,00|1|10|1.029.900,00|
|05/03/2021|R|102.990,00|104.990,00|104.990,00|102.990,00|7|10.322|1.070.035.670,00|
|08/03/2021|R|104.990,00|105.000,00|105.000,00|105.000,00|6|10.428|1.094.940.000,00|
|09/03/2021|R|105.000,00|105.000,00|105.000,00|105.000,00|1|1|105.000,00|
|11/03/2021|R|105.000,00|104.000,00|104.000,00|100.000,00|8|11.734|1.179.400.000,00|
|12/03/2021|R|104.000,00|104.000,00|0,00|0,00|1|600|62.400.000,00|
|15/03/2021|R|104.000,00|109.000,00|109.000,00|105.000,00|11|17.944|1.898.120.000,00|
|16/03/2021|R|109.000,00|109.000,00|0,00|0,00|2|2.324|255.640.000,00|
|17/03/2021|R|109.000,00|130.000,00|130.000,00|130.000,00|3|49|6.370.000,00|
|18/03/2021|R|130.000,00|137.000,00|137.000,00|130.000,00|8|6.165|834.640.000,00|
|22/03/2021|R|137.000,00|157.500,00|157.500,00|137.000,00|19|16.022|2.260.932.500,00|
|23/03/2021|R|157.500,00|188.000,00|188.000,00|157.500,00|3|72|11.767.000,00|
|24/03/2021|R|188.000,00|225.000,00|225.600,00|224.000,00|4|2.331|525.364.000,00|
|25/03/2021|R|225.000,00|250.000,00|250.000,00|225.000,00|3|2.920|659.500.000,00|
|26/03/2021|R|250.000,00|220.000,00|230.000,00|220.000,00|7|1.424|317.420.000,00|
|29/03/2021|R|220.000,00|225.000,00|225.000,00|220.000,00|9|4.254|956.900.000,00|
|30/03/2021|R|225.000,00|224.990,00|224.990,00|224.990,00|2|20|4.499.800,00|
|31/03/2021|R|224.990,00|224.990,00|224.990,00|224.990,00|11|2.300|509.980.000,00|
|05/04/2021|R|224.990,00|225.000,00|225.000,00|225.000,00|9|7.556|1.700.100.000,00|
|06/04/2021|R|225.000,00|227.000,00|227.000,00|225.000,00|14|2.911|657.763.000,00|
|07/04/2021|R|227.000,00|231.000,00|231.000,00|225.000,00|15|15.853|3.608.819.000,00|
|08/04/2021|R|231.000,00|231.000,00|231.000,00|231.000,00|6|474|109.494.000,00|
|09/04/2021|R|231.000,00|228.000,00|231.000,00|228.000,00|6|710|162.180.000,00|
|12/04/2021|R|228.000,00|232.000,00|232.000,00|231.000,00|5|3.892|897.140.000,00|
|13/04/2021|R|232.000,00|232.000,00|232.000,00|232.000,00|1|1.727|400.664.000,00|
|14/04/2021|R|232.000,00|233.000,00|233.000,00|232.000,00|4|1.018|237.084.000,00|
|15/04/2021|R|233.000,00|234.000,00|234.000,00|233.000,00|4|3.130|731.290.000,00|
|16/04/2021|R|234.000,00|238.980,00|239.000,00|235.000,00|19|20.171|4.788.847.100,00|
|20/04/2021|R|238.980,00|238.200,00|238.500,00|238.200,00|7|6.405|1.525.677.300,00|
|21/04/2021|R|238.200,00|241.000,00|241.000,00|238.300,00|16|10.541|2.523.201.880,00|
|22/04/2021|R|241.000,00|260.000,00|260.000,00|241.000,00|15|10.864|2.710.482.870,00|
|23/04/2021|R|260.000,00|300.000,00|300.000,00|269.000,00|10|12.539|3.244.246.000,00|
|26/04/2021|R|300.000,00|300.010,00|312.000,00|300.010,00|8|6.722|2.033.262.000,00|
|27/04/2021|R|300.010,00|311.990,00|311.990,00|301.000,00|11|2.331|708.895.390,00|
|28/04/2021|R|311.990,00|374.380,00|374.380,00|311.990,00|11|6.355|2.090.078.290,00|
|29/04/2021|R|374.380,00|374.000,00|374.000,00|374.000,00|6|500|187.000.000,00|
|30/04/2021|R|374.000,00|415.000,00|415.000,00|414.000,00|3|2.165|898.320.000,00|
|04/05/2021|R|415.000,00|505.000,00|505.000,00|498.000,00|3|118|59.156.700,00|
|06/05/2021|R|505.000,00|606.000,00|606.000,00|510.000,00|10|1.999|1.095.990.000,00|
|10/05/2021|R|606.000,00|600.000,00|660.000,00|600.000,00|6|213|129.600.000,00|
|11/05/2021|R|600.000,00|600.000,00|600.000,00|600.000,00|7|104|62.400.000,00|
|12/05/2021|R|600.000,00|600.000,00|600.000,00|600.000,00|6|486|291.600.000,00|
|13/05/2021|R|600.000,00|600.000,00|600.000,00|595.000,00|6|543|325.650.000,00|
|14/05/2021|R|600.000,00|595.000,00|595.000,00|590.000,00|3|40|23.700.000,00|
|17/05/2021|R|595.000,00|595.000,00|595.000,00|595.000,00|1|8|4.760.000,00|
|18/05/2021|R|595.000,00|595.000,00|600.000,00|595.000,00|4|134|79.930.000,00|
|19/05/2021|R|595.000,00|580.000,00|595.000,00|580.000,00|2|14|8.225.000,00|
|20/05/2021|R|580.000,00|605.000,00|605.000,00|600.000,00|4|222|133.350.000,00|
|21/05/2021|R|605.000,00|620.000,00|620.000,00|595.000,00|4|412|251.115.000,00|
|25/05/2021|R|620.000,00|620.000,00|620.000,00|608.000,00|7|140|85.600.000,00|
|26/05/2021|R|620.000,00|615.000,00|620.000,00|615.000,00|3|55|34.075.000,00|
|27/05/2021|R|615.000,00|615.000,00|615.000,00|615.000,00|2|50|30.750.000,00|
|31/05/2021|R|615.000,00|615.000,00|615.000,00|615.000,00|1|2|1.230.000,00|
|09/06/2021|R|615.000,00|620.000,00|620.000,00|620.000,00|3|80|49.600.000,00|
|10/06/2021|R|620.000,00|650.000,00|650.000,00|650.000,00|1|25|16.250.000,00|
|11/06/2021|R|650.000,00|625.000,00|700.000,00|625.000,00|3|36|22.650.000,00|
|16/06/2021|R|625.000,00|403.010,00|625.000,00|403.010,00|3|33|18.239.130,00|
|18/06/2021|R|403.010,00|483.000,00|483.000,00|340.000,00|4|105|48.834.000,00|
|02/07/2021|R|483.000,00|490.000,00|490.000,00|490.000,00|2|1.000|490.000.000,00|
|06/07/2021|R|490.000,00|501.000,00|501.000,00|501.000,00|1|400|200.400.000,00|
|07/07/2021|R|501.000,00|520.000,00|520.000,00|520.000,00|3|900|468.402.000,00|
|08/07/2021|R|520.000,00|520.000,00|0,00|0,00|1|250|130.500.000,00|
|09/07/2021|R|520.000,00|599.000,00|599.000,00|599.000,00|3|87|52.113.000,00|
|13/07/2021|R|599.000,00|601.000,00|660.000,00|600.000,00|3|11|6.905.000,00|
|14/07/2021|R|601.000,00|601.000,00|698.000,00|698.000,00|1|1|698.000,00|
|15/07/2021|R|601.000,00|650.000,00|650.000,00|650.000,00|2|22|14.300.000,00|
|16/07/2021|R|650.000,00|660.000,00|698.000,00|660.000,00|2|29|19.178.000,00|
|19/07/2021|R|660.000,00|660.000,00|660.010,00|660.000,00|2|210|138.600.100,00|
|20/07/2021|R|660.000,00|660.000,00|660.000,00|660.000,00|4|452|298.320.000,00|
|21/07/2021|R|660.000,00|620.000,00|620.000,00|620.000,00|1|100|62.000.000,00|
|22/07/2021|R|620.000,00|700.000,00|700.000,00|699.000,00|3|164|114.738.000,00|







 


 


 















    

















