 
|02/01/2013|R|16,50|16,55|18,25|16,55|5|1.100|18.375,00|
|07/01/2013|R|16,55|18,25|18,25|16,25|3|2.323|39.548,75|
|10/01/2013|R|18,25|18,25|17,50|17,50|1|150|2.625,00|
|11/01/2013|R|18,25|17,50|17,50|17,50|3|3.611|63.192,50|
|14/01/2013|R|17,50|16,25|17,50|16,25|4|3.068|49.940,00|
|15/01/2013|R|16,25|16,50|16,50|16,25|5|5.585|91.256,25|
|16/01/2013|R|16,50|17,00|17,00|16,50|2|2.338|38.727,00|
|17/01/2013|R|17,00|17,00|17,00|16,50|3|4.000|67.000,00|
|18/01/2013|R|17,00|16,65|16,65|16,65|2|1.787|29.753,55|
|21/01/2013|R|16,65|17,00|17,00|17,00|6|7.616|129.472,00|
|22/01/2013|R|17,00|17,50|17,50|17,50|4|1.200|21.000,00|
|23/01/2013|R|17,50|17,00|17,00|17,00|2|3.910|66.470,00|
|24/01/2013|R|17,00|17,00|17,00|16,57|9|14.319|238.593,00|
|25/01/2013|R|17,00|17,50|17,50|17,00|4|6.650|114.300,00|
|28/01/2013|R|17,50|15,99|17,25|15,99|13|46.851|755.644,85|
|29/01/2013|R|15,99|15,00|15,50|15,00|12|43.616|666.095,00|
|30/01/2013|R|15,00|14,00|15,00|14,00|10|51.000|758.750,00|
|01/02/2013|R|14,00|12,00|12,00|12,00|1|1.900|22.800,00|
|05/02/2013|R|12,00|10,00|10,00|10,00|2|950|9.500,00|
|06/02/2013|R|10,00|10,00|10,00|10,00|2|1.000|10.000,00|
|07/02/2013|R|10,00|11,00|11,00|9,00|3|2.173|23.557,00|
|08/02/2013|R|11,00|11,00|9,10|9,10|1|112|1.019,20|
|13/02/2013|R|11,00|9,00|9,00|9,00|3|4.048|36.432,00|
|14/02/2013|R|9,00|8,51|9,00|8,51|2|2.556|22.045,56|
|15/02/2013|R|8,51|9,00|9,00|8,55|3|2.789|24.149,70|
|18/02/2013|R|9,00|9,00|9,00|8,99|4|10.886|97.964,00|
|19/02/2013|R|9,00|9,00|9,00|8,51|10|739|6.629,93|
|21/02/2013|R|8,50|9,00|9,00|9,00|2|10.732|96.588,00|
|11/03/2013|R|9,00|9,00|0,00|0,00|1|3.000|25.500,00|
|12/03/2013|R|9,00|9,00|9,00|9,00|2|225|2.025,00|
|13/03/2013|R|9,00|8,99|8,99|8,99|1|1.000|8.990,00|
|14/03/2013|R|8,99|9,00|9,00|8,99|4|3.000|26.984,00|
|18/03/2013|R|9,00|9,00|9,00|9,00|3|10.000|90.000,00|
|20/03/2013|R|9,00|9,00|9,00|9,00|3|5.016|45.144,00|
|21/03/2013|R|9,00|9,00|9,00|9,00|4|7.823|70.407,00|
|25/03/2013|R|9,00|8,75|8,75|8,75|3|5.239|45.841,25|
|26/03/2013|R|8,75|9,00|9,00|9,00|2|1.500|13.500,00|
|09/05/2013|R|9,00|15,51|15,51|15,51|5|20.000|310.200,00|
|10/05/2013|R|15,51|17,50|17,50|17,49|6|5.800|101.499,00|
|14/05/2013|R|17,50|16,50|17,49|16,50|6|17.376|289.102,20|
|15/05/2013|R|16,50|16,00|16,00|16,00|2|5.000|80.000,00|
|16/05/2013|R|16,00|16,00|16,00|16,00|11|2.294|36.704,00|
|17/05/2013|R|16,00|16,00|16,01|16,00|6|26.790|428.670,00|
|20/05/2013|R|16,00|16,00|16,00|15,50|2|24.551|381.166,00|
|05/06/2013|R|16,00|16,50|16,50|16,50|1|20.000|330.000,00|
|07/06/2013|R|16,50|17,00|17,00|16,99|5|13.452|224.404,55|
|10/06/2013|R|17,00|17,00|17,00|17,00|2|2.593|44.081,00|
|12/06/2013|R|17,00|17,00|17,00|17,00|3|7.600|129.200,00|
|13/06/2013|R|17,00|17,75|17,75|17,49|2|3.300|58.425,50|
|14/06/2013|R|17,75|19,00|19,00|18,99|4|126.080|2.395.460,00|
|18/06/2013|R|19,00|19,01|19,01|19,01|4|26.678|507.148,78|
|19/06/2013|R|19,01|19,01|19,01|19,01|3|1.718|32.659,18|
|20/06/2013|R|19,01|19,50|19,50|19,00|2|4.982|96.658,00|
|26/06/2013|R|19,50|20,50|20,50|20,50|1|1.000|20.500,00|
|27/06/2013|R|20,50|20,50|21,50|21,50|1|20|430,00|
|28/06/2013|R|20,50|22,15|22,50|21,00|5|66.059|1.451.200,85|
|02/07/2013|R|22,15|22,15|0,00|0,00|1|5.000|105.000,00|
|04/07/2013|R|22,15|22,15|23,00|23,00|1|10|230,00|
|09/07/2013|R|22,15|22,15|22,50|22,50|1|40|900,00|
|15/07/2013|R|22,15|22,15|0,00|0,00|1|50|1.107,50|
|16/07/2013|R|22,15|20,00|20,00|20,00|1|9.950|199.000,00|
|17/07/2013|R|20,00|20,00|22,00|22,00|1|100|2.200,00|
|26/07/2013|R|20,00|22,00|22,00|22,00|1|4.500|99.000,00|
|29/07/2013|R|22,00|22,00|22,00|22,00|1|50|1.100,00|
|02/08/2013|R|22,00|22,00|18,50|18,50|1|62|1.147,00|
|06/08/2013|R|22,00|22,00|24,50|24,50|1|70|1.715,00|
|12/08/2013|R|22,00|23,50|23,50|23,50|1|1.000|23.500,00|
|15/08/2013|R|23,50|23,50|23,50|23,50|3|592|13.912,00|
|23/08/2013|R|23,50|24,00|24,00|23,50|3|1.232|29.038,00|
|29/08/2013|R|24,00|24,00|24,00|24,00|1|410|9.840,00|
|02/09/2013|R|24,00|24,00|0,00|0,00|2|4.000|92.000,00|
|03/09/2013|R|24,00|24,00|24,00|24,00|1|50|1.200,00|
|04/09/2013|R|24,00|24,00|0,00|0,00|1|5.000|115.000,00|
|06/09/2013|R|24,00|24,00|24,00|24,00|2|900|21.600,00|
|09/09/2013|R|24,00|24,00|24,00|24,00|3|2.650|63.600,00|
|11/09/2013|R|24,00|24,00|24,00|24,00|1|400|9.600,00|
|12/09/2013|R|24,00|28,00|28,00|28,00|1|2.712|75.936,00|
|13/09/2013|R|28,00|30,00|30,00|28,00|2|900|26.200,00|
|16/09/2013|R|30,00|31,00|33,00|30,00|3|1.060|32.830,00|
|17/09/2013|R|31,00|32,00|32,00|32,00|1|1.200|38.400,00|
|18/09/2013|R|32,00|32,00|32,00|32,00|1|80|2.560,00|
|23/09/2013|R|32,00|31,00|31,00|31,00|3|24.700|765.700,00|
|24/09/2013|R|31,00|28,00|29,00|28,00|6|104.644|2.942.974,00|
|26/09/2013|R|28,00|28,00|28,00|28,00|3|20.000|560.000,00|
|01/10/2013|R|28,00|33,00|33,00|32,80|2|8.444|277.963,20|
|18/10/2013|R|33,00|31,50|31,50|31,50|3|10.000|315.000,00|
|22/10/2013|R|31,50|31,60|31,60|31,60|1|2.000|63.200,00|
|23/10/2013|R|31,60|31,60|31,60|31,60|1|83|2.622,80|
|25/10/2013|R|31,60|33,00|33,00|33,00|2|1.223|40.359,00|
|29/10/2013|R|33,00|33,00|0,00|0,00|2|6.000|201.000,00|
|30/10/2013|R|33,00|37,00|37,00|37,00|4|9.962|366.554,00|
|31/10/2013|R|37,00|40,00|40,00|40,00|2|4.498|179.920,00|
|01/11/2013|R|40,00|44,00|44,00|40,00|2|220|9.280,00|
|05/11/2013|R|44,00|44,50|44,50|44,50|2|9.144|406.908,00|
|07/11/2013|R|44,50|44,50|0,00|0,00|1|2.000|88.000,00|
|11/11/2013|R|44,50|33,50|33,50|33,50|2|4.498|150.683,00|
|13/11/2013|R|33,50|33,55|33,55|33,55|1|1.500|50.325,00|
|18/11/2013|R|33,55|38,00|38,00|38,00|1|86|3.268,00|
|20/11/2013|R|38,00|40,00|40,00|40,00|5|4.218|168.720,00|
|22/11/2013|R|40,00|40,00|40,95|40,00|3|530|21.219,00|
|25/11/2013|R|40,00|40,00|41,75|41,75|1|9|375,75|
|27/11/2013|R|40,00|40,00|40,00|40,00|3|7.372|294.880,00|
|02/12/2013|R|40,00|40,00|45,00|40,00|2|60|2.450,00|
|04/12/2013|R|40,00|40,50|41,75|39,99|12|109.232|4.381.075,66|
|05/12/2013|R|40,50|40,50|41,50|41,50|1|40|1.660,00|
|06/12/2013|R|40,50|40,00|41,75|40,00|4|380|15.252,50|
|09/12/2013|R|40,00|50,02|57,00|45,00|20|58.080|3.112.845,00|
|10/12/2013|R|50,02|52,00|52,00|52,00|4|5.300|275.600,00|
|11/12/2013|R|52,00|52,00|52,00|52,00|8|6.702|348.504,00|
|12/12/2013|R|52,00|52,00|52,00|42,01|6|800|37.602,00|
|13/12/2013|R|52,00|50,99|51,50|50,99|3|148|7.582,22|
|16/12/2013|R|50,99|51,00|51,00|50,99|5|2.778|141.643,48|
|17/12/2013|R|51,00|52,00|52,00|46,50|9|26.525|1.364.772,50|
|26/12/2013|R|49,88|49,88|48,95|48,95|1|10|489,50|
|27/12/2013|R|49,88|48,95|48,95|48,95|1|1.000|48.950,00|
|08/01/2014|R|48,95|48,95|46,99|46,99|1|5|234,95|
|13/01/2014|R|48,95|44,95|44,95|44,95|2|80|3.596,00|
|22/01/2014|R|44,95|36,10|36,10|36,07|5|13.780|497.428,00|
|23/01/2014|R|36,10|36,07|36,07|36,07|1|320|11.542,40|
|27/01/2014|R|36,07|36,00|36,15|36,00|9|22.000|792.980,00|
|28/01/2014|R|36,00|36,00|36,00|36,00|1|450|16.200,00|
|29/01/2014|R|36,00|36,00|36,00|36,00|1|1.080|38.880,00|
|31/01/2014|R|36,00|36,12|40,00|36,00|21|60.085|2.168.440,00|
|03/02/2014|R|36,12|36,12|0,00|0,00|2|20.000|723.000,00|
|04/02/2014|R|36,12|38,00|38,00|36,25|7|22.053|835.187,75|
|05/02/2014|R|38,00|39,50|40,00|39,00|5|9.041|354.140,00|
|06/02/2014|R|39,50|40,00|40,00|40,00|3|4.300|172.000,00|
|07/02/2014|R|40,00|36,50|41,95|36,50|5|18.400|680.759,25|
|11/02/2014|R|36,50|35,00|35,00|35,00|3|9.690|339.150,00|
|12/02/2014|R|35,00|30,00|30,00|30,00|4|7.562|227.170,00|
|14/02/2014|R|30,00|30,50|30,50|30,50|2|1.500|45.750,00|
|19/02/2014|R|29,50|28,50|28,50|28,50|1|10.000|285.000,00|
|25/02/2014|R|28,50|25,05|25,05|25,05|3|14.938|374.196,90|
|26/02/2014|R|25,05|24,75|24,75|24,75|1|2.000|49.500,00|
|05/03/2014|R|24,75|24,00|29,00|24,00|2|2.020|48.580,00|
|06/03/2014|R|24,00|24,00|24,00|24,00|3|3.235|77.804,50|
|07/03/2014|R|24,00|23,00|23,00|23,00|1|1.000|23.000,00|
|10/03/2014|R|23,00|22,10|27,59|22,10|2|16.335|361.195,65|
|11/03/2014|R|22,10|23,00|23,00|22,00|3|11.470|259.140,00|
|12/03/2014|R|23,00|23,00|22,00|22,00|2|70|1.400,00|
|21/03/2014|R|23,00|22,99|22,99|22,99|1|1.890|43.451,10|
|24/03/2014|R|22,99|19,00|19,00|19,00|1|1.000|19.000,00|
|28/03/2014|R|19,00|20,48|20,48|20,48|2|1.020|20.889,60|
|31/03/2014|R|20,48|18,00|18,00|18,00|2|8.980|161.640,00|
|02/04/2014|R|18,00|18,00|18,05|18,00|2|14.000|252.200,00|
|07/04/2014|R|18,00|20,55|20,55|20,55|1|186|3.822,30|
|08/04/2014|R|20,55|20,55|20,55|20,55|1|3.814|78.377,70|
|09/04/2014|R|20,55|22,99|22,99|21,59|4|19.900|450.629,00|
|10/04/2014|R|22,99|23,50|26,00|23,50|4|5.653|143.115,00|
|11/04/2014|R|23,50|24,00|24,00|24,00|1|5.000|120.000,00|
|29/04/2014|R|24,00|24,00|24,00|24,00|1|5.000|120.000,00|
|30/04/2014|R|24,00|25,00|25,00|25,00|1|4.163|104.075,00|
|05/05/2014|R|25,00|25,65|25,65|25,00|3|9.979|252.725,00|
|12/05/2014|R|25,65|26,00|27,00|26,00|3|6.315|164.240,00|
|15/05/2014|R|26,00|25,00|25,00|25,00|1|5.000|125.000,00|
|16/05/2014|R|25,00|25,00|25,00|22,50|2|2.448|61.080,00|
|19/05/2014|R|25,00|23,00|24,95|23,00|2|5.026|115.648,70|
|20/05/2014|R|23,00|24,00|24,00|24,00|1|1.213|29.112,00|
|21/05/2014|R|24,00|24,00|0,00|0,00|1|25.000|625.000,00|
|23/05/2014|R|24,00|24,00|24,00|24,00|3|25.200|604.800,00|
|27/05/2014|R|24,00|24,50|24,50|24,50|1|382|9.359,00|
|29/05/2014|R|24,50|24,50|24,50|24,50|1|980|24.010,00|
|30/05/2014|R|24,50|24,50|24,50|24,50|1|2.310|56.595,00|
|11/06/2014|R|24,50|24,50|24,50|24,50|1|500|12.250,00|
|25/06/2014|R|24,50|25,00|25,00|25,00|2|3.700|92.500,00|
|26/06/2014|R|25,00|24,00|24,01|24,00|4|4.000|96.020,00|
|27/06/2014|R|24,00|24,00|24,50|24,00|4|27.000|649.000,00|
|30/06/2014|R|24,00|24,00|24,00|24,00|1|38.106|914.544,00|
|01/07/2014|R|24,00|24,00|26,00|24,00|3|25.096|602.324,00|
|04/07/2014|R|24,00|24,50|24,50|24,50|1|1.000|24.500,00|
|07/07/2014|R|24,50|24,00|24,00|24,00|1|4.000|96.000,00|
|08/07/2014|R|24,00|25,00|25,00|25,00|2|7.800|195.000,00|
|11/07/2014|R|25,00|24,00|24,00|24,00|1|5.000|120.000,00|
|14/07/2014|R|24,00|24,00|24,00|24,00|1|3.432|82.368,00|
|17/07/2014|R|24,00|25,00|25,00|25,00|1|4.000|100.000,00|
|21/07/2014|R|25,00|24,50|24,50|24,50|1|209|5.120,50|
|22/07/2014|R|24,50|24,50|24,50|24,50|1|86|2.107,00|
|23/07/2014|R|24,50|25,00|25,00|25,00|1|5.000|125.000,00|
|01/08/2014|R|25,00|25,00|25,00|25,00|1|3.742|93.550,00|
|05/08/2014|R|25,00|25,00|0,00|0,00|1|500|12.750,00|
|07/08/2014|R|25,00|25,00|25,00|25,00|1|5.700|142.500,00|
|08/08/2014|R|25,00|25,00|25,00|25,00|3|30.000|750.000,00|
|11/08/2014|R|25,00|29,95|29,95|29,95|3|3.000|89.850,00|
|12/08/2014|R|29,95|29,99|29,99|29,99|1|670|20.093,30|
|22/08/2014|R|29,99|29,99|30,00|30,00|1|44|1.320,00|
|25/08/2014|R|29,99|30,00|30,00|30,00|2|1.000|30.000,00|
|29/08/2014|R|30,00|30,00|30,00|30,00|1|1.000|30.000,00|
|04/09/2014|R|30,00|30,00|30,00|30,00|4|11.869|356.070,00|
|08/09/2014|R|30,00|30,00|30,00|30,00|2|1.340|40.200,00|
|09/09/2014|R|30,00|30,00|33,00|30,00|3|378|11.829,00|
|15/09/2014|R|30,00|30,00|30,00|30,00|2|12.900|387.000,00|
|16/09/2014|R|30,00|30,00|30,00|30,00|1|2.663|79.890,00|
|22/09/2014|R|30,00|35,95|35,95|35,00|3|35.537|1.272.295,00|
|25/09/2014|R|35,95|35,95|36,00|35,95|3|61.580|2.216.451,00|
|26/09/2014|R|35,95|36,01|36,01|36,01|2|3.424|123.294,24|
|29/09/2014|R|36,01|36,00|43,10|36,00|4|818|34.490,00|
|07/10/2014|R|36,00|40,00|40,00|40,00|1|1.750|70.000,00|
|09/10/2014|R|40,00|40,00|0,00|0,00|1|3.000|109.500,00|
|10/10/2014|R|40,00|40,00|40,00|40,00|2|3.704|148.160,00|
|14/10/2014|R|40,00|40,00|40,00|40,00|1|3.000|120.000,00|
|15/10/2014|R|40,00|36,25|36,25|36,25|1|1.750|63.437,50|
|20/10/2014|R|36,25|37,00|37,00|37,00|1|500|18.500,00|
|21/10/2014|R|37,00|43,00|43,00|43,00|1|150|6.450,00|
|22/10/2014|R|43,00|43,00|43,00|43,00|1|700|30.100,00|
|24/10/2014|R|43,00|43,45|43,45|43,45|1|330|14.338,50|
|27/10/2014|R|43,45|40,00|40,00|40,00|3|1.030|41.200,00|
|28/10/2014|R|40,00|45,00|45,00|43,00|7|34.220|1.495.186,50|
|30/10/2014|R|45,00|45,00|45,00|45,00|1|4.000|180.000,00|
|31/10/2014|R|45,00|45,00|45,00|45,00|4|104.175|4.687.875,00|
|03/11/2014|R|45,00|46,00|46,00|44,00|2|750|33.500,00|
|04/11/2014|R|46,00|46,00|46,00|46,00|1|8.750|402.500,00|
|05/11/2014|R|46,00|50,00|50,00|47,00|7|29.462|1.451.766,00|
|07/11/2014|R|50,00|50,50|50,50|50,00|3|11.063|553.400,00|
|11/11/2014|R|50,50|50,00|50,00|50,00|4|7.915|395.750,00|
|12/11/2014|R|50,00|50,50|50,50|50,50|1|10.645|537.572,50|
|13/11/2014|R|50,50|52,00|52,00|52,00|2|21.200|1.102.400,00|
|14/11/2014|R|52,00|52,00|52,00|50,50|6|15.000|772.500,00|
|17/11/2014|R|52,00|52,00|53,00|53,00|1|10|530,00|
|19/11/2014|R|52,00|49,00|49,00|49,00|1|600|29.400,00|
|20/11/2014|R|49,00|48,00|48,00|48,00|1|1.000|48.000,00|
|24/11/2014|R|48,00|50,01|50,01|50,01|4|1.137|56.861,37|
|26/11/2014|R|50,01|52,00|52,00|52,00|1|500|26.000,00|
|28/11/2014|R|52,00|52,00|52,00|52,00|3|4.900|254.800,00|
|01/12/2014|R|52,00|52,00|53,00|53,00|1|10|530,00|
|02/12/2014|R|52,00|52,50|52,50|52,50|1|586|30.765,00|
|03/12/2014|R|52,50|52,50|0,00|0,00|1|1.313|68.276,00|
|09/12/2014|R|52,50|52,90|52,90|52,90|1|80|4.232,00|
|12/12/2014|R|52,90|52,00|53,00|52,00|6|8.780|460.940,00|
|15/12/2014|R|52,00|52,00|52,00|52,00|1|3.000|156.000,00|
|16/12/2014|R|52,00|53,00|53,00|53,00|1|1.000|53.000,00|
|18/12/2014|R|53,00|53,00|53,00|53,00|1|700|37.100,00|
|19/12/2014|R|53,00|54,00|54,00|54,00|1|300|16.200,00|
|29/12/2014|R|54,00|54,00|54,00|54,00|1|700|37.800,00|
|30/12/2014|R|54,00|51,00|51,00|51,00|1|220|11.220,00|
|06/01/2015|R|51,00|54,00|54,00|54,00|2|1.300|70.200,00|
|13/01/2015|R|54,00|52,00|52,00|52,00|1|1.000|52.000,00|
|15/01/2015|R|52,00|52,00|52,00|52,00|1|2.000|104.000,00|
|16/01/2015|R|52,00|57,00|57,00|54,00|4|13.500|749.800,00|
|22/01/2015|R|57,00|63,00|63,00|63,00|2|50|3.150,00|
|23/01/2015|R|63,00|63,00|63,00|63,00|1|95|5.985,00|
|26/01/2015|R|63,00|55,00|56,00|55,00|5|22.632|1.245.622,00|
|30/01/2015|R|55,00|47,00|52,00|47,00|3|7.000|343.000,00|
|02/02/2015|R|47,00|47,00|56,00|56,00|1|15|840,00|
|03/02/2015|R|47,00|49,00|49,00|47,00|2|3.300|155.700,00|
|06/02/2015|R|49,00|50,00|50,50|50,00|2|5.560|278.280,00|
|11/02/2015|R|50,00|49,00|49,00|49,00|1|3.000|147.000,00|
|13/02/2015|R|49,00|52,00|52,00|52,00|2|89|4.628,00|
|19/02/2015|R|52,00|52,00|52,00|52,00|1|35|1.820,00|
|23/02/2015|R|52,00|52,00|52,00|52,00|2|567|29.484,00|
|26/02/2015|R|52,00|55,00|55,00|52,00|2|18.230|1.001.360,00|
|27/02/2015|R|55,00|74,00|74,00|58,00|9|24.245|1.546.885,00|
|02/03/2015|R|74,00|81,50|81,50|80,00|5|15.000|1.215.000,00|
|03/03/2015|R|81,50|82,50|83,00|80,00|13|49.910|4.097.730,00|
|04/03/2015|R|82,50|84,95|84,95|82,01|3|7.900|650.525,00|
|05/03/2015|R|84,95|86,00|86,00|84,50|12|42.100|3.601.165,00|
|06/03/2015|R|86,00|88,00|88,00|86,00|5|31.548|2.770.328,00|
|09/03/2015|R|88,00|86,00|88,00|86,00|3|19.600|1.698.800,00|
|11/03/2015|R|72,00|72,00|85,00|85,00|1|30|2.550,00|
|12/03/2015|R|72,00|80,00|80,00|80,00|2|100|8.000,00|
|13/03/2015|R|80,00|80,00|80,00|80,00|4|88.831|6.396.832,00|
|17/03/2015|R|80,00|80,00|0,00|0,00|1|400|30.000,00|
|20/03/2015|R|80,00|78,00|78,00|78,00|3|475|37.050,00|
|24/03/2015|R|78,00|78,00|78,00|78,00|1|200|15.600,00|
|25/03/2015|R|78,00|75,00|78,00|75,00|4|4.193|320.685,00|
|27/03/2015|R|75,00|75,00|78,00|78,00|1|12|936,00|
|30/03/2015|R|75,00|78,00|78,00|78,00|1|500|39.000,00|
|06/04/2015|R|78,00|78,00|78,00|78,00|1|24|1.872,00|
|07/04/2015|R|78,00|78,00|78,00|78,00|1|4.000|312.000,00|
|08/04/2015|R|78,00|78,00|78,00|78,00|1|3.273|255.294,00|
|09/04/2015|R|78,00|78,00|78,00|78,00|3|3.653|284.934,00|
|15/04/2015|R|78,00|78,10|78,10|78,10|1|1.860|145.266,00|
|20/04/2015|R|78,10|78,10|78,15|78,15|1|3|234,45|
|21/04/2015|R|78,10|78,10|83,99|83,99|2|24|2.015,76|
|27/04/2015|R|78,10|78,10|83,99|83,99|1|16|1.343,84|
|29/04/2015|R|78,10|78,10|83,99|83,99|2|90|7.215,96|
|30/04/2015|R|78,10|84,00|84,00|83,99|4|2.050|172.191,50|
|07/05/2015|R|84,00|84,10|84,10|84,10|1|638|53.655,80|
|11/05/2015|R|84,10|84,10|85,99|85,99|1|17|1.461,83|
|14/05/2015|R|84,10|86,00|86,00|85,99|3|15.147|1.302.640,27|
|15/05/2015|R|86,00|88,00|88,00|86,00|4|3.290|288.820,00|
|20/05/2015|R|88,00|96,00|96,00|92,00|4|7.700|710.400,00|
|21/05/2015|R|96,00|96,00|96,00|96,00|2|4.700|451.200,00|
|22/05/2015|R|96,00|110,00|110,00|110,00|1|4.000|440.000,00|
|25/05/2015|R|110,00|132,00|132,00|132,00|2|2.000|264.000,00|
|26/05/2015|R|132,00|145,00|150,00|145,00|2|2.255|327.025,00|
|27/05/2015|R|145,00|150,00|150,00|145,00|2|1.100|164.500,00|
|29/05/2015|R|150,00|150,00|150,00|150,00|1|334|50.100,00|
|01/06/2015|R|150,00|174,00|174,00|174,00|3|4.300|748.200,00|
|11/06/2015|R|174,00|174,00|174,00|174,00|1|4.171|725.754,00|
|12/06/2015|R|174,00|174,00|0,00|0,00|1|3.450|621.000,00|
|15/06/2015|R|174,00|182,00|182,00|174,00|3|1.750|317.700,00|
|07/07/2015|R|182,00|200,00|200,00|200,00|4|380|77.680,00|
|08/07/2015|R|200,00|240,00|240,00|240,00|1|5.000|1.200.000,00|
|09/07/2015|R|240,00|280,00|280,00|240,00|2|5.360|1.486.400,00|
|15/07/2015|R|280,00|300,00|300,00|300,00|2|300|90.000,00|
|17/07/2015|R|300,00|300,00|300,00|300,00|1|1.000|300.000,00|
|27/07/2015|R|300,00|420,00|420,00|360,00|2|16|6.360,00|
|30/07/2015|R|420,00|420,00|420,00|420,00|2|900|378.000,00|
|31/07/2015|R|420,00|500,00|500,00|500,00|2|38|19.000,00|
|03/08/2015|R|500,00|500,00|500,00|500,00|1|100|50.000,00|
|04/08/2015|R|500,00|500,00|500,00|500,00|2|285|142.500,00|
|06/08/2015|R|500,00|500,00|500,00|500,00|2|179|89.500,00|
|12/08/2015|R|500,00|500,00|0,00|0,00|1|79|39.421,00|
|21/08/2015|R|500,00|490,00|490,00|490,00|2|52|25.480,00|
|27/08/2015|R|490,00|490,00|0,00|0,00|1|615|276.750,00|
|02/09/2015|R|490,00|490,00|490,00|490,00|1|50|24.500,00|
|18/09/2015|R|490,00|400,00|400,00|400,00|2|172|68.800,00|
|24/09/2015|R|400,00|405,00|405,00|405,00|1|88|35.640,00|
|02/10/2015|R|405,00|400,00|400,00|400,00|1|253|101.200,00|
|08/10/2015|R|400,00|390,00|390,00|390,00|1|10|3.900,00|
|09/10/2015|R|390,00|390,00|390,00|390,00|1|25|9.750,00|
|20/10/2015|R|390,00|350,00|350,00|350,00|1|1.500|525.000,00|
|28/10/2015|R|350,00|350,00|350,00|320,00|2|2.257|722.600,00|
|29/10/2015|R|350,00|312,00|312,00|312,00|1|86|26.832,00|
|02/11/2015|R|312,00|325,00|325,00|325,00|1|11|3.575,00|
|05/11/2015|R|325,00|330,00|330,00|325,00|2|789|257.925,00|
|11/11/2015|R|330,00|330,00|0,00|0,00|1|344|113.520,00|
|13/11/2015|R|330,00|396,00|396,00|396,00|1|11|4.356,00|
|25/11/2015|R|396,00|396,00|0,00|0,00|1|19|6.650,00|
|26/11/2015|R|396,00|396,00|396,00|396,00|1|16|6.336,00|
|02/12/2015|R|396,00|400,00|400,00|400,00|1|483|193.200,00|
|10/12/2015|R|400,00|400,00|400,00|400,00|1|5|2.000,00|
|11/12/2015|R|400,00|398,00|400,00|398,00|2|69|27.512,00|
|14/12/2015|R|398,00|375,00|375,00|375,00|1|60|22.500,00|
|15/12/2015|R|375,00|375,00|375,00|375,00|2|37|13.875,00|
|18/12/2015|R|375,00|400,00|400,00|400,00|2|35|14.000,00|
|21/12/2015|R|400,00|400,00|400,00|400,00|1|10|4.000,00|
|30/12/2015|R|400,00|400,00|400,00|400,00|1|30|12.000,00|
|07/01/2016|R|400,00|400,00|398,00|398,00|1|5|1.990,00|
|12/01/2016|R|400,00|398,00|398,00|350,00|2|2.850|1.110.300,00|
|13/01/2016|R|398,00|400,00|400,00|400,00|1|30|12.000,00|
|18/01/2016|R|400,00|400,00|400,00|400,00|1|15|6.000,00|
|20/01/2016|R|400,00|345,00|398,00|345,00|2|308|106.684,00|
|26/01/2016|R|345,00|351,00|351,00|351,00|1|9|3.159,00|
|28/01/2016|R|351,00|398,00|398,00|398,00|1|1.200|477.600,00|
|29/01/2016|R|398,00|399,00|400,00|399,00|3|6.020|2.402.000,00|
|02/02/2016|R|399,00|400,00|400,00|400,00|1|3.000|1.200.000,00|
|12/02/2016|R|400,00|419,00|419,00|419,00|2|39|16.341,00|
|15/02/2016|R|419,00|419,00|420,00|420,00|1|2|840,00|
|16/02/2016|R|419,00|410,00|410,00|410,00|3|5.039|1.865.790,00|
|18/02/2016|R|410,00|415,00|415,00|400,00|4|3.305|1.353.520,00|
|19/02/2016|R|415,00|430,00|430,00|420,00|4|8.718|3.666.760,00|
|22/02/2016|R|430,00|430,00|0,00|0,00|1|1.950|780.000,00|
|24/02/2016|R|430,00|429,00|429,00|415,00|2|2.086|871.990,00|
|25/02/2016|R|429,00|425,00|425,00|410,00|3|3.805|1.390.530,00|
|29/02/2016|R|425,00|425,00|409,95|409,95|1|11|4.509,45|
|01/03/2016|R|424,00|424,00|400,00|400,00|2|15|6.000,00|
|02/03/2016|R|424,00|424,00|399,99|399,99|1|20|7.999,80|
|03/03/2016|R|424,00|350,00|351,00|350,00|4|2.716|950.689,00|
|04/03/2016|R|350,00|350,00|350,00|350,00|1|200|70.000,00|
|07/03/2016|R|350,00|350,00|350,00|350,00|1|30|10.500,00|
|08/03/2016|R|350,00|300,00|320,00|300,00|2|1.025|308.000,00|
|09/03/2016|R|300,00|290,00|310,00|290,00|2|1.833|531.970,00|
|11/03/2016|R|290,00|300,00|300,00|300,00|2|350|105.000,00|
|14/03/2016|R|300,00|350,00|350,00|300,00|2|77|24.600,00|
|15/03/2016|R|350,00|320,00|320,00|320,00|2|738|236.160,00|
|18/03/2016|R|320,00|320,00|320,00|320,00|1|35|11.200,00|
|21/03/2016|R|320,00|280,00|280,00|280,00|1|60|16.800,00|
|30/03/2016|R|280,00|300,00|300,00|300,00|1|75|22.500,00|
|01/04/2016|R|300,00|300,00|280,00|280,00|1|20|5.600,00|
|06/04/2016|R|300,00|300,00|300,00|300,00|1|16|4.800,00|
|07/04/2016|R|300,00|300,00|300,00|300,00|1|50|15.000,00|
|13/04/2016|R|300,00|360,00|360,00|350,00|4|95|33.750,00|
|14/04/2016|R|360,00|360,00|360,00|360,00|1|1.000|360.000,00|
|15/04/2016|R|360,00|370,00|370,00|370,00|2|55|20.350,00|
|02/05/2016|R|370,00|370,00|380,00|340,00|3|118|42.040,00|
|03/05/2016|R|370,00|349,00|349,00|349,00|1|30|10.470,00|
|06/05/2016|R|349,00|415,00|418,00|370,00|7|3.732|1.514.160,00|
|10/05/2016|R|415,00|332,05|415,00|332,05|4|3.170|1.293.948,50|
|18/05/2016|R|332,05|332,05|0,00|0,00|1|2.874|957.042,00|
|20/05/2016|R|332,05|333,00|345,00|333,00|3|2.737|911.661,00|
|23/05/2016|R|333,00|333,00|333,00|333,00|1|1.500|499.500,00|
|24/05/2016|R|333,00|333,00|333,00|333,00|1|1.980|659.340,00|
|25/05/2016|R|333,00|333,00|0,00|0,00|1|3.590|1.195.470,00|
|27/05/2016|R|333,00|333,00|333,00|333,00|5|1.940|646.020,00|
|31/05/2016|R|333,00|333,00|0,00|0,00|2|3.129|985.635,00|
|01/06/2016|R|333,00|340,00|340,00|340,00|1|30|10.200,00|
|07/06/2016|R|340,00|340,00|0,00|0,00|1|1.687|506.100,00|
|08/06/2016|R|340,00|300,00|300,00|300,00|1|43|12.900,00|
|09/06/2016|R|300,00|360,00|360,00|300,50|5|2.768|836.239,00|
|10/06/2016|R|360,00|360,00|360,00|360,00|1|200|72.000,00|
|13/06/2016|R|360,00|340,00|340,00|340,00|1|1.000|340.000,00|
|15/06/2016|R|340,00|300,00|300,50|300,00|2|300|90.112,50|
|16/06/2016|R|300,00|300,00|300,00|300,00|1|40|12.000,00|
|21/06/2016|R|300,00|280,00|282,00|280,00|3|4.055|1.137.955,00|
|28/06/2016|R|280,00|280,00|280,00|280,00|2|950|266.000,00|
|01/07/2016|R|280,00|265,00|270,00|265,00|2|174|46.480,00|
|06/07/2016|R|265,00|265,00|265,00|265,00|1|10|2.650,00|
|08/07/2016|R|265,00|280,00|280,00|265,00|4|3.384|941.760,00|
|12/07/2016|R|280,00|280,00|290,00|290,00|1|30|8.700,00|
|13/07/2016|R|280,00|275,00|300,00|275,00|3|339|94.150,00|
|14/07/2016|R|275,00|280,00|280,00|280,00|1|50|14.000,00|
|20/07/2016|R|280,00|300,00|300,00|290,00|2|69|20.350,00|
|27/07/2016|R|300,00|250,00|250,00|250,00|1|43|10.750,00|
|28/07/2016|R|250,00|250,01|290,00|250,01|5|1.390|352.672,61|
|29/07/2016|R|250,01|280,00|280,00|260,00|3|113|30.480,00|
|01/08/2016|R|280,00|290,00|290,00|290,00|2|4.953|1.190.470,00|
|02/08/2016|R|290,00|290,00|290,00|290,00|1|561|162.690,00|
|04/08/2016|R|290,00|290,00|0,00|0,00|1|2.682|683.910,00|
|19/08/2016|R|290,00|260,00|260,00|260,00|1|75|19.500,00|
|23/08/2016|R|260,00|240,00|240,00|240,00|1|83|19.920,00|
|24/08/2016|R|240,00|240,00|240,00|240,00|2|1.876|450.240,00|
|25/08/2016|R|240,00|240,00|240,00|240,00|1|2.944|706.560,00|
|26/08/2016|R|240,00|240,00|240,00|240,00|1|4.235|1.016.400,00|
|01/09/2016|R|240,00|240,00|0,00|0,00|1|1.788|429.120,00|
|12/09/2016|R|240,00|240,00|0,00|0,00|1|100|25.000,00|
|15/09/2016|R|240,00|300,00|300,00|288,00|5|274|80.520,00|
|16/09/2016|R|300,00|330,00|330,00|320,00|4|313|100.470,00|
|20/09/2016|R|330,00|330,00|330,00|330,00|1|10|3.300,00|
|21/09/2016|R|330,00|330,00|330,00|330,00|1|300|99.000,00|
|22/09/2016|R|330,00|340,00|340,00|340,00|1|100|34.000,00|
|26/09/2016|R|340,00|330,00|330,00|325,00|6|1.041|341.170,00|
|27/09/2016|R|330,00|330,00|330,00|320,01|7|1.702|561.230,43|
|29/09/2016|R|330,00|340,00|340,00|340,00|1|37|12.580,00|
|30/09/2016|R|340,00|345,00|345,00|345,00|1|58|20.010,00|
|05/10/2016|R|345,00|333,00|333,00|333,00|1|300|99.900,00|
|07/10/2016|R|333,00|350,00|350,00|345,00|2|130|45.220,00|
|11/10/2016|R|350,00|350,00|350,00|350,00|1|1.000|350.000,00|
|13/10/2016|R|350,00|360,00|360,00|345,00|6|2.711|958.960,00|
|17/10/2016|R|360,00|390,00|390,00|390,00|2|3.187|1.242.930,00|
|18/10/2016|R|390,00|405,00|405,00|400,00|3|700|280.500,00|
|19/10/2016|R|405,00|440,00|440,00|410,00|6|1.000|417.500,00|
|20/10/2016|R|440,00|466,00|466,00|450,00|3|375|171.950,00|
|21/10/2016|R|466,00|470,00|470,00|470,00|1|50|23.500,00|
|24/10/2016|R|470,00|470,00|470,00|470,00|2|705|331.350,00|
|25/10/2016|R|470,00|500,00|500,00|480,00|3|600|294.000,00|
|26/10/2016|R|500,00|510,00|510,00|510,00|2|155|79.050,00|
|27/10/2016|R|510,00|510,00|510,00|510,00|2|400|204.000,00|
|31/10/2016|R|510,00|510,00|510,00|510,00|1|50|25.500,00|
|01/11/2016|R|510,00|500,00|500,00|460,00|2|245|120.700,00|
|02/11/2016|R|500,00|510,00|510,00|510,00|2|125|63.750,00|
|03/11/2016|R|510,00|508,00|508,00|508,00|7|107.500|54.610.000,00|
|04/11/2016|R|508,00|496,00|508,00|496,00|5|4.414|2.106.480,00|
|08/11/2016|R|496,00|520,00|520,00|520,00|3|400|208.000,00|
|09/11/2016|R|520,00|560,00|560,00|530,00|5|800|436.000,00|
|10/11/2016|R|560,00|655,00|655,00|560,00|7|12.985|7.328.480,00|
|11/11/2016|R|655,00|660,00|660,00|660,00|3|3.051|1.738.560,00|
|14/11/2016|R|660,00|700,00|700,00|669,00|4|4.993|3.494.790,00|
|16/11/2016|R|700,00|700,00|700,00|700,00|9|2.738|1.916.600,00|
|17/11/2016|R|700,00|800,00|800,00|800,00|1|19|15.200,00|
|18/11/2016|R|800,00|700,00|700,00|700,00|1|300|210.000,00|
|21/11/2016|R|700,00|700,00|701,00|700,00|6|2.111|1.478.181,00|
|22/11/2016|R|700,00|690,00|700,00|690,00|5|454|316.350,00|
|23/11/2016|R|690,00|690,00|0,00|0,00|2|1.000|695.000,00|
|24/11/2016|R|690,00|700,00|700,00|700,00|2|767|536.900,00|
|28/11/2016|R|700,00|780,00|780,00|780,00|1|27|21.060,00|
|29/11/2016|R|780,00|800,00|800,00|800,00|3|6.532|5.225.600,00|
|30/11/2016|R|800,00|840,00|880,00|840,00|2|510|428.800,00|
|01/12/2016|R|840,00|1.000,00|1.000,00|840,00|4|635|542.000,00|
|02/12/2016|R|1.000,00|910,00|910,00|910,00|2|4.570|4.158.700,00|
|05/12/2016|R|910,00|910,00|910,00|910,00|6|7.394|6.738.540,00|
|06/12/2016|R|910,00|950,00|950,00|910,00|4|345|314.750,00|
|07/12/2016|R|950,00|1.000,00|1.000,00|1.000,00|1|22|22.000,00|
|09/12/2016|R|1.000,00|1.000,00|1.000,00|1.000,00|1|585|585.000,00|
|13/12/2016|R|1.000,00|999,00|999,00|999,00|1|40|39.960,00|
|14/12/2016|R|999,00|800,00|800,00|800,00|1|604|483.200,00|
|15/12/2016|R|800,00|800,00|900,00|800,00|3|3.957|3.336.300,00|
|16/12/2016|R|800,00|800,00|0,00|0,00|1|30|28.500,00|
|27/12/2016|R|800,00|900,00|900,00|900,00|2|1.644|1.479.600,00|
|28/12/2016|R|900,00|900,00|938,00|938,00|1|1|938,00|
|29/12/2016|R|900,00|938,00|938,00|938,00|2|15|14.070,00|
|30/12/2016|R|938,00|938,00|938,00|938,00|1|30|28.140,00|
|06/01/2017|R|938,00|760,00|760,00|760,00|1|200|152.000,00|
|10/01/2017|R|760,00|735,00|735,00|735,00|1|86|63.210,00|
|11/01/2017|R|735,00|800,00|800,00|800,00|1|50|40.000,00|
|12/01/2017|R|800,00|641,00|800,00|641,00|3|3.898|2.570.168,00|
|13/01/2017|R|641,00|641,00|0,00|0,00|1|158|101.278,00|
|18/01/2017|R|641,00|650,00|650,00|650,00|1|60|39.000,00|
|20/01/2017|R|650,00|650,00|651,00|650,00|2|92|59.845,00|
|23/01/2017|R|650,00|640,00|640,00|640,00|1|862|551.680,00|
|25/01/2017|R|640,00|640,00|0,00|0,00|1|200|140.000,00|
|26/01/2017|R|640,00|660,00|660,00|640,00|3|5.100|3.266.000,00|
|27/01/2017|R|660,00|700,00|700,00|700,00|1|28|19.600,00|
|31/01/2017|R|700,00|750,01|750,01|750,01|1|200|150.002,00|
|02/02/2017|R|750,01|800,00|801,00|800,00|9|5.150|4.120.300,00|
|03/02/2017|R|800,00|800,00|800,00|800,00|5|2.100|1.680.000,00|
|06/02/2017|R|800,00|880,00|880,00|880,00|1|220|193.600,00|
|08/02/2017|R|880,00|880,00|880,00|880,00|1|100|88.000,00|
|09/02/2017|R|880,00|880,00|880,00|880,00|1|50|44.000,00|
|10/02/2017|R|880,00|880,00|880,00|880,00|2|1.100|968.000,00|
|13/02/2017|R|880,00|900,00|920,00|900,00|4|205|184.600,00|
|14/02/2017|R|900,00|920,00|920,00|920,00|1|52|47.840,00|
|15/02/2017|R|920,00|920,00|920,00|920,00|1|500|460.000,00|
|16/02/2017|R|920,00|960,00|960,00|960,00|2|490|470.400,00|
|17/02/2017|R|960,00|1.650,00|1.657,00|1.100,00|9|1.884|2.692.548,00|
|20/02/2017|R|1.650,00|1.650,00|1.650,00|1.600,00|4|1.956|3.206.000,00|
|22/02/2017|R|1.650,00|1.500,00|1.500,00|1.500,00|2|115|172.500,00|
|23/02/2017|R|1.500,00|1.250,00|1.400,00|1.250,00|3|930|1.212.000,00|
|01/03/2017|R|1.200,00|1.250,00|1.250,00|1.250,00|1|75|93.750,00|
|02/03/2017|R|1.250,00|1.250,00|1.250,00|1.250,00|1|292|365.000,00|
|03/03/2017|R|1.250,00|1.250,00|1.250,02|1.250,00|8|1.640|2.050.010,48|
|06/03/2017|R|1.250,00|1.500,00|1.500,00|1.250,00|8|2.543|3.472.450,00|
|08/03/2017|R|1.500,00|1.590,00|1.590,00|1.590,00|1|3.628|5.768.520,00|
|10/03/2017|R|1.590,00|1.600,00|1.600,00|1.600,00|1|1.720|2.752.000,00|
|14/03/2017|R|1.600,00|1.600,00|1.600,00|1.600,00|2|1.220|1.952.000,00|
|16/03/2017|R|1.600,00|1.600,00|1.600,00|1.600,00|4|2.101|3.361.600,00|
|17/03/2017|R|1.600,00|1.600,00|1.600,00|1.600,00|5|2.825|4.520.000,00|
|21/03/2017|R|1.600,00|1.600,00|1.600,00|1.600,00|3|3.000|4.800.000,00|
|22/03/2017|R|1.600,00|1.600,00|1.650,00|1.600,00|4|2.458|3.979.585,00|
|23/03/2017|R|1.600,00|1.700,00|1.700,00|1.600,00|6|5.245|8.418.200,00|
|24/03/2017|R|1.700,00|1.650,00|1.650,00|1.650,00|2|800|1.320.000,00|
|27/03/2017|R|1.650,00|1.650,00|1.650,00|1.600,00|6|8.852|14.048.600,00|
|28/03/2017|R|1.650,00|1.700,00|1.700,00|1.650,00|2|4.214|6.968.100,00|
|29/03/2017|R|1.700,00|1.650,00|1.650,00|1.650,00|3|1.520|2.508.000,00|
|30/03/2017|R|1.650,00|1.700,00|1.700,00|1.700,00|2|6.532|10.817.800,00|
|03/04/2017|R|1.700,00|1.700,00|1.700,00|1.650,00|10|6.204|10.541.800,00|
|04/04/2017|R|1.700,00|1.800,00|1.800,00|1.750,00|6|4.900|8.695.000,00|
|05/04/2017|R|1.800,00|1.750,00|1.850,00|1.750,00|2|300|535.000,00|
|06/04/2017|R|1.750,00|1.800,00|1.850,00|1.800,00|3|1.100|1.985.000,00|
|07/04/2017|R|1.800,00|1.850,00|1.850,00|1.850,00|2|200|370.000,00|
|10/04/2017|R|1.850,00|1.850,00|1.850,00|1.850,00|2|2.541|4.320.450,00|
|11/04/2017|R|1.850,00|1.850,00|1.850,00|1.850,00|1|1.375|2.543.750,00|
|12/04/2017|R|1.850,00|1.900,00|1.900,00|1.900,00|2|200|380.000,00|
|17/04/2017|R|1.900,00|1.900,00|1.900,00|1.900,00|1|9|17.100,00|
|18/04/2017|R|1.900,00|1.900,00|1.900,00|1.900,00|2|1.391|2.642.900,00|
|20/04/2017|R|1.900,00|1.950,00|1.950,00|1.949,99|5|1.259|2.455.049,61|
|21/04/2017|R|1.950,00|2.000,00|2.000,00|2.000,00|1|1.100|2.200.000,00|
|24/04/2017|R|2.000,00|2.000,00|2.100,00|2.000,00|4|3.390|6.899.000,00|
|25/04/2017|R|2.000,00|2.100,00|2.100,00|2.050,00|3|1.700|3.535.000,00|
|26/04/2017|R|2.100,00|2.400,00|2.400,00|2.100,00|5|2.130|4.776.300,00|
|27/04/2017|R|2.400,00|2.100,00|2.100,00|2.100,00|3|500|1.050.000,00|
|28/04/2017|R|2.100,00|2.350,00|2.350,00|2.350,00|1|5|11.750,00|
|02/05/2017|R|2.350,00|2.400,00|2.400,00|2.200,00|3|545|1.279.000,00|
|03/05/2017|R|2.400,00|2.400,00|2.400,00|2.400,00|2|1.050|2.520.000,00|
|04/05/2017|R|2.400,00|2.490,00|2.490,00|2.490,00|2|2.726|6.081.300,00|
|05/05/2017|R|2.490,00|2.800,00|2.800,00|2.500,00|4|63|166.800,00|
|09/05/2017|R|2.800,00|2.800,00|0,00|0,00|2|2.842|7.348.600,00|
|10/05/2017|R|2.800,00|3.000,00|3.000,00|2.700,00|5|681|2.035.600,00|
|11/05/2017|R|3.000,00|3.000,00|3.000,00|3.000,00|1|30|90.000,00|
|15/05/2017|R|3.000,00|3.100,00|3.100,00|3.100,00|1|13|40.300,00|
|16/05/2017|R|3.100,00|3.000,00|3.100,00|3.000,00|5|828|2.521.000,00|
|17/05/2017|R|3.000,00|3.000,00|3.000,00|3.000,00|3|80|240.000,00|
|19/05/2017|R|3.000,00|3.000,00|3.100,00|3.000,00|3|2.400|7.210.000,00|
|22/05/2017|R|3.000,00|2.900,00|3.000,00|2.900,00|4|1.988|5.884.500,00|
|24/05/2017|R|2.900,00|2.950,00|2.950,00|2.950,00|1|1.664|4.908.800,00|
|25/05/2017|R|2.950,00|3.000,00|3.000,00|3.000,00|3|2.463|7.389.000,00|
|26/05/2017|R|3.000,00|3.000,00|3.000,00|3.000,00|2|1.735|5.205.000,00|
|30/05/2017|R|3.000,00|3.000,00|3.000,00|3.000,00|2|1.445|4.335.000,00|
|31/05/2017|R|3.000,00|3.000,00|3.000,00|3.000,00|1|800|2.400.000,00|
|01/06/2017|R|3.000,00|3.000,00|3.000,00|3.000,00|1|700|2.100.000,00|
|02/06/2017|R|3.000,00|3.000,00|3.100,00|3.000,00|4|2.498|7.574.000,00|
|06/06/2017|R|3.000,00|3.000,00|3.000,00|3.000,00|1|1.000|3.000.000,00|
|07/06/2017|R|3.000,00|3.050,00|3.050,00|3.000,00|7|7.100|21.305.000,00|
|08/06/2017|R|3.050,00|3.100,00|3.200,00|3.050,00|4|1.349|4.136.900,00|
|09/06/2017|R|3.100,00|3.100,00|3.100,00|3.100,00|2|202|626.200,00|
|12/06/2017|R|3.100,00|3.150,00|3.150,00|3.150,00|3|494|1.556.100,00|
|13/06/2017|R|3.150,00|3.600,00|3.600,00|3.150,00|12|10.890|34.387.681,14|
|14/06/2017|R|3.600,00|3.700,00|3.700,00|3.600,00|4|2.012|7.244.400,00|
|15/06/2017|R|3.700,00|3.800,00|3.800,00|3.750,00|3|9.012|34.195.600,00|
|16/06/2017|R|3.800,00|4.000,00|4.000,00|3.900,00|7|1.624|6.494.794,00|
|20/06/2017|R|4.000,00|4.400,00|4.400,00|4.000,00|9|4.193|16.993.100,00|
|21/06/2017|R|4.400,00|4.600,00|4.600,00|4.600,00|4|508|2.336.800,00|
|22/06/2017|R|4.600,00|4.600,00|0,00|0,00|1|18|81.000,00|
|23/06/2017|R|4.600,00|4.300,00|4.300,00|4.300,00|2|568|2.462.800,00|
|26/06/2017|R|4.300,00|4.350,00|4.350,00|4.300,00|3|1.299|5.586.950,00|
|27/06/2017|R|4.350,00|4.350,00|4.350,00|4.350,00|1|100|435.000,00|
|28/06/2017|R|4.350,00|4.300,00|4.350,00|4.300,00|4|1.248|5.348.600,00|
|29/06/2017|R|4.300,00|4.400,00|4.400,00|4.350,00|6|1.516|6.603.750,00|
|04/07/2017|R|4.400,00|4.400,00|4.400,00|4.400,00|2|100|440.000,00|
|06/07/2017|R|4.400,00|4.300,00|4.400,00|4.300,00|2|1.028|4.443.200,00|
|07/07/2017|R|4.300,00|3.600,00|3.600,00|3.600,00|1|18|64.800,00|
|11/07/2017|R|3.600,00|3.600,00|3.600,00|3.600,00|2|348|1.252.800,00|
|13/07/2017|R|3.600,00|4.250,00|4.297,00|4.250,00|3|1.263|5.371.510,00|
|14/07/2017|R|4.250,00|4.250,00|4.300,00|4.300,00|1|5|21.500,00|
|17/07/2017|R|4.250,00|4.350,00|4.350,00|4.350,00|3|48|208.800,00|
|18/07/2017|R|4.350,00|4.260,00|4.300,00|4.260,00|2|50|213.400,00|
|19/07/2017|R|4.260,00|4.350,00|4.350,00|4.350,00|1|18|78.300,00|
|21/07/2017|R|4.350,00|4.300,00|4.300,00|4.300,00|2|130|559.000,00|
|25/07/2017|R|4.300,00|4.300,00|4.300,00|4.300,00|1|200|860.000,00|
|28/07/2017|R|4.300,00|4.350,00|4.350,00|4.349,99|2|1.850|8.047.497,00|
|31/07/2017|R|4.350,00|4.300,00|4.350,00|4.300,00|3|7.887|33.970.550,00|
|02/08/2017|R|4.300,00|4.300,00|4.349,99|4.300,00|3|420|1.820.997,00|
|03/08/2017|R|4.300,00|5.000,00|5.000,00|4.399,99|5|1.095|4.832.396,50|
|04/08/2017|R|5.000,00|6.000,00|6.000,00|5.200,00|5|60|336.000,00|
|07/08/2017|R|6.000,00|6.300,00|6.300,00|6.200,00|3|1.187|7.388.250,00|
|08/08/2017|R|6.300,00|5.800,00|6.000,00|5.800,00|8|3.676|21.338.000,00|
|09/08/2017|R|5.800,00|5.800,00|5.800,00|5.800,00|2|170|986.000,00|
|11/08/2017|R|5.800,00|6.399,00|6.399,00|6.399,00|2|1.949|10.746.470,00|
|15/08/2017|R|6.399,00|6.399,00|6.399,00|6.399,00|1|9|57.591,00|
|16/08/2017|R|6.399,00|5.500,00|5.500,00|5.500,00|1|40|220.000,00|
|21/08/2017|R|5.500,00|6.000,00|6.000,00|6.000,00|1|140|840.000,00|
|22/08/2017|R|6.000,00|6.300,00|6.400,00|6.300,00|3|1.200|6.361.200,00|
|23/08/2017|R|6.300,00|6.300,00|6.300,00|6.300,00|2|320|2.016.000,00|
|24/08/2017|R|6.300,00|6.300,00|6.300,00|6.300,00|5|855|5.386.500,00|
|28/08/2017|R|6.300,00|6.200,00|6.400,00|6.200,00|7|4.480|27.872.000,00|
|30/08/2017|R|6.200,00|6.400,00|6.400,00|6.200,00|2|1.100|6.920.000,00|
|31/08/2017|R|6.400,00|6.400,00|6.400,00|6.400,00|1|25|160.000,00|
|01/09/2017|R|6.400,00|6.600,00|6.600,00|6.600,00|2|100|660.000,00|
|04/09/2017|R|6.600,00|6.550,00|6.600,00|6.550,00|2|294|1.926.200,00|
|05/09/2017|R|6.550,00|6.800,00|6.800,00|6.600,00|5|2.022|13.647.600,00|
|06/09/2017|R|6.800,00|7.000,00|7.000,00|7.000,00|2|20|140.000,00|
|07/09/2017|R|7.000,00|7.200,00|7.200,00|7.100,00|5|541|3.890.200,00|
|12/09/2017|R|7.200,00|7.400,00|7.599,00|7.300,00|6|2.602|19.341.800,00|
|13/09/2017|R|7.400,00|7.800,00|7.800,00|7.400,00|8|3.963|29.615.400,00|
|14/09/2017|R|7.800,00|8.400,00|8.400,00|8.000,00|3|36|295.200,00|
|15/09/2017|R|8.400,00|8.500,00|8.500,00|8.401,01|2|30|254.802,02|
|18/09/2017|R|8.500,00|10.000,00|10.000,00|10.000,00|1|7|70.000,00|
|19/09/2017|R|10.000,00|10.500,00|10.500,00|10.500,00|1|293|3.076.500,00|
|20/09/2017|R|10.500,00|10.500,01|10.500,01|10.500,01|2|32|336.000,32|
|21/09/2017|R|10.500,01|10.000,01|10.500,00|10.000,01|4|1.023|10.730.000,23|
|26/09/2017|R|10.000,01|11.000,00|11.000,00|11.000,00|1|145|1.595.000,00|
|27/09/2017|R|11.000,00|10.500,00|10.500,00|10.500,00|1|2.012|21.126.000,00|
|28/09/2017|R|10.500,00|10.200,00|10.200,00|10.200,00|1|1.500|15.300.000,00|
|02/10/2017|R|10.200,00|11.000,00|12.240,00|11.000,00|2|125|1.437.000,00|
|03/10/2017|R|11.000,00|11.001,00|13.198,00|11.000,00|4|106|1.168.253,00|
|04/10/2017|R|11.001,00|11.010,00|13.200,00|11.001,00|10|686|7.663.411,34|
|05/10/2017|R|11.010,00|11.006,00|11.006,00|11.001,01|3|349|3.839.801,59|
|06/10/2017|R|11.006,00|11.110,00|13.200,00|11.110,00|5|130|1.663.750,00|
|09/10/2017|R|11.110,00|11.001,00|11.001,00|11.001,00|3|170|1.870.170,00|
|11/10/2017|R|11.001,00|11.000,02|13.200,00|11.000,02|4|10.248|113.128.200,96|
|13/10/2017|R|11.000,02|11.550,00|11.550,00|11.550,00|1|58|669.900,00|
|16/10/2017|R|11.550,00|13.000,00|13.000,00|12.000,00|7|3.906|50.477.996,48|
|17/10/2017|R|13.000,00|14.000,00|14.000,00|14.000,00|2|950|13.300.000,00|
|18/10/2017|R|14.000,00|15.500,00|15.500,00|14.000,01|8|865|13.200.100,25|
|19/10/2017|R|15.500,00|16.000,00|16.000,00|15.500,00|6|3.450|54.724.997,00|
|20/10/2017|R|16.000,00|16.051,00|18.000,00|16.051,00|7|747|12.296.170,00|
|23/10/2017|R|16.051,00|18.000,00|18.000,00|16.500,00|13|3.058|54.573.000,00|
|24/10/2017|R|18.000,00|19.500,00|19.500,00|17.500,00|8|811|15.004.500,00|
|25/10/2017|R|19.500,00|20.500,00|20.500,00|20.000,00|11|17.135|330.475.500,00|
|26/10/2017|R|20.500,00|21.000,00|21.000,00|20.500,00|7|775|15.920.001,85|
|27/10/2017|R|21.000,00|25.000,00|25.000,00|21.500,00|9|168|3.787.000,00|
|30/10/2017|R|25.000,00|26.000,00|27.000,00|25.000,00|9|6.512|162.897.000,00|
|31/10/2017|R|26.000,00|22.025,00|27.000,00|22.025,00|8|1.453|34.045.594,00|
|01/11/2017|R|22.025,00|23.000,00|23.000,00|23.000,00|7|1.275|29.231.000,00|
|02/11/2017|R|23.000,00|25.999,00|25.999,00|25.999,00|1|4|103.996,00|
|03/11/2017|R|25.999,00|26.000,00|26.000,00|25.999,00|5|735|19.109.754,00|
|07/11/2017|R|26.000,00|26.000,00|26.000,00|21.500,00|6|1.451|32.477.500,00|
|08/11/2017|R|26.000,00|25.000,00|26.000,00|25.000,00|6|287|7.391.983,00|
|09/11/2017|R|25.000,00|25.000,00|0,00|0,00|1|200|4.950.000,00|
|10/11/2017|R|25.000,00|24.750,00|24.750,00|24.750,00|1|230|5.692.500,00|
|13/11/2017|R|24.750,00|24.730,00|24.730,00|20.100,00|2|2.212|53.776.760,00|
|14/11/2017|R|24.730,00|21.500,00|21.500,00|21.500,00|2|18.348|439.764.500,00|
|15/11/2017|R|21.500,00|21.500,00|21.500,00|21.000,00|3|111|2.386.000,00|
|16/11/2017|R|21.500,00|20.500,00|21.500,00|20.100,00|12|4.966|100.420.200,00|
|20/11/2017|R|20.500,00|24.000,00|24.000,00|20.000,00|8|3.090|63.384.900,00|
|21/11/2017|R|24.000,00|23.000,00|23.999,00|23.000,00|2|128|3.043.900,00|
|22/11/2017|R|23.000,00|23.000,00|23.000,00|23.000,00|3|320|7.360.000,00|
|23/11/2017|R|23.000,00|23.000,00|0,00|0,00|1|5|117.500,00|
|24/11/2017|R|23.000,00|23.100,00|23.100,00|23.000,00|2|13|299.300,00|
|27/11/2017|R|23.100,00|23.000,00|23.100,00|23.000,00|2|95|2.187.000,00|
|28/11/2017|R|23.000,00|20.000,00|20.500,00|20.000,00|8|1.746|34.924.000,00|
|29/11/2017|R|20.000,00|21.000,00|21.000,00|16.010,00|7|3.210|65.180.050,00|
|30/11/2017|R|21.000,00|21.500,00|21.500,00|20.001,00|7|1.101|22.108.043,00|
|01/12/2017|R|21.500,00|25.000,00|25.000,00|21.500,00|5|9.649|233.285.000,00|
|04/12/2017|R|25.000,00|26.000,00|26.500,00|25.000,00|4|4.242|110.047.000,00|
|05/12/2017|R|26.000,00|26.000,00|26.000,00|25.000,00|6|6.910|179.659.000,00|
|06/12/2017|R|26.000,00|25.500,00|25.700,00|25.500,00|3|3.004|76.704.400,00|
|07/12/2017|R|25.500,00|26.000,00|27.000,00|26.000,00|5|210|5.585.000,00|
|08/12/2017|R|26.000,00|26.000,00|26.000,00|26.000,00|5|2.216|57.616.000,00|
|12/12/2017|R|26.000,00|26.000,00|26.000,00|25.000,00|5|2.345|60.470.000,00|
|13/12/2017|R|26.000,00|25.995,00|26.000,00|25.500,00|4|3.300|85.066.000,00|
|14/12/2017|R|25.995,00|27.000,00|27.000,00|27.000,00|1|3|81.000,00|
|15/12/2017|R|27.000,00|27.000,00|27.000,00|27.000,00|3|415|11.205.000,00|
|18/12/2017|R|27.000,00|25.000,00|27.500,00|25.000,00|5|1.510|40.075.000,00|
|20/12/2017|R|25.000,00|27.000,00|27.000,00|27.000,00|2|470|12.690.000,00|
|21/12/2017|R|27.000,00|21.601,00|21.601,00|21.601,00|1|6|129.606,00|
|28/12/2017|R|21.601,00|25.000,00|25.000,00|25.000,00|2|500|12.500.000,00|
|29/12/2017|R|25.000,00|28.000,00|28.000,00|28.000,00|2|54|1.512.000,00|
|08/01/2018|R|28.000,00|28.000,00|28.000,00|28.000,00|3|896|25.088.000,00|
|11/01/2018|R|28.000,00|29.000,00|29.000,00|28.990,00|3|297|8.612.800,00|
|12/01/2018|R|29.000,00|29.000,00|30.000,00|29.000,00|3|3.033|87.990.000,00|
|15/01/2018|R|29.000,00|31.000,00|32.000,00|30.000,00|8|3.058|94.556.000,00|
|16/01/2018|R|31.000,00|31.500,00|31.500,00|31.000,00|3|560|17.610.000,00|
|18/01/2018|R|31.500,00|31.500,00|0,00|0,00|2|3.548|109.988.000,00|
|19/01/2018|R|31.500,00|35.000,00|35.000,00|35.000,00|5|2.034|71.113.000,00|
|22/01/2018|R|35.000,00|41.500,00|41.500,00|41.500,00|6|6.709|236.895.000,00|
|23/01/2018|R|41.500,00|48.000,00|48.000,00|41.500,00|3|123|5.644.000,00|
|24/01/2018|R|48.000,00|50.000,00|50.000,00|48.000,00|6|341|16.898.000,00|
|25/01/2018|R|50.000,00|55.000,00|55.000,00|50.000,00|4|964|50.700.000,00|
|26/01/2018|R|55.000,00|60.000,00|60.000,00|55.000,00|4|3.395|174.250.000,00|
|29/01/2018|R|60.000,00|72.000,00|72.000,00|60.000,00|6|289|18.796.370,00|
|30/01/2018|R|72.000,00|75.000,00|75.000,00|75.000,00|3|4.059|292.332.000,00|
|31/01/2018|R|75.000,00|72.000,00|72.000,00|70.000,00|9|5.208|365.732.000,00|
|01/02/2018|R|72.000,00|65.000,00|75.500,00|65.000,00|10|654|41.880.000,00|
|02/02/2018|R|65.000,00|68.000,00|68.000,00|68.000,00|4|3.071|199.915.000,00|
|05/02/2018|R|68.000,00|65.000,00|65.000,00|65.000,00|1|27|1.755.000,00|
|06/02/2018|R|65.000,00|65.000,00|65.000,01|65.000,00|6|965|62.725.000,04|
|07/02/2018|R|65.000,00|60.000,00|65.000,00|60.000,00|3|500|31.600.000,00|
|08/02/2018|R|60.000,00|65.000,00|65.000,00|55.000,00|7|5.000|304.575.000,00|
|09/02/2018|R|64.600,00|76.000,00|76.000,00|76.000,00|1|136|10.336.000,00|
|14/02/2018|R|76.000,00|76.000,00|76.000,00|76.000,00|3|388|29.488.000,00|
|15/02/2018|R|76.000,00|65.000,00|65.000,00|65.000,00|2|65|4.225.000,00|
|16/02/2018|R|65.000,00|70.000,00|70.000,00|70.000,00|2|500|35.000.000,00|
|19/02/2018|R|70.000,00|70.000,00|70.000,00|70.000,00|3|1.294|90.580.000,00|
|20/02/2018|R|70.000,00|75.500,00|75.500,00|70.000,00|7|1.180|83.040.000,00|
|21/02/2018|R|75.500,00|70.000,00|70.000,00|70.000,00|2|114|7.980.000,00|
|22/02/2018|R|70.000,00|75.000,00|75.000,00|75.000,00|3|2.328|166.960.000,00|
|23/02/2018|R|75.000,00|74.000,00|74.000,00|74.000,00|1|88|6.512.000,00|
|26/02/2018|R|74.000,00|75.000,00|75.000,00|74.000,00|3|136|10.066.000,00|
|27/02/2018|R|75.000,00|74.000,00|74.000,00|74.000,00|7|1.204|89.096.000,00|
|28/02/2018|R|74.000,00|70.000,00|70.000,00|67.000,00|4|1.182|82.590.000,00|
|01/03/2018|R|70.000,00|68.000,00|70.000,00|67.500,00|5|181|12.325.000,00|
|02/03/2018|R|68.000,00|66.000,00|66.000,00|66.000,00|1|917|60.522.000,00|
|05/03/2018|R|66.000,00|66.000,00|66.200,00|66.000,00|7|3.317|218.961.100,00|
|06/03/2018|R|66.000,00|70.000,00|70.000,00|70.000,00|2|2.523|176.610.000,00|
|09/03/2018|R|70.000,00|70.000,00|0,00|0,00|2|26|1.945.000,00|
|13/03/2018|R|70.000,00|72.000,00|72.000,00|72.000,00|4|87|6.264.000,00|
|14/03/2018|R|72.000,00|75.000,00|75.000,00|72.000,00|2|40|2.940.000,00|
|15/03/2018|R|75.000,00|75.001,00|81.900,00|75.001,00|10|1.460|110.529.502,00|
|16/03/2018|R|75.001,00|89.998,00|89.998,00|73.000,00|9|4.102|299.699.996,00|
|21/03/2018|R|89.998,00|89.998,00|89.998,00|89.998,00|2|37.000|3.329.926.000,00|
|22/03/2018|R|89.998,00|92.000,00|92.000,00|92.000,00|2|2.000|184.000.000,00|
|23/03/2018|R|92.000,00|97.000,00|97.000,00|97.000,00|3|797|73.424.000,00|
|26/03/2018|R|97.000,00|105.000,00|105.000,00|100.000,00|2|102|10.260.000,00|
|27/03/2018|R|105.000,00|105.000,00|107.000,00|105.000,00|6|7.911|844.457.000,00|
|28/03/2018|R|105.000,00|110.000,00|110.000,00|110.000,00|1|172|18.920.000,00|
|02/04/2018|R|110.000,00|130.000,00|130.000,00|130.000,00|6|450|58.500.000,00|
|03/04/2018|R|130.000,00|130.000,00|130.000,00|130.000,00|3|1.011|131.430.000,00|
|04/04/2018|R|130.000,00|150.000,00|150.000,00|150.000,00|3|1.582|237.300.000,00|
|05/04/2018|R|150.000,00|160.000,00|160.000,00|140.000,00|4|1.170|185.960.000,00|
|06/04/2018|R|160.000,00|192.000,00|192.000,00|192.000,00|1|2|384.000,00|
|09/04/2018|R|192.000,00|200.000,00|200.000,00|192.000,00|9|2.509|493.328.000,00|
|10/04/2018|R|200.000,00|280.000,00|288.000,00|240.000,00|12|3.362|903.920.000,00|
|11/04/2018|R|280.000,00|320.000,00|320.000,00|280.000,01|11|2.952|914.190.000,41|
|12/04/2018|R|320.000,00|360.000,00|360.000,00|300.000,00|4|1.455|437.790.000,00|
|13/04/2018|R|360.000,00|400.000,00|400.000,00|380.000,00|8|811|324.180.000,00|
|16/04/2018|R|400.000,00|400.000,00|450.000,00|400.000,00|4|1.144|459.800.000,00|
|17/04/2018|R|400.000,00|480.000,00|480.000,00|480.000,00|1|3|1.440.000,00|
|18/04/2018|R|480.000,00|480.000,00|480.000,00|480.000,00|3|36|17.280.000,00|
|20/04/2018|R|480.000,00|480.000,00|486.000,00|480.000,00|8|244|117.518.000,00|
|24/04/2018|R|480.000,00|470.000,00|480.000,00|470.000,00|4|44|20.690.000,10|
|25/04/2018|R|470.000,00|400.000,01|450.000,00|400.000,00|6|1.126|450.900.001,50|
|26/04/2018|R|400.000,01|400.000,00|400.000,00|400.000,00|5|275|110.000.000,00|
|27/04/2018|R|400.000,00|400.000,00|400.000,00|395.000,00|9|577|230.680.000,00|
|30/04/2018|R|400.000,00|460.000,00|470.000,00|460.000,00|4|66|30.610.000,00|
|03/05/2018|R|460.000,00|450.000,00|460.000,00|450.000,00|2|3|1.360.000,00|
|04/05/2018|R|450.000,00|440.000,00|450.000,00|440.000,00|2|24|10.700.000,00|
|07/05/2018|R|440.000,00|425.000,00|438.000,00|425.000,00|4|125|53.138.000,00|
|08/05/2018|R|425.000,00|350.000,00|400.000,00|350.000,00|2|500|176.000.000,00|
|09/05/2018|R|350.000,00|400.000,00|410.000,00|350.000,00|8|3.868|1.455.540.000,00|
|10/05/2018|R|400.000,00|400.000,00|400.000,00|400.000,00|4|208|83.200.000,00|
|11/05/2018|R|400.000,00|470.000,00|470.000,00|420.000,00|12|3.370|1.415.550.000,00|
|15/05/2018|R|470.000,00|400.000,00|470.000,00|400.000,00|11|1.971|832.770.000,00|
|16/05/2018|R|400.000,00|420.000,00|420.000,00|420.000,00|7|4.200|1.764.000.000,00|
|17/05/2018|R|420.000,00|455.000,00|460.000,00|455.000,00|5|141|62.180.000,00|
|18/05/2018|R|455.000,00|455.000,00|460.000,00|455.000,00|10|11.056|5.073.845.000,00|
|21/05/2018|R|455.000,00|450.000,00|455.000,00|450.000,00|6|631|284.190.000,00|
|22/05/2018|R|450.000,00|470.000,00|470.000,00|450.000,00|20|4.825|2.234.060.000,00|
|23/05/2018|R|470.000,00|470.000,00|470.000,00|470.000,00|1|8|3.760.000,00|
|24/05/2018|R|470.000,00|500.000,00|500.000,00|470.000,00|5|475|236.820.000,00|
|25/05/2018|R|500.000,00|550.000,00|550.000,00|500.000,00|5|277|145.425.000,00|
|29/05/2018|R|550.000,00|650.000,00|650.000,00|650.000,00|3|510|331.500.000,00|
|31/05/2018|R|650.000,00|780.000,00|780.000,00|780.000,00|2|482|375.960.000,00|
|01/06/2018|R|780.000,00|780.000,00|780.000,00|780.000,00|6|721|562.380.000,00|
|05/06/2018|R|780.000,00|800.000,00|800.000,00|780.000,00|6|644|508.800.000,00|
|06/06/2018|R|800.000,00|820.000,00|820.000,00|800.000,00|8|829|663.520.000,00|
|07/06/2018|R|820.000,00|820.000,00|820.000,00|820.000,00|4|1.434|1.175.880.000,00|
|08/06/2018|R|820.000,00|800.000,00|840.000,00|800.000,00|7|779|650.000.000,00|
|11/06/2018|R|800.000,00|800.000,00|860.000,00|800.000,00|3|125|100.210.000,00|
|12/06/2018|R|800.000,00|850.000,00|850.000,00|800.000,00|9|563|455.290.000,00|
|13/06/2018|R|850.000,00|800.000,00|850.000,00|800.000,00|3|10|8.100.000,00|
|14/06/2018|R|800.000,00|980.000,00|980.000,00|850.000,00|10|2.810|2.578.090.000,00|
|15/06/2018|R|980.000,00|1.160.000,00|1.160.000,00|1.050.000,00|7|1.203|1.325.150.000,00|
|18/06/2018|R|1.160.000,00|1.300.000,00|1.392.000,00|1.300.000,00|9|1.406|1.917.840.000,00|
|19/06/2018|R|1.300.000,00|1.350.000,00|1.350.000,00|1.350.000,00|3|228|307.800.000,00|
|20/06/2018|R|1.350.000,00|1.550.000,00|1.550.010,00|1.500.000,00|15|2.023|3.085.650.030,00|
|21/06/2018|R|1.550.000,00|1.800.000,00|1.800.000,00|1.600.000,00|8|1.412|2.362.200.000,00|
|22/06/2018|R|1.800.000,00|1.800.000,00|1.800.000,00|1.800.000,00|7|1.385|2.493.000.000,00|
|25/06/2018|R|1.800.000,00|1.900.000,00|1.900.000,00|1.799.000,00|13|3.754|6.757.096.880,00|
|26/06/2018|R|1.900.000,00|2.000.000,00|2.000.000,00|1.900.000,00|6|862|1.638.800.000,00|
|27/06/2018|R|2.000.000,00|2.000.000,00|2.000.000,00|1.950.000,00|6|1.259|2.496.750.000,00|
|28/06/2018|R|2.000.000,00|2.100.000,00|2.100.000,00|2.000.000,00|4|245|490.900.000,00|
|29/06/2018|R|2.100.000,00|2.200.000,00|2.200.000,00|2.100.000,00|5|1.251|2.703.100.000,00|
|03/07/2018|R|2.200.000,00|2.400.000,00|2.400.000,00|2.200.000,00|11|4.151|9.892.400.000,00|
|04/07/2018|R|2.400.000,00|2.800.000,00|2.800.000,00|2.600.000,00|8|1.315|3.420.800.000,00|
|06/07/2018|R|2.800.000,00|2.800.000,00|0,00|0,00|1|17.060|47.768.000.000,00|
|09/07/2018|R|2.800.000,00|2.798.000,00|2.800.000,00|2.798.000,00|5|330|923.397.000,00|
|10/07/2018|R|2.798.000,00|2.599.000,00|2.700.000,00|2.599.000,00|4|34|89.390.000,00|
|11/07/2018|R|2.599.000,00|2.550.000,00|2.550.000,00|2.200.000,00|7|2.512|5.527.100.000,00|
|12/07/2018|R|2.550.000,00|2.400.000,00|2.550.000,00|2.100.000,00|5|22|52.350.000,00|
|13/07/2018|R|2.400.000,00|2.500.000,00|2.500.000,00|2.500.000,00|6|38|95.000.000,00|
|16/07/2018|R|2.500.000,00|2.450.000,00|2.450.000,00|2.400.000,00|8|491|1.178.550.000,00|
|17/07/2018|R|2.450.000,00|2.350.000,00|2.450.000,00|2.350.000,00|6|507|1.191.750.000,00|
|18/07/2018|R|2.350.000,00|2.400.000,00|2.400.000,00|2.350.000,00|4|515|1.235.650.000,00|
|19/07/2018|R|2.400.000,00|2.200.000,00|2.200.000,00|2.150.000,00|7|2.600|5.665.100.000,00|
|20/07/2018|R|2.200.000,00|2.100.000,00|2.150.000,00|2.100.000,00|3|1.016|2.134.400.000,00|
|23/07/2018|R|2.100.000,00|2.300.000,00|2.400.000,00|2.300.000,00|3|157|363.100.000,00|
|26/07/2018|R|2.300.000,00|2.150.000,00|2.250.000,00|2.150.000,00|2|20|44.000.000,00|
|27/07/2018|R|2.150.000,00|2.150.000,00|2.150.000,00|2.150.000,00|2|1.000|2.150.000.000,00|
|01/08/2018|R|2.150.000,00|2.150.000,00|2.290.000,00|2.150.000,00|3|7|15.310.000,00|
|02/08/2018|R|2.150.000,00|2.150.000,00|2.150.000,00|2.150.000,00|2|665|1.292.250.000,00|
|03/08/2018|R|2.150.000,00|2.450.000,00|2.450.000,00|2.450.000,00|2|46|112.700.000,00|
|06/08/2018|R|2.450.000,00|2.480.000,00|2.480.000,00|2.440.000,00|4|1.177|2.913.540.000,00|
|07/08/2018|R|2.480.000,00|2.500.000,00|2.550.000,00|2.500.000,00|6|243|610.000.000,00|
|08/08/2018|R|2.500.000,00|2.310.050,00|2.500.000,00|2.310.000,00|3|50|115.881.150,00|
|09/08/2018|R|2.310.050,00|2.500.000,00|2.500.000,00|2.499.990,00|5|992|2.479.998.000,00|
|10/08/2018|R|2.500.000,00|2.200.000,00|2.200.000,00|2.200.000,00|2|511|1.127.500.000,00|
|13/08/2018|R|2.200.000,00|2.600.000,00|2.600.000,00|2.200.000,00|8|1.837|4.506.200.000,00|
|14/08/2018|R|2.600.000,00|2.600.000,00|2.800.010,00|2.600.000,00|8|285.334|742.564.400.650,00|
|15/08/2018|R|2.600.000,00|3.120.000,00|3.120.000,00|3.000.000,00|5|250|762.000.000,00|
|16/08/2018|R|3.120.000,00|3.200.000,00|3.200.000,00|3.200.000,00|1|8|25.600.000,00|
|21/08/2018|R|32,00|50,41|50,41|32,00|5|72|3.424,70|
|22/08/2018|R|50,41|51,20|55,00|51,20|6|466|24.836,00|
|23/08/2018|R|51,20|52,00|55,00|52,00|4|97|5.074,00|
|24/08/2018|R|52,00|57,50|57,50|56,00|6|1.685|97.078,50|
|27/08/2018|R|57,50|57,50|57,50|57,50|4|1.433|82.397,50|
|28/08/2018|R|57,50|55,00|55,00|50,00|6|2.151|108.762,00|
|29/08/2018|R|55,00|55,00|55,00|44,01|5|81|4.345,10|
|04/09/2018|R|55,00|44,00|44,00|44,00|3|600|26.559,00|
|05/09/2018|R|44,00|52,70|52,70|44,00|8|2.917|128.356,70|
|06/09/2018|R|52,70|50,00|55,00|48,00|9|1.022|52.836,60|
|07/09/2018|R|50,00|55,00|55,00|50,00|5|220|11.620,00|
|11/09/2018|R|55,00|60,00|60,00|55,00|3|205|11.780,00|
|12/09/2018|R|60,00|65,00|65,00|60,00|7|485|29.957,00|
|13/09/2018|R|65,00|74,00|74,00|70,00|6|750|52.900,00|
|14/09/2018|R|74,00|74,00|74,00|74,00|1|100|7.400,00|
|17/09/2018|R|74,00|80,00|81,00|78,00|13|723|57.585,00|
|19/09/2018|R|80,00|80,00|80,00|72,00|3|190|14.880,00|
|20/09/2018|R|80,00|75,00|80,00|75,00|4|335|26.700,00|
|21/09/2018|R|75,00|72,01|72,01|72,00|2|70|5.040,50|
|24/09/2018|R|72,01|70,00|71,00|70,00|4|186|13.156,00|
|25/09/2018|R|70,00|65,00|68,00|65,00|3|1.200|78.600,00|
|26/09/2018|R|65,00|73,00|73,00|65,00|5|2.871|204.327,00|
|27/09/2018|R|73,00|65,00|73,00|65,00|2|295|21.455,00|
|28/09/2018|R|65,00|75,00|75,00|70,00|6|3.255|234.125,00|
|01/10/2018|R|75,00|85,00|85,00|75,00|6|1.922|161.470,00|
|02/10/2018|R|85,00|84,99|90,00|84,99|2|19|1.624,83|
|03/10/2018|R|84,99|82,00|82,00|82,00|3|307|25.174,00|
|04/10/2018|R|82,00|82,00|82,00|82,00|1|100|8.200,00|
|05/10/2018|R|82,00|75,00|84,00|75,00|4|37|2.981,00|
|08/10/2018|R|75,00|79,99|79,99|79,99|1|1|79,99|
|09/10/2018|R|79,99|72,00|75,00|72,00|6|410|29.742,00|
|11/10/2018|R|72,00|70,00|70,00|70,00|2|230|16.100,00|
|15/10/2018|R|70,00|76,00|76,00|76,00|2|300|22.800,00|
|16/10/2018|R|76,00|74,00|74,00|74,00|1|4|296,00|
|17/10/2018|R|74,00|70,00|70,00|70,00|1|5|350,00|
|22/10/2018|R|70,00|78,00|78,00|74,00|3|305|23.370,00|
|23/10/2018|R|78,00|75,00|78,00|75,00|6|2.052|157.554,00|
|24/10/2018|R|75,00|75,00|75,00|75,00|8|1.056|79.200,00|
|25/10/2018|R|75,00|84,00|84,00|75,00|9|3.545|274.630,00|
|26/10/2018|R|84,00|85,00|85,00|85,00|3|573|48.705,00|
|29/10/2018|R|85,00|85,00|85,00|85,00|2|100|8.500,00|
|30/10/2018|R|85,00|79,99|80,00|79,99|4|332|26.559,68|
|31/10/2018|R|79,99|89,00|89,00|79,99|7|989|79.433,40|
|01/11/2018|R|89,00|100,00|100,00|89,00|8|775|69.725,00|
|02/11/2018|R|100,00|100,00|100,00|100,00|3|1.706|170.600,00|
|06/11/2018|R|100,00|102,00|110,00|100,00|7|519|52.797,00|
|07/11/2018|R|102,00|103,00|109,00|103,00|4|1.482|154.782,00|
|08/11/2018|R|103,00|105,00|105,00|100,00|5|5.024|502.521,00|
|09/11/2018|R|105,00|115,00|115,00|110,00|5|2.549|281.640,00|
|12/11/2018|R|115,00|115,00|115,00|115,00|2|100|11.500,00|
|13/11/2018|R|115,00|120,00|120,00|120,00|1|1|120,00|
|14/11/2018|R|120,00|120,00|120,00|120,00|4|3.500|420.000,00|
|15/11/2018|R|120,00|105,00|105,00|105,00|1|82|8.610,00|
|16/11/2018|R|105,00|110,00|126,00|110,00|2|5|598,00|
|19/11/2018|R|110,00|120,00|125,00|120,00|2|22|2.715,00|
|20/11/2018|R|120,00|110,00|111,00|110,00|3|2.225|244.975,00|
|21/11/2018|R|110,00|110,00|110,00|110,00|7|2.129|234.190,00|
|22/11/2018|R|110,00|105,00|105,00|105,00|1|118|12.390,00|
|23/11/2018|R|105,00|114,95|114,95|110,01|3|4.202|462.271,90|
|26/11/2018|R|114,95|124,75|125,00|110,00|7|4.534|543.738,00|
|27/11/2018|R|124,75|145,00|145,00|140,00|4|757|107.265,00|
|28/11/2018|R|145,00|170,00|170,00|150,00|5|757|115.690,00|
|30/11/2018|R|170,00|150,00|170,00|150,00|7|510|86.500,00|
|03/12/2018|R|150,00|170,00|170,00|150,00|3|104|17.600,00|
|04/12/2018|R|170,00|176,00|190,00|176,00|3|110|19.620,00|
|05/12/2018|R|176,00|170,00|190,00|168,00|3|130|22.062,00|
|06/12/2018|R|170,00|175,00|180,00|175,00|3|80|14.180,00|
|07/12/2018|R|175,00|170,00|175,00|170,00|2|63|10.735,00|
|10/12/2018|R|170,00|140,00|170,00|140,00|2|51|7.170,00|
|11/12/2018|R|140,00|150,00|150,00|140,07|6|339|50.252,94|
|12/12/2018|R|150,00|151,00|160,00|151,00|3|263|39.738,50|
|13/12/2018|R|151,00|152,00|152,00|152,00|3|802|121.904,00|
|14/12/2018|R|152,00|160,00|160,00|150,00|5|935|144.800,00|
|17/12/2018|R|160,00|180,00|180,00|180,00|1|1|180,00|
|18/12/2018|R|180,00|190,00|190,00|180,00|5|1.004|185.510,00|
|19/12/2018|R|190,00|190,00|195,00|190,00|5|1.537|295.285,00|
|20/12/2018|R|190,00|190,00|190,00|190,00|1|500|95.000,00|
|21/12/2018|R|190,00|194,00|194,00|194,00|3|1.900|368.600,00|
|26/12/2018|R|194,00|230,00|230,00|190,00|6|1.065|209.772,00|
|27/12/2018|R|230,00|230,00|230,00|230,00|3|63|14.490,00|
|28/12/2018|R|230,00|270,00|270,00|265,00|3|3.742|994.130,00|
|03/01/2019|R|270,00|275,00|275,00|275,00|1|20|5.500,00|
|04/01/2019|R|275,00|270,00|270,00|270,00|1|6|1.620,00|
|07/01/2019|R|270,00|320,00|320,00|310,00|4|408|129.060,00|
|08/01/2019|R|320,00|480,00|480,00|400,00|5|1.065|434.000,00|
|09/01/2019|R|480,00|685,00|691,20|576,00|7|367|220.030,40|
|10/01/2019|R|685,00|660,00|730,00|660,00|7|2.742|1.845.650,00|
|14/01/2019|R|660,00|710,00|710,00|710,00|1|20|14.200,00|
|15/01/2019|R|710,00|735,00|736,00|735,00|2|60|44.105,00|
|18/01/2019|R|735,00|850,00|850,00|735,00|4|1.655|1.250.925,00|
|21/01/2019|R|850,00|925,00|925,00|900,00|6|756|685.480,00|
|22/01/2019|R|925,00|1.100,00|1.100,00|1.100,00|2|5|5.500,00|
|23/01/2019|R|1.100,00|1.100,00|0,00|0,00|1|10|8.800,00|
|24/01/2019|R|1.100,00|960,00|1.100,00|950,00|6|1.083|1.034.820,00|
|25/01/2019|R|960,00|1.000,00|1.000,00|1.000,00|6|2.342|2.342.000,00|
|28/01/2019|R|1.000,00|1.200,00|1.200,00|1.150,00|7|1.710|2.022.000,00|
|29/01/2019|R|1.200,00|1.200,00|1.200,00|1.200,00|2|322|386.400,00|
|31/01/2019|R|1.200,00|1.000,00|1.200,00|1.000,00|3|280|282.150,00|
|01/02/2019|R|1.000,00|1.060,00|1.199,00|1.060,00|6|1.325|1.413.515,00|
|04/02/2019|R|1.060,00|1.060,00|1.061,00|1.000,00|8|1.293|1.328.583,00|
|05/02/2019|R|1.060,00|1.110,00|1.200,00|1.110,00|7|1.506|1.704.915,00|
|06/02/2019|R|1.110,00|1.250,00|1.250,00|1.120,00|6|1.764|1.987.600,00|
|07/02/2019|R|1.250,00|1.100,00|1.110,00|1.100,00|3|860|950.300,00|
|08/02/2019|R|1.100,00|1.150,00|1.200,00|1.150,00|3|506|582.200,00|
|11/02/2019|R|1.150,00|1.190,00|1.190,00|1.150,00|6|997|1.160.150,00|
|13/02/2019|R|1.190,00|1.100,00|1.150,00|1.100,00|2|10|11.100,00|
|14/02/2019|R|1.100,00|1.050,00|1.050,00|1.000,00|5|1.100|1.120.000,00|
|15/02/2019|R|1.050,00|1.140,00|1.140,00|1.050,00|5|717|775.500,00|
|18/02/2019|R|1.140,00|1.200,00|1.200,01|1.140,00|7|290|337.600,01|
|19/02/2019|R|1.200,00|1.320,00|1.320,00|1.210,00|4|39.600|51.419.500,00|
|20/02/2019|R|1.320,00|1.260,00|1.260,00|1.260,00|1|12|15.120,00|
|21/02/2019|R|1.260,00|1.420,00|1.420,00|1.300,00|11|6.714|9.248.400,00|
|22/02/2019|R|1.420,00|1.601,00|1.704,00|1.601,00|10|2.147|3.582.062,00|
|25/02/2019|R|1.601,00|1.700,00|1.700,00|1.700,00|1|20|34.000,00|
|26/02/2019|R|1.700,00|1.900,00|1.900,00|1.850,00|3|1.290|2.441.000,00|
|27/02/2019|R|1.900,00|2.000,00|2.000,00|2.000,00|1|45|90.000,00|
|06/03/2019|R|2.000,00|2.400,00|2.400,00|2.000,00|5|172|375.000,00|
|07/03/2019|R|2.400,00|2.300,00|2.300,00|2.300,00|10|1.045|2.403.500,00|
|14/03/2019|R|2.300,00|2.000,00|2.100,00|2.000,00|7|13.085|26.196.400,00|
|15/03/2019|R|2.000,00|2.100,00|2.100,00|1.750,00|2|31|59.850,00|
|18/03/2019|R|2.100,00|2.300,00|2.400,00|2.300,00|4|82|188.800,00|
|20/03/2019|R|2.300,00|2.300,00|2.400,00|2.300,00|4|34.968|64.777.916,00|
|21/03/2019|R|2.300,00|2.250,00|2.300,00|2.250,00|6|721|1.631.600,00|
|22/03/2019|R|2.250,00|2.250,00|2.400,00|2.250,00|6|1.578|3.580.450,00|
|25/03/2019|R|2.250,00|1.820,00|2.400,00|1.820,00|13|2.791|6.150.900,00|
|29/03/2019|R|1.820,00|1.800,00|1.800,00|1.800,00|4|553|995.400,00|
|02/04/2019|R|1.797,50|2.157,00|2.157,00|2.157,00|3|61|131.577,00|
|03/04/2019|R|2.157,00|2.000,00|2.200,00|2.000,00|4|1.288|2.593.700,00|
|04/04/2019|R|2.000,00|2.100,00|2.200,00|2.100,00|3|52|109.400,00|
|05/04/2019|R|2.100,00|2.000,00|2.100,00|2.000,00|6|827|1.699.700,00|
|08/04/2019|R|2.000,00|2.100,00|2.100,00|2.100,00|4|393|825.300,00|
|09/04/2019|R|2.100,00|2.100,00|2.101,00|2.100,00|4|4.067|8.540.767,00|
|10/04/2019|R|2.100,00|2.100,00|2.100,00|2.100,00|4|6.694|14.057.400,00|
|11/04/2019|R|2.100,00|2.100,00|0,00|0,00|1|100|210.000,00|
|12/04/2019|R|2.100,00|2.300,00|2.500,00|2.200,00|4|2.805|6.771.500,00|
|22/04/2019|R|2.300,00|2.300,00|2.400,00|2.400,00|1|3|7.200,00|
|23/04/2019|R|2.300,00|3.600,00|3.600,00|2.700,00|9|4.496|12.790.700,00|
|24/04/2019|R|3.600,00|4.100,00|4.320,00|3.600,00|14|9.394|39.459.650,32|
|25/04/2019|R|4.100,00|3.925,00|4.000,00|3.800,00|7|157|603.050,00|
|26/04/2019|R|3.925,00|3.900,00|3.900,00|3.895,00|6|1.061|4.135.400,00|
|29/04/2019|R|3.900,00|3.900,00|3.900,00|3.850,00|3|49|189.600,00|
|02/05/2019|R|3.900,00|3.900,00|4.320,00|3.900,00|8|1.846|7.214.220,00|
|03/05/2019|R|3.900,00|3.800,00|3.900,00|3.800,00|2|1.705|6.479.500,00|
|09/05/2019|R|3.800,00|3.300,00|3.300,00|3.300,00|1|230|759.000,00|
|10/05/2019|R|3.300,00|3.350,01|3.350,01|3.350,00|3|13.679|45.824.651,79|
|13/05/2019|R|3.350,01|3.475,00|3.500,00|3.475,00|2|19|66.250,00|
|14/05/2019|R|3.475,00|3.500,00|3.850,00|3.474,99|8|2.417|8.460.599,90|
|15/05/2019|R|3.500,00|3.300,00|3.600,00|3.300,00|4|203|680.800,00|
|16/05/2019|R|3.300,00|3.300,00|3.300,00|3.300,00|1|2.000|6.600.000,00|
|27/05/2019|R|3.100,00|3.100,00|3.100,00|3.100,00|1|50|155.000,00|
|28/05/2019|R|3.100,00|3.100,00|3.100,00|3.100,00|3|157|486.700,00|
|29/05/2019|R|3.100,00|3.100,00|3.150,00|3.100,00|2|172|540.900,00|
|30/05/2019|R|3.100,00|3.105,00|3.105,00|3.100,00|3|102|316.450,00|
|31/05/2019|R|3.105,00|3.200,00|3.200,00|3.200,00|3|229|732.800,00|
|04/06/2019|R|3.200,00|3.300,00|3.300,00|3.300,00|1|99|326.700,00|
|05/06/2019|R|3.300,00|3.200,00|3.290,00|3.200,00|4|1.603|5.139.500,00|
|06/06/2019|R|3.200,00|3.200,00|3.200,00|3.200,00|9|2.454|7.852.800,00|
|07/06/2019|R|3.200,00|3.000,00|3.100,00|3.000,00|3|64|195.700,00|
|10/06/2019|R|3.000,00|2.800,00|2.850,00|2.750,00|4|205|569.000,00|
|11/06/2019|R|2.800,00|2.750,00|2.750,00|2.750,00|4|2.291|6.300.250,00|
|12/06/2019|R|2.750,00|2.750,00|2.750,00|2.750,00|3|177|486.750,00|
|13/06/2019|R|2.750,00|3.500,00|3.500,00|3.000,00|5|5.538|19.121.600,00|
|14/06/2019|R|3.500,00|3.620,00|3.620,00|3.200,00|7|664|2.280.510,00|
|18/06/2019|R|3.620,00|3.650,00|3.700,00|3.620,00|8|1.662|6.022.640,00|
|19/06/2019|R|3.650,00|3.900,00|3.900,00|3.900,00|2|5|19.500,00|
|20/06/2019|R|3.900,00|4.000,00|4.000,00|4.000,00|3|621|2.484.000,00|
|21/06/2019|R|4.000,00|4.150,00|4.200,00|4.000,00|9|1.091|4.452.610,00|
|25/06/2019|R|4.150,00|4.150,00|4.150,00|4.150,00|4|1.180|4.897.000,00|
|26/06/2019|R|4.150,00|4.301,00|4.320,00|4.300,00|12|2.077|8.933.700,00|
|27/06/2019|R|4.301,00|4.300,00|4.320,00|4.300,00|6|3.140|13.505.860,00|
|28/06/2019|R|4.300,00|4.900,00|4.900,00|4.300,00|10|3.506|16.459.800,00|
|01/07/2019|R|4.900,00|4.500,00|5.000,00|4.500,00|9|16.934|83.164.000,00|
|02/07/2019|R|4.500,00|4.635,00|4.635,00|4.600,00|2|149|685.925,00|
|03/07/2019|R|4.635,00|4.635,00|4.850,00|4.850,00|1|2|9.700,00|
|04/07/2019|R|4.635,00|4.800,00|5.250,00|4.700,00|4|165|792.949,95|
|08/07/2019|R|4.800,00|4.800,00|5.000,00|4.800,00|5|36|173.200,00|
|09/07/2019|R|4.800,00|4.900,00|4.900,00|4.800,00|5|10.427|50.067.600,00|
|10/07/2019|R|4.900,00|4.900,00|4.900,00|4.900,00|4|10.099|49.485.100,00|
|11/07/2019|R|4.900,00|4.915,00|4.915,00|4.900,00|4|1.505|7.384.540,00|
|12/07/2019|R|4.915,00|4.900,01|4.900,01|4.900,01|1|300|1.470.003,00|
|15/07/2019|R|4.900,01|4.950,00|5.000,00|4.950,00|4|110|549.250,00|
|17/07/2019|R|4.950,00|5.000,00|5.000,00|5.000,00|3|342|1.710.000,00|
|18/07/2019|R|5.000,00|5.000,00|5.000,00|5.000,00|2|67|335.000,00|
|25/07/2019|R|5.000,00|5.000,00|5.110,00|5.000,00|5|864|4.414.710,00|
|26/07/2019|R|5.000,00|5.001,00|5.001,00|5.001,00|2|51|255.051,00|
|29/07/2019|R|5.001,00|5.001,00|5.100,00|5.100,00|1|5|25.500,00|
|30/07/2019|R|5.001,00|5.110,00|5.115,00|5.110,00|3|9|46.000,00|
|01/08/2019|R|5.110,00|5.150,00|5.150,00|5.150,00|5|369|1.900.350,00|
|02/08/2019|R|5.150,00|5.150,00|0,00|0,00|3|70.113|361.081.950,00|
|05/08/2019|R|5.150,00|5.150,00|0,00|0,00|1|10|53.000,00|
|06/08/2019|R|5.150,00|5.150,00|0,00|0,00|3|3.431|19.040.500,00|
|07/08/2019|R|5.150,00|5.750,00|5.750,00|5.750,00|1|153|879.750,00|
|08/08/2019|R|5.750,00|6.880,00|6.880,00|6.000,00|2|795|5.029.600,00|
|09/08/2019|R|6.880,00|8.200,00|8.200,00|6.900,00|4|1.026|7.705.000,00|
|12/08/2019|R|8.200,00|9.840,00|9.840,00|8.400,00|3|854|8.396.220,00|
|13/08/2019|R|9.840,00|9.840,00|9.845,00|9.840,00|14|5.189|51.060.410,00|
|14/08/2019|R|9.840,00|9.850,00|9.850,00|9.850,00|1|150|1.477.500,00|
|15/08/2019|R|9.850,00|10.000,01|10.000,01|9.900,00|2|36|357.000,06|
|16/08/2019|R|10.000,01|10.785,00|10.785,00|10.000,05|3|25|258.635,70|
|20/08/2019|R|10.785,00|10.500,00|10.500,00|10.000,00|7|1.501|15.760.000,00|
|21/08/2019|R|10.500,00|11.000,00|11.000,00|10.500,00|4|604|6.359.500,00|
|23/08/2019|R|11.000,00|11.000,00|11.000,00|10.900,00|4|700|7.690.000,00|
|26/08/2019|R|11.000,00|11.000,00|11.000,00|11.000,00|1|3|33.000,00|
|27/08/2019|R|11.000,00|11.060,00|11.060,00|11.060,00|1|5|55.300,00|
|29/08/2019|R|11.060,00|11.060,00|11.060,00|11.060,00|2|133|1.470.980,00|
|02/09/2019|R|11.060,00|12.100,00|12.500,00|12.050,00|8|1.370|16.547.100,00|
|03/09/2019|R|12.100,00|13.000,00|13.000,00|12.500,00|6|2.592|33.628.000,00|
|05/09/2019|R|13.000,00|15.000,00|15.000,00|15.000,00|2|375|5.625.000,00|
|06/09/2019|R|15.000,00|18.000,00|18.000,00|15.300,00|5|3.793|67.214.600,00|
|09/09/2019|R|18.000,00|18.000,00|18.000,00|17.999,00|9|9.411|169.397.850,00|
|10/09/2019|R|18.000,00|18.000,00|18.000,00|18.000,00|4|171|3.078.000,00|
|11/09/2019|R|18.000,00|18.000,00|0,00|0,00|1|200|3.300.000,00|
|12/09/2019|R|18.000,00|17.000,00|17.000,00|17.000,00|2|101|1.717.000,00|
|17/09/2019|R|15.500,00|15.000,00|15.500,00|15.000,00|14|7.298|113.096.500,00|
|18/09/2019|R|15.000,00|15.000,00|15.500,00|15.000,00|11|3.837|59.459.500,00|
|19/09/2019|R|15.000,00|14.000,00|14.500,00|14.000,00|5|12.020|168.290.000,00|
|20/09/2019|R|14.000,00|13.501,00|13.501,00|13.501,00|4|70|945.070,00|
|23/09/2019|R|13.501,00|13.000,00|13.000,00|13.000,00|1|800|10.400.000,00|
|24/09/2019|R|13.000,00|13.000,00|13.000,00|12.501,00|2|10|127.505,00|
|25/09/2019|R|13.000,00|12.980,00|12.980,00|12.500,00|7|71.056|923.525.000,00|
|26/09/2019|R|12.980,00|13.000,00|13.000,00|12.100,00|8|278|3.612.200,00|
|27/09/2019|R|13.000,00|13.000,00|13.000,00|13.000,00|2|330|4.290.000,00|
|30/09/2019|R|13.000,00|12.900,00|12.900,00|12.900,00|2|4|51.600,00|
|02/10/2019|R|12.900,00|12.800,00|12.800,00|12.800,00|5|4.006|51.276.800,00|
|04/10/2019|R|12.800,00|12.900,00|12.900,00|12.800,00|4|150|1.934.900,00|
|07/10/2019|R|12.900,00|12.850,00|12.900,00|12.850,00|3|146|1.879.900,00|
|08/10/2019|R|12.850,00|12.880,00|12.900,00|12.880,00|2|205|2.640.600,00|
|09/10/2019|R|12.880,00|13.300,00|13.300,00|12.900,00|4|4.317|56.090.500,00|
|10/10/2019|R|13.300,00|13.300,00|13.300,00|13.300,00|2|2.073|27.570.900,00|
|11/10/2019|R|13.300,00|13.600,00|13.600,00|13.600,00|4|91|1.237.600,00|
|15/10/2019|R|13.600,00|14.000,00|14.000,00|13.600,00|4|2.650|36.073.000,00|
|16/10/2019|R|14.000,00|14.000,00|14.000,00|13.800,00|9|2.931|40.847.800,00|
|17/10/2019|R|14.000,00|14.000,00|14.000,00|14.000,00|1|270|3.780.000,00|
|18/10/2019|R|14.000,00|14.000,00|14.000,00|13.800,00|4|40|558.400,00|
|22/10/2019|R|14.000,00|13.800,00|14.000,00|13.800,00|4|43|600.767,00|
|23/10/2019|R|13.800,00|13.750,00|13.999,00|13.750,00|4|4.270|58.743.875,00|
|24/10/2019|R|13.750,00|13.000,00|13.800,00|13.000,00|3|108|1.432.600,00|
|25/10/2019|R|13.000,00|13.000,00|13.000,00|13.000,00|13|251|3.263.000,00|
|28/10/2019|R|13.000,00|13.800,00|13.800,00|13.800,00|3|15|207.000,00|
|29/10/2019|R|13.800,00|13.750,00|13.800,00|13.500,00|6|153|2.085.400,00|
|30/10/2019|R|13.750,00|13.500,00|13.500,00|13.500,00|2|13|175.500,00|
|31/10/2019|R|13.500,00|12.801,00|12.801,00|12.801,00|1|5|64.005,00|
|01/11/2019|R|12.801,00|12.800,00|13.400,00|12.800,00|4|892|11.418.800,00|
|05/11/2019|R|12.800,00|13.000,00|13.000,00|12.800,00|2|218|2.794.000,00|
|06/11/2019|R|13.000,00|12.800,00|13.000,00|12.800,00|5|151|1.933.400,00|
|07/11/2019|R|12.800,00|12.800,00|12.800,00|12.800,00|4|277|3.545.600,00|
|08/11/2019|R|12.800,00|13.000,00|13.000,00|12.800,00|4|41|528.400,00|
|11/11/2019|R|13.000,00|13.500,00|14.000,00|13.500,00|7|671|9.246.550,00|
|12/11/2019|R|13.500,00|14.000,00|14.100,00|14.000,00|11|7.645|107.031.700,00|
|13/11/2019|R|14.000,00|14.700,00|14.850,00|14.100,00|6|5.306|77.078.300,00|
|14/11/2019|R|14.700,00|14.800,00|14.800,01|14.800,00|7|13.403|198.364.400,03|
|15/11/2019|R|14.800,00|14.400,00|14.500,00|14.400,00|3|44|636.000,00|
|18/11/2019|R|14.400,00|14.800,00|14.800,00|14.800,00|2|173|2.560.400,00|
|19/11/2019|R|14.800,00|15.000,00|15.000,00|15.000,00|4|80|1.200.000,00|
|20/11/2019|R|15.000,00|14.999,99|15.000,00|14.999,99|4|153|2.294.999,99|
|21/11/2019|R|14.999,99|14.900,00|15.000,00|14.900,00|5|269|4.032.799,61|
|22/11/2019|R|14.900,00|15.000,00|15.000,00|15.000,00|1|9|135.000,00|
|25/11/2019|R|15.000,00|14.950,00|15.000,00|14.950,00|4|70.628|1.059.419.650,00|
|27/11/2019|R|14.950,00|14.850,00|15.000,00|13.003,00|13|821|11.471.450,00|
|28/11/2019|R|14.850,00|14.850,00|14.850,00|14.850,00|3|300|4.455.000,00|
|29/11/2019|R|14.850,00|14.850,00|14.850,00|14.850,00|11|4.632|68.726.200,00|
|02/12/2019|R|14.850,00|14.850,00|15.000,00|14.850,00|4|1.039|15.484.950,00|
|03/12/2019|R|14.850,00|15.000,00|15.000,00|15.000,00|5|666|9.984.500,00|
|04/12/2019|R|15.000,00|15.000,00|15.200,00|15.000,00|6|4.360|65.415.740,00|
|05/12/2019|R|15.000,00|15.500,00|15.500,00|15.500,00|2|30|465.000,00|
|09/12/2019|R|15.500,00|15.999,95|16.000,00|15.495,00|7|4.060|63.052.449,25|
|10/12/2019|R|15.999,95|15.999,00|15.999,95|15.999,00|5|1.078|16.747.990,40|
|11/12/2019|R|15.999,00|15.000,00|15.000,00|15.000,00|2|171|2.565.000,00|
|13/12/2019|R|15.000,00|15.700,00|15.999,00|15.700,00|2|170|2.689.930,00|
|16/12/2019|R|15.700,00|15.700,00|15.700,00|15.700,00|3|280|4.396.000,00|
|17/12/2019|R|15.700,00|13.001,00|15.000,00|13.001,00|3|15|211.007,00|
|19/12/2019|R|13.001,00|15.601,20|15.601,20|15.601,20|1|10|156.012,00|
|20/12/2019|R|15.601,20|18.500,00|18.500,00|16.500,00|4|3.240|53.540.000,00|
|23/12/2019|R|18.500,00|18.500,00|18.500,00|18.500,00|6|31|573.500,00|
|27/12/2019|R|18.500,00|18.500,00|18.500,00|18.500,00|1|50|925.000,00|
|30/12/2019|R|18.500,00|19.000,00|19.000,00|19.000,00|1|20|380.000,00|
|02/01/2020|R|19.000,00|19.450,00|19.500,00|19.450,00|2|12|233.500,00|
|03/01/2020|R|19.450,00|21.300,00|21.300,00|19.500,00|10|9.910|200.546.600,00|
|07/01/2020|R|21.300,00|22.500,03|22.500,03|22.500,01|5|950|21.375.017,50|
|08/01/2020|R|22.500,03|27.000,00|27.000,00|22.550,00|4|226|6.084.200,00|
|09/01/2020|R|27.000,00|31.450,00|31.500,00|31.450,00|4|3.051|87.106.050,00|
|10/01/2020|R|31.450,00|31.000,00|31.500,00|31.000,00|4|235|7.293.988,00|
|13/01/2020|R|31.000,00|32.099,00|32.150,00|31.000,00|7|5.219|163.529.741,00|
|14/01/2020|R|32.099,00|32.400,00|32.400,00|31.000,00|6|2.128|68.126.200,00|
|15/01/2020|R|32.400,00|32.500,00|32.500,00|32.400,00|7|815|26.461.500,00|
|16/01/2020|R|32.500,00|32.499,99|32.500,00|32.499,99|3|57|1.852.499,80|
|17/01/2020|R|32.499,99|30.000,00|32.500,00|30.000,00|2|43|1.390.000,00|
|27/01/2020|R|30.000,00|30.000,00|30.000,00|30.000,00|2|221|6.630.000,00|
|28/01/2020|R|30.000,00|25.000,00|25.000,00|25.000,00|3|300|8.500.000,00|
|29/01/2020|R|25.000,00|26.000,00|26.000,00|26.000,00|2|50|1.300.000,00|
|30/01/2020|R|26.000,00|30.800,00|30.800,00|26.000,00|4|1.125|31.650.000,00|
|31/01/2020|R|30.800,00|32.500,00|32.500,00|32.500,00|4|1.038|33.735.000,00|
|03/02/2020|R|32.500,00|32.000,00|32.000,00|32.000,00|2|18|576.000,00|
|04/02/2020|R|32.000,00|33.000,00|33.000,00|30.000,00|7|151|4.551.000,00|
|05/02/2020|R|33.000,00|32.000,00|32.000,00|31.000,00|5|2.518|80.103.500,00|
|06/02/2020|R|32.000,00|33.000,00|33.000,00|33.000,00|2|419|13.827.000,00|
|07/02/2020|R|33.000,00|32.999,00|32.999,00|32.999,00|1|22|725.978,00|
|10/02/2020|R|32.999,00|31.000,00|32.999,00|31.000,00|3|101|3.132.999,00|
|11/02/2020|R|31.000,00|30.000,00|32.000,00|30.000,00|5|201|6.330.000,00|
|12/02/2020|R|30.000,00|31.000,00|31.000,00|30.000,00|4|462|13.910.000,00|
|17/02/2020|R|31.000,00|33.000,00|33.000,00|31.000,00|3|17|555.000,00|
|18/02/2020|R|33.000,00|33.000,00|33.000,00|33.000,00|1|868|28.644.000,00|
|19/02/2020|R|33.000,00|33.000,00|33.700,00|33.000,00|5|471|15.543.700,50|
|26/02/2020|R|33.600,00|33.000,00|33.000,00|33.000,00|2|1.528|50.424.000,00|
|27/02/2020|R|33.000,00|31.000,00|31.000,00|30.000,00|2|8|244.000,00|
|28/02/2020|R|31.000,00|33.650,00|33.650,00|31.500,00|5|355|11.520.750,00|
|02/03/2020|R|33.650,00|33.645,00|33.700,00|33.645,00|2|8|269.380,00|
|03/03/2020|R|33.645,00|33.000,00|33.100,00|33.000,00|19|3.934|129.842.800,00|
|04/03/2020|R|33.000,00|33.000,00|33.000,00|33.000,00|8|2.005|66.165.000,00|
|05/03/2020|R|33.000,00|33.000,00|33.000,00|33.000,00|4|430|14.190.000,00|
|06/03/2020|R|33.000,00|33.000,00|33.000,00|33.000,00|4|2.973|98.109.000,00|
|09/03/2020|R|33.000,00|33.000,00|33.000,00|33.000,00|5|12.003|396.099.000,00|
|12/03/2020|R|32.900,00|32.500,00|33.500,00|32.500,00|4|81|2.674.000,00|
|13/03/2020|R|32.500,00|33.000,00|33.000,00|32.500,00|4|553|18.241.000,00|
|20/03/2020|R|33.000,00|33.000,00|33.000,00|33.000,00|1|15|495.000,00|
|24/03/2020|R|33.000,00|26.400,00|27.000,00|26.400,00|3|150|3.990.000,00|
|25/03/2020|R|26.400,00|25.000,00|25.000,00|22.000,00|2|1.018|22.450.000,00|
|27/03/2020|R|25.000,00|29.450,00|29.450,00|29.450,00|1|5|147.250,00|
|30/03/2020|R|29.450,00|30.000,00|30.000,00|30.000,00|2|280|8.400.000,00|
|31/03/2020|R|30.000,00|31.000,00|31.000,00|31.000,00|1|10|310.000,00|
|01/04/2020|R|31.000,00|32.000,00|32.000,00|32.000,00|2|147|4.704.000,00|
|02/04/2020|R|32.000,00|36.000,00|36.000,00|33.000,00|10|7.160|249.891.000,00|
|03/04/2020|R|36.000,00|38.000,00|38.000,00|36.000,00|5|1.800|67.805.000,00|
|06/04/2020|R|38.000,00|44.000,00|44.000,00|40.000,00|10|6.999|298.144.000,00|
|07/04/2020|R|44.000,00|49.500,00|49.500,00|45.000,00|5|2.237|104.941.500,00|
|08/04/2020|R|49.500,00|59.000,00|59.000,00|50.000,00|8|6.170|337.060.000,00|
|13/04/2020|R|59.000,00|59.000,00|59.000,00|59.000,00|1|12|708.000,00|
|14/04/2020|R|59.000,00|80.000,00|82.000,00|70.800,00|4|90|7.278.000,00|
|15/04/2020|R|80.000,00|78.000,00|78.000,00|78.000,00|2|301|23.478.000,00|
|16/04/2020|R|78.000,00|83.000,00|83.700,00|82.990,00|3|548|45.692.000,00|
|17/04/2020|R|83.000,00|79.990,00|83.400,00|76.000,00|6|1.099|84.339.400,00|
|20/04/2020|R|79.990,00|83.400,00|83.400,00|82.800,00|8|548|45.543.200,00|
|21/04/2020|R|83.400,00|83.000,00|83.400,00|83.000,00|7|3.154|256.234.000,00|
|22/04/2020|R|83.000,00|84.000,00|84.000,00|84.000,00|4|201|16.884.000,00|
|23/04/2020|R|84.000,00|84.000,00|84.000,00|84.000,00|2|26|2.184.000,00|
|24/04/2020|R|84.000,00|84.000,00|84.000,00|84.000,00|1|50|4.200.000,00|
|27/04/2020|R|84.000,00|80.000,00|84.000,00|80.000,00|4|30|2.458.000,00|
|28/04/2020|R|80.000,00|80.000,00|80.000,00|80.000,00|3|105|8.400.000,00|
|05/05/2020|R|80.000,00|84.000,00|84.000,00|80.000,00|4|281|22.712.000,00|
|06/05/2020|R|84.000,00|83.500,00|84.000,00|83.500,00|5|117|9.815.200,00|
|07/05/2020|R|83.500,00|83.600,00|83.600,00|83.500,00|5|185|15.457.504,00|
|11/05/2020|R|83.600,00|83.575,00|83.575,00|83.575,00|1|5|417.875,00|
|12/05/2020|R|83.575,00|83.575,00|0,00|0,00|2|1.018|83.476.000,00|
|13/05/2020|R|83.575,00|80.200,00|82.100,00|80.200,00|5|697|57.427.100,00|
|14/05/2020|R|80.200,00|80.000,00|81.370,00|80.000,00|4|257|20.566.850,00|
|15/05/2020|R|80.000,00|82.000,00|82.000,00|80.001,00|5|62|4.966.535,00|
|18/05/2020|R|82.000,00|84.500,00|85.000,00|84.000,00|14|6.451|537.344.500,00|
|19/05/2020|R|84.500,00|86.300,00|86.300,00|84.500,00|4|1.466|120.983.100,00|
|20/05/2020|R|86.300,00|86.300,00|86.300,00|85.000,00|2|40|3.441.600,00|
|22/05/2020|R|86.300,00|86.300,00|86.300,00|86.300,00|1|250|21.575.000,00|
|26/05/2020|R|86.300,00|85.000,00|85.000,00|81.800,00|2|28|2.300.000,00|
|27/05/2020|R|85.000,00|85.000,00|85.000,00|85.000,00|4|147|12.495.000,00|
|28/05/2020|R|85.000,00|83.000,00|83.000,00|83.000,00|1|4|332.000,00|
|01/06/2020|R|83.000,00|83.000,00|83.000,00|83.000,00|2|162|13.446.000,00|
|02/06/2020|R|83.000,00|86.300,00|86.300,00|86.300,00|1|41|3.538.300,00|
|08/06/2020|R|86.300,00|86.400,00|86.400,00|86.400,00|1|10|864.000,00|
|10/06/2020|R|86.400,00|86.400,00|86.400,00|86.400,00|2|370|31.968.000,00|
|11/06/2020|R|86.400,00|92.000,00|92.000,00|92.000,00|2|18|1.656.000,00|
|12/06/2020|R|92.000,00|92.000,00|92.000,00|92.000,00|3|192|17.664.000,00|
|16/06/2020|R|92.000,00|93.000,00|94.000,00|93.000,00|11|5.755|535.217.000,00|
|17/06/2020|R|93.000,00|93.000,00|93.000,00|91.000,00|2|380|35.180.000,00|
|18/06/2020|R|93.000,00|93.000,00|93.000,00|93.000,00|4|3.000|279.000.000,00|
|19/06/2020|R|93.000,00|93.500,00|93.500,00|93.500,00|1|10|935.000,00|
|23/06/2020|R|93.500,00|93.000,00|93.000,00|92.999,99|3|29|2.696.999,80|
|25/06/2020|R|93.000,00|93.000,00|93.000,00|93.000,00|3|1.000|93.000.000,00|
|26/06/2020|R|93.000,00|92.800,00|93.000,00|92.800,00|2|20|1.858.000,00|
|30/06/2020|R|92.800,00|92.799,00|93.000,00|92.799,00|7|5.030|466.789.799,00|
|01/07/2020|R|92.799,00|92.500,00|92.500,00|92.500,00|2|59|5.457.500,00|
|02/07/2020|R|92.500,00|92.500,00|93.000,00|92.500,00|4|6.312|585.751.000,00|
|06/07/2020|R|92.500,00|92.500,00|92.500,00|92.499,00|2|20|1.849.982,00|
|07/07/2020|R|92.500,00|90.000,00|90.000,00|90.000,00|4|1.433|128.970.000,00|
|08/07/2020|R|90.000,00|90.000,00|90.000,00|90.000,00|1|150|13.500.000,00|
|09/07/2020|R|90.000,00|91.500,00|91.500,00|91.500,00|1|9|823.500,00|
|10/07/2020|R|91.500,00|91.500,00|91.600,00|91.500,00|4|2.355|215.532.100,00|
|13/07/2020|R|91.500,00|90.000,00|91.600,00|90.000,00|4|62|5.602.400,00|
|14/07/2020|R|90.000,00|91.600,00|91.600,00|91.600,00|2|103|9.434.800,00|
|15/07/2020|R|91.600,00|91.600,00|91.600,00|91.600,00|1|10|916.000,00|
|16/07/2020|R|91.600,00|91.100,00|91.700,00|91.100,00|3|154|14.031.200,00|
|20/07/2020|R|91.100,00|91.700,00|91.700,00|91.700,00|1|51|4.676.700,00|
|21/07/2020|R|91.700,00|91.700,00|91.700,00|91.600,00|5|610|55.887.000,00|
|22/07/2020|R|91.700,00|92.100,00|92.100,00|91.700,00|3|465|42.642.900,00|
|27/07/2020|R|92.100,00|95.000,00|95.000,00|94.000,00|5|749|70.416.000,00|
|28/07/2020|R|95.000,00|95.000,00|95.000,00|95.000,00|2|194|18.430.000,00|
|29/07/2020|R|95.000,00|94.800,00|94.800,00|94.800,00|2|260|24.648.000,00|
|30/07/2020|R|94.800,00|94.700,00|94.800,00|94.700,00|2|142|13.448.400,00|
|03/08/2020|R|94.700,00|99.000,00|99.000,00|99.000,00|5|2.764|265.354.200,00|
|04/08/2020|R|99.000,00|101.500,00|101.500,00|100.000,00|4|1.465|147.256.000,00|
|05/08/2020|R|101.500,00|103.500,00|103.500,00|101.500,00|8|220|22.580.000,00|
|06/08/2020|R|103.500,00|106.000,00|106.000,00|104.000,00|6|250|26.250.000,00|
|07/08/2020|R|106.000,00|127.200,00|127.200,00|110.000,00|3|162|17.888.800,00|
|10/08/2020|R|127.200,00|129.000,00|137.000,00|129.000,00|8|1.358|174.674.000,00|
|11/08/2020|R|129.000,00|130.000,00|130.000,00|129.000,00|4|5.030|653.870.000,00|
|12/08/2020|R|130.000,00|131.000,00|131.000,00|131.000,00|1|39|5.109.000,00|
|13/08/2020|R|131.000,00|143.000,00|143.000,00|141.000,00|4|766|109.106.000,00|
|14/08/2020|R|143.000,00|146.000,00|146.000,00|145.000,00|5|20.035|2.905.110.000,00|
|17/08/2020|R|146.000,00|146.000,00|146.000,00|146.000,00|6|683|99.538.000,00|
|18/08/2020|R|146.000,00|146.000,00|0,00|0,00|1|47|6.815.000,00|
|19/08/2020|R|146.000,00|150.000,00|150.000,00|150.000,00|4|27|4.050.000,00|
|21/08/2020|R|150.000,00|150.000,00|150.000,00|150.000,00|2|17|2.550.000,00|
|24/08/2020|R|150.000,00|150.000,00|150.000,00|150.000,00|4|1.102|165.300.000,00|
|25/08/2020|R|150.000,00|150.000,00|150.000,00|150.000,00|1|12|1.800.000,00|
|26/08/2020|R|150.000,00|140.000,00|150.000,00|140.000,00|2|105|14.750.000,00|
|27/08/2020|R|140.000,00|135.000,00|135.000,00|135.000,00|1|11|1.485.000,00|
|28/08/2020|R|135.000,00|121.003,00|135.000,00|121.003,00|6|979|125.207.353,00|
|01/09/2020|R|121.003,00|121.000,00|121.000,00|121.000,00|7|203|24.563.000,00|
|02/09/2020|R|121.000,00|121.000,00|121.000,00|121.000,00|5|330|39.930.000,00|
|03/09/2020|R|121.000,00|121.000,00|121.000,00|121.000,00|1|75|9.075.000,00|
|04/09/2020|R|121.000,00|125.000,00|125.000,00|125.000,00|5|299|37.348.000,00|
|07/09/2020|R|125.000,00|125.000,00|125.000,01|125.000,00|4|299|37.375.000,21|
|08/09/2020|R|125.000,00|125.000,00|125.000,00|125.000,00|3|23|2.875.000,00|
|09/09/2020|R|125.000,00|125.000,00|125.000,00|125.000,00|3|138|17.250.000,00|
|10/09/2020|R|125.000,00|125.000,00|125.000,00|125.000,00|2|80|10.000.000,00|
|15/09/2020|R|125.000,00|133.000,00|133.000,00|125.000,00|2|573|71.665.000,00|
|16/09/2020|R|133.000,00|140.000,00|140.000,00|140.000,00|1|2|280.000,00|
|17/09/2020|R|140.000,00|140.000,00|140.000,00|140.000,00|2|13|1.820.000,00|
|21/09/2020|R|140.000,00|141.000,00|141.000,00|141.000,00|4|156|21.960.000,00|
|22/09/2020|R|141.000,00|141.500,00|141.500,00|141.500,00|2|50|7.075.000,00|
|24/09/2020|R|141.500,00|145.000,00|145.000,00|145.000,00|1|34|4.930.000,00|
|25/09/2020|R|145.000,00|160.000,00|160.000,00|145.000,00|3|36|5.439.000,00|
|29/09/2020|R|160.000,00|162.000,00|162.000,00|162.000,00|5|54|8.748.000,00|
|30/09/2020|R|162.000,00|162.500,00|162.500,00|162.500,00|4|436|70.650.000,00|
|01/10/2020|R|162.500,00|163.000,00|163.000,00|162.500,00|10|1.395|227.325.000,00|
|02/10/2020|R|163.000,00|165.000,00|166.000,00|164.000,00|10|20.079|3.312.676.000,00|
|05/10/2020|R|165.000,00|166.000,00|166.000,00|166.000,00|3|266|43.894.000,00|
|06/10/2020|R|166.000,00|167.000,00|167.000,00|165.000,00|8|1.373|227.828.000,00|
|07/10/2020|R|167.000,00|166.500,00|166.500,00|166.500,00|2|23|3.829.500,00|
|08/10/2020|R|166.500,00|166.500,00|166.500,00|166.500,00|2|117|19.480.500,00|
|13/10/2020|R|166.500,00|167.000,00|167.000,00|166.500,00|6|1.505|251.302.500,00|
|14/10/2020|R|167.000,00|164.000,00|164.000,00|164.000,00|3|5.854|960.056.000,00|
|15/10/2020|R|164.000,00|167.000,00|167.000,00|167.000,00|2|110|18.370.000,00|
|16/10/2020|R|167.000,00|167.000,00|167.000,00|167.000,00|1|15|2.505.000,00|
|19/10/2020|R|167.000,00|167.000,00|0,00|0,00|1|190|31.635.000,00|
|20/10/2020|R|167.000,00|168.000,00|168.000,00|167.000,00|3|845|141.239.000,00|
|22/10/2020|R|168.000,00|168.000,00|168.000,00|168.000,00|1|1|168.000,00|
|23/10/2020|R|168.000,00|168.000,00|168.000,00|168.000,00|2|14|2.352.000,00|
|26/10/2020|R|168.000,00|168.000,00|168.000,00|168.000,00|2|25|4.200.000,00|
|27/10/2020|R|168.000,00|167.000,00|167.000,00|167.000,00|2|4|668.000,00|
|28/10/2020|R|167.000,00|167.000,00|167.000,00|167.000,00|1|12|2.004.000,00|
|29/10/2020|R|167.000,00|168.000,00|168.000,00|167.000,00|3|300|50.330.000,00|
|30/10/2020|R|168.000,00|167.500,00|167.500,00|167.500,00|1|6|1.005.000,00|
|02/11/2020|R|167.500,00|167.500,00|167.500,00|167.500,00|1|10|1.675.000,00|
|03/11/2020|R|167.500,00|168.000,00|168.000,00|168.000,00|1|2|336.000,00|
|04/11/2020|R|168.000,00|168.000,00|0,00|0,00|1|9|1.209.600,00|
|05/11/2020|R|168.000,00|167.000,00|167.000,00|167.000,00|1|292|48.764.000,00|
|06/11/2020|R|167.000,00|167.000,00|168.000,00|167.000,00|3|15|2.319.000,00|
|09/11/2020|R|167.000,00|167.000,00|168.000,00|167.000,00|5|76|12.710.000,00|
|10/11/2020|R|167.000,00|167.000,00|167.000,00|167.000,00|2|8|1.336.000,00|
|11/11/2020|R|167.000,00|168.000,00|168.000,00|167.000,00|3|16|2.681.000,00|
|12/11/2020|R|168.000,00|168.000,00|168.000,00|168.000,00|2|35|5.880.000,00|
|16/11/2020|R|168.000,00|168.000,00|168.000,00|168.000,00|2|40|6.720.000,00|
|17/11/2020|R|168.000,00|168.000,00|168.000,00|168.000,00|2|170|28.560.000,00|
|18/11/2020|R|168.000,00|168.000,00|168.000,00|168.000,00|1|4|672.000,00|
|19/11/2020|R|168.000,00|168.000,00|168.000,00|168.000,00|1|3|504.000,00|
|20/11/2020|R|168.000,00|169.000,00|169.000,00|168.000,00|6|301|50.789.000,00|
|24/11/2020|R|169.000,00|178.000,00|178.000,00|178.000,00|4|1.979|337.950.000,00|
|25/11/2020|R|178.000,00|178.000,00|178.000,00|178.000,00|1|1|178.000,00|
|26/11/2020|R|178.000,00|186.000,00|186.000,00|180.000,00|5|108|19.920.000,00|
|27/11/2020|R|186.000,00|209.000,00|209.000,00|201.000,00|7|914|187.106.000,00|
|02/12/2020|R|209.000,00|209.000,00|209.000,00|209.000,00|3|146|30.514.000,00|
|07/12/2020|R|209.000,00|250.800,00|250.800,00|250.800,00|1|200|50.160.000,00|
|09/12/2020|R|250.800,00|300.000,00|300.000,00|300.000,00|3|88|26.400.000,00|
|10/12/2020|R|300.000,00|300.000,00|300.000,00|300.000,00|1|4|1.200.000,00|
|11/12/2020|R|300.000,00|300.000,00|300.000,00|300.000,00|1|11|3.300.000,00|
|15/12/2020|R|300.000,00|300.000,00|300.000,00|300.000,00|1|4|1.200.000,00|
|16/12/2020|R|300.000,00|280.000,00|280.000,00|280.000,00|2|182|50.960.000,00|
|17/12/2020|R|280.000,00|300.000,00|300.000,00|280.000,00|5|1.323|370.540.000,00|
|18/12/2020|R|300.000,00|319.990,00|320.000,00|319.990,00|4|295|94.399.920,00|
|21/12/2020|R|319.990,00|325.000,00|342.000,00|325.000,00|3|124|42.253.950,00|
|23/12/2020|R|325.000,00|325.000,00|325.000,00|325.000,00|2|8|2.600.000,00|
|28/12/2020|R|325.000,00|340.000,00|340.000,00|340.000,00|1|3|1.020.000,00|
|29/12/2020|R|340.000,00|339.990,00|340.000,00|339.990,00|4|35|11.899.890,00|
|04/01/2021|R|339.990,00|360.000,00|360.000,00|360.000,00|2|882|317.520.000,00|
|05/01/2021|R|360.000,00|359.990,00|360.000,00|359.990,00|3|1.206|434.159.990,00|
|06/01/2021|R|359.990,00|359.950,00|359.950,00|359.950,00|1|200|71.990.000,00|
|07/01/2021|R|359.950,00|380.000,00|380.000,00|359.990,00|9|2.963|1.088.769.570,00|
|08/01/2021|R|380.000,00|500.000,00|500.000,00|450.000,00|5|91|41.412.000,00|
|12/01/2021|R|500.000,00|539.990,00|540.000,00|539.990,00|2|6|3.239.980,00|
|13/01/2021|R|539.990,00|539.000,00|539.000,00|539.000,00|1|5|2.695.000,00|
|14/01/2021|R|539.000,00|538.000,00|538.000,00|538.000,00|2|13|6.994.000,00|
|15/01/2021|R|538.000,00|538.000,00|538.000,00|538.000,00|2|104|55.952.000,00|
|19/01/2021|R|538.000,00|535.000,00|535.000,00|535.000,00|3|722|388.430.000,00|
|21/01/2021|R|535.000,00|530.000,00|530.000,00|530.000,00|2|48|25.440.000,00|
|22/01/2021|R|530.000,00|529.990,00|529.990,00|529.990,00|2|24|12.719.760,00|
|25/01/2021|R|529.990,00|530.000,00|530.000,00|515.000,00|5|718|369.761.000,00|
|26/01/2021|R|530.000,00|530.000,00|530.000,00|515.000,00|2|510|262.800.000,00|
|27/01/2021|R|530.000,00|530.000,00|530.000,00|530.000,00|2|37|19.610.000,00|
|28/01/2021|R|530.000,00|515.000,00|515.000,00|515.000,00|2|226|116.390.000,00|
|03/02/2021|R|515.000,00|515.000,00|525.000,00|525.000,00|1|1|525.000,00|
|04/02/2021|R|515.000,00|550.000,00|550.000,00|550.000,00|1|9|4.950.000,00|
|05/02/2021|R|550.000,00|540.000,00|550.000,00|540.000,00|2|15|8.130.000,00|
|11/02/2021|R|540.000,00|540.000,00|550.000,00|540.000,00|3|124|67.260.000,00|
|12/02/2021|R|540.000,00|540.000,00|540.000,00|540.000,00|1|1|540.000,00|
|17/02/2021|R|540.000,00|535.000,00|540.000,00|535.000,00|4|55|29.475.000,00|
|18/02/2021|R|535.000,00|535.000,00|0,00|0,00|1|5|2.675.000,00|
|19/02/2021|R|535.000,00|565.000,00|567.000,00|550.000,00|7|1.059|588.030.000,00|
|22/02/2021|R|565.000,00|593.000,00|593.000,00|593.000,00|1|2|1.186.000,00|
|23/02/2021|R|593.000,00|593.000,00|0,00|0,00|4|1.732|1.027.076.000,00|
|26/02/2021|R|593.000,00|599.000,00|599.000,00|592.990,00|11|788|468.422.000,00|
|01/03/2021|R|599.000,00|599.000,00|599.000,00|599.000,00|7|473|283.327.000,00|
|02/03/2021|R|599.000,00|585.000,00|585.000,00|500.000,00|3|1.038|639.445.000,00|
|04/03/2021|R|585.000,00|660.000,00|660.000,00|630.000,00|7|270|175.650.000,00|
|05/03/2021|R|660.000,00|725.000,00|725.000,00|725.000,00|2|31|22.475.000,00|
|08/03/2021|R|725.000,00|749.990,00|749.990,00|730.000,00|9|1.016|737.224.790,00|
|09/03/2021|R|749.990,00|747.990,00|748.000,00|747.990,00|3|60|44.879.420,00|
|10/03/2021|R|737.990,00|726.000,00|726.000,00|726.000,00|5|217|157.542.000,00|
|11/03/2021|R|726.000,00|710.000,00|725.000,00|710.000,00|6|319|226.775.000,00|
|15/03/2021|R|710.000,00|710.000,00|715.000,00|715.000,00|1|1|715.000,00|
|16/03/2021|R|710.000,00|711.000,00|715.000,00|711.000,00|5|5.473|3.903.579.000,00|
|17/03/2021|R|711.000,00|710.000,00|710.000,00|710.000,00|3|43|30.530.000,00|
|18/03/2021|R|710.000,00|700.000,00|719.000,00|700.000,00|7|90|63.190.000,00|
|22/03/2021|R|700.000,00|700.000,00|700.000,00|700.000,00|1|4|2.800.000,00|
|24/03/2021|R|700.000,00|749.990,00|749.990,00|749.990,00|1|2|1.499.980,00|
|26/03/2021|R|749.990,00|700.000,00|700.000,00|700.000,00|3|73|51.100.000,00|
|29/03/2021|R|700.000,00|740.000,00|740.000,00|700.000,00|2|477|333.980.000,00|
|30/03/2021|R|740.000,00|747.000,00|747.000,00|747.000,00|1|15|11.205.000,00|
|31/03/2021|R|747.000,00|747.000,00|747.000,00|747.000,00|1|10|7.470.000,00|
|05/04/2021|R|747.000,00|747.000,00|0,00|0,00|1|9|6.588.000,00|
|07/04/2021|R|747.000,00|747.000,00|0,00|0,00|1|9|6.723.000,00|
|09/04/2021|R|747.000,00|799.990,00|800.000,00|799.990,00|9|194|155.199.740,00|
|12/04/2021|R|799.990,00|750.000,00|750.010,00|750.000,00|2|120|90.001.170,00|
|13/04/2021|R|750.000,00|799.990,00|800.000,00|799.990,00|3|15|11.999.950,00|
|14/04/2021|R|799.990,00|790.000,00|790.000,00|790.000,00|4|461|374.540.000,00|
|21/04/2021|R|790.000,00|790.000,00|790.000,00|790.000,00|5|187|147.730.000,00|
|22/04/2021|R|790.000,00|850.000,00|850.000,00|850.000,00|1|20|17.000.000,00|
|23/04/2021|R|850.000,00|899.990,00|899.990,00|899.990,00|2|37|33.299.630,00|
|26/04/2021|R|899.990,00|899.990,00|1.079.000,00|1.079.000,00|1|1|1.079.000,00|
|27/04/2021|R|899.990,00|1.025.000,00|1.079.000,00|1.025.000,00|12|194|201.712.000,00|
|28/04/2021|R|1.025.000,00|1.025.000,00|1.040.010,00|1.040.010,00|1|1|1.040.010,00|
|30/04/2021|R|1.025.000,00|1.199.000,00|1.230.000,00|1.199.000,00|2|41|49.221.000,00|
|04/05/2021|R|1.199.000,00|1.350.000,00|1.350.000,00|1.350.000,00|4|501|676.350.000,00|
|05/05/2021|R|1.350.000,00|1.350.010,00|1.355.000,00|1.350.000,00|8|620|837.082.850,00|
|06/05/2021|R|1.350.010,00|1.619.000,00|1.620.000,00|1.619.000,00|3|99|160.291.000,00|
|07/05/2021|R|1.619.000,00|1.650.000,00|1.650.000,00|1.580.000,00|7|6.683|10.906.470.000,00|
|10/05/2021|R|1.650.000,00|1.650.000,00|1.650.000,00|1.650.000,00|3|308|508.200.000,00|
|11/05/2021|R|1.650.000,00|1.649.980,00|1.650.000,00|1.649.980,00|4|70|115.499.800,00|
|12/05/2021|R|1.649.980,00|1.649.000,00|1.649.000,00|1.649.000,00|4|66|107.879.000,00|
|13/05/2021|R|1.649.000,00|1.700.000,00|1.700.000,00|1.700.000,00|1|42|71.400.000,00|
|14/05/2021|R|1.700.000,00|1.700.000,00|1.700.000,00|1.700.000,00|1|12|20.400.000,00|
|17/05/2021|R|1.700.000,00|1.710.000,00|1.710.000,00|1.710.000,00|1|350|598.500.000,00|
|18/05/2021|R|1.710.000,00|1.750.000,00|1.750.000,00|1.750.000,00|2|4|7.000.000,00|
|19/05/2021|R|1.750.000,00|1.750.000,00|1.750.000,00|1.750.000,00|1|148|259.000.000,00|
|20/05/2021|R|1.750.000,00|1.750.000,00|1.780.000,00|1.750.000,00|3|50.500|88.390.000.000,00|
|21/05/2021|R|1.750.000,00|1.750.000,00|1.750.000,00|1.750.000,00|1|484|847.000.000,00|
|25/05/2021|R|1.750.000,00|1.700.000,00|1.700.000,00|1.700.000,00|2|224|391.550.000,00|
|26/05/2021|R|1.700.000,00|1.780.000,00|1.780.000,00|1.780.000,00|2|288|491.040.000,00|
|28/05/2021|R|1.780.000,00|1.700.000,00|1.700.000,00|1.700.000,00|1|2|3.400.000,00|
|02/06/2021|R|1.700.000,00|1.600.000,00|1.698.900,00|1.600.000,00|9|678|1.084.997.800,00|
|03/06/2021|R|1.600.000,00|1.660.000,00|1.669.000,00|1.600.000,00|6|701|1.152.344.000,00|
|04/06/2021|R|1.660.000,00|1.658.000,00|1.658.000,00|1.658.000,00|1|26|43.108.000,00|
|07/06/2021|R|1.658.000,00|1.658.000,00|1.658.000,00|1.658.000,00|1|4|6.632.000,00|
|08/06/2021|R|1.658.000,00|1.656.990,00|1.656.990,00|1.620.000,00|9|1.553|2.516.969.700,00|
|09/06/2021|R|1.656.990,00|1.656.900,00|1.656.900,00|1.656.900,00|3|177|293.271.300,00|
|10/06/2021|R|1.656.900,00|1.650.000,00|1.656.900,00|1.650.000,00|5|154|254.515.400,00|
|11/06/2021|R|1.650.000,00|1.650.000,00|1.650.000,00|1.650.000,00|1|2|3.300.000,00|
|15/06/2021|R|1.650.000,00|1.650.000,00|0,00|0,00|1|480|768.000.000,00|
|16/06/2021|R|1.650.000,00|1.630.000,00|1.630.000,00|1.630.000,00|1|2|3.260.000,00|
|17/06/2021|R|1.630.000,00|1.600.000,00|1.600.000,00|1.600.000,00|1|2|3.200.000,00|
|18/06/2021|R|1.600.000,00|1.599.000,00|1.599.000,00|1.500.000,00|8|520|799.510.000,00|
|21/06/2021|R|1.599.000,00|1.600.000,00|1.600.000,00|1.500.000,00|2|123|196.700.000,00|
|22/06/2021|R|1.600.000,00|1.600.000,00|1.600.000,00|1.600.000,00|1|132|211.200.000,00|
|25/06/2021|R|1.600.000,00|1.590.000,00|1.590.000,00|1.590.000,00|2|195|310.050.000,00|
|29/06/2021|R|1.590.000,00|1.590.000,00|1.590.000,00|1.590.000,00|1|8|12.720.000,00|
|30/06/2021|R|1.590.000,00|1.590.000,00|1.590.000,00|1.590.000,00|5|1.497|2.380.230.000,00|
|01/07/2021|R|1.590.000,00|1.590.000,00|1.590.000,00|1.590.000,00|2|490|779.100.000,00|
|02/07/2021|R|1.590.000,00|1.590.000,00|1.590.000,00|1.500.000,00|4|353|531.300.000,00|
|06/07/2021|R|1.590.000,00|1.590.000,00|1.590.000,00|1.590.000,00|5|398|632.820.000,00|
|07/07/2021|R|1.590.000,00|1.500.000,00|1.500.000,00|1.500.000,00|3|202|303.000.000,00|
|08/07/2021|R|1.500.000,00|1.500.000,00|1.500.000,00|1.500.000,00|1|3|4.500.000,00|
|09/07/2021|R|1.500.000,00|1.540.000,00|1.540.000,00|1.499.990,00|7|915|1.379.339.350,00|
|12/07/2021|R|1.540.000,00|1.560.000,00|1.560.000,00|1.540.000,00|4|1.697|2.615.500.000,00|
|13/07/2021|R|1.560.000,00|1.580.000,00|1.580.000,00|1.560.000,00|7|1.967|3.068.580.000,00|
|14/07/2021|R|1.580.000,00|1.580.000,00|1.580.000,00|1.580.000,00|2|397|627.260.000,00|
|15/07/2021|R|1.580.000,00|1.600.000,00|1.600.000,00|1.590.000,00|3|504|803.900.000,00|
|16/07/2021|R|1.600.000,00|1.620.000,00|1.620.000,00|1.620.000,00|3|371.136|601.240.320.000,00|
|19/07/2021|R|1.620.000,00|1.730.000,00|1.730.000,00|1.730.000,00|2|61|105.530.000,00|
|20/07/2021|R|1.730.000,00|1.740.000,00|1.740.000,00|1.730.000,00|3|355|615.140.000,00|
|22/07/2021|R|1.740.000,00|1.740.000,00|1.740.000,00|1.740.000,00|3|1.052|1.740.480.000,00|
|23/07/2021|R|1.740.000,00|1.740.000,00|1.740.000,00|1.740.000,00|2|35|60.900.000,00|
|26/07/2021|R|1.740.000,00|1.750.000,00|1.750.000,00|1.740.000,00|6|631|1.100.140.000,00|
|27/07/2021|R|1.750.000,00|1.750.000,00|1.750.000,00|1.750.000,00|3|63|110.250.000,00|
|29/07/2021|R|1.750.000,00|1.750.000,00|1.750.000,00|1.750.000,00|2|13|22.750.000,00|
|02/08/2021|R|1.750.000,00|1.750.000,00|1.750.000,00|1.750.000,00|3|230|402.500.000,00|
|03/08/2021|R|1.750.000,00|1.740.000,00|1.740.000,00|1.740.000,00|1|100|174.000.000,00|
|04/08/2021|R|1.740.000,00|1.900.000,00|1.900.000,00|1.900.000,00|1|188|357.200.000,00|
|05/08/2021|R|1.900.000,00|1.940.000,00|1.940.000,00|1.900.000,00|6|1.170|2.246.140.000,00|














  



































