 


|08/05/2014|R|0,22|0,26|0,26|0,26|2|107.625|27.982,50|
|13/07/2017|R|315,00|315,00|315,00|315,00|6|8.869|2.793.735,00|
|14/07/2017|R|315,00|544,01|544,01|378,00|5|1.280|634.226,80|
|17/07/2017|R|544,01|700,00|700,00|650,00|12|3.000|1.988.655,00|
|18/07/2017|R|700,00|750,00|800,00|750,00|14|2.604|1.955.500,00|
|19/07/2017|R|750,00|795,00|800,00|795,00|4|337|268.915,00|
|21/07/2017|R|795,00|799,99|799,99|795,00|4|431|342.984,32|
|25/07/2017|R|799,99|799,99|797,00|797,00|1|10|7.970,00|
|28/07/2017|R|799,99|900,00|900,00|900,00|1|1.000|900.000,00|
|01/08/2017|R|900,00|900,00|950,00|950,00|1|40|38.000,00|
|02/08/2017|R|900,00|893,00|893,00|893,00|4|806|719.758,00|
|03/08/2017|R|893,00|890,00|890,00|890,00|2|1.303|1.159.670,00|
|04/08/2017|R|890,00|1.067,00|1.067,00|1.067,00|1|350|373.450,00|
|08/08/2017|R|1.067,00|1.250,00|1.250,00|1.250,00|2|793|991.250,00|
|10/08/2017|R|1.250,00|1.250,00|1.499,00|1.250,00|4|5.101|6.376.499,00|
|11/08/2017|R|1.250,00|1.400,00|1.400,00|1.350,00|4|325|443.750,00|
|15/08/2017|R|1.400,00|1.250,00|1.400,00|1.250,00|2|3.500|4.450.000,00|
|16/08/2017|R|1.250,00|1.400,00|1.400,00|1.020,00|5|2.000|2.420.000,00|
|17/08/2017|R|1.400,00|1.400,00|1.395,00|1.395,00|1|35|48.825,00|
|18/08/2017|R|1.400,00|1.395,00|1.395,00|1.395,00|2|138|192.510,00|
|21/08/2017|R|1.395,00|1.375,00|1.400,00|1.375,00|3|3.765|5.183.125,00|
|22/08/2017|R|1.375,00|1.375,00|1.395,00|1.375,00|2|422|580.290,00|
|23/08/2017|R|1.375,00|1.300,00|1.300,00|1.300,00|4|3.240|4.212.000,00|
|24/08/2017|R|1.300,00|1.295,00|1.295,00|1.295,00|1|100|129.500,00|
|25/08/2017|R|1.295,00|1.295,00|1.295,00|1.295,00|1|1|1.295,00|
|28/08/2017|R|1.295,00|1.295,00|1.295,00|1.295,00|1|1|1.295,00|
|29/08/2017|R|1.295,00|1.295,00|1.295,00|1.295,00|3|401|519.295,00|
|30/08/2017|R|1.295,00|1.295,00|1.295,00|1.295,00|1|2|2.590,00|
|31/08/2017|R|1.295,00|1.250,00|1.250,00|1.250,00|1|75|93.750,00|
|01/09/2017|R|1.250,00|1.200,00|1.200,00|1.200,00|1|500|600.000,00|
|04/09/2017|R|1.200,00|1.200,00|1.200,00|1.200,00|1|424|508.800,00|
|05/09/2017|R|1.200,00|1.200,00|1.250,00|1.250,00|1|1|1.250,00|
|06/09/2017|R|1.200,00|1.250,00|1.250,00|1.250,00|5|199|248.750,00|
|07/09/2017|R|1.250,00|1.255,00|1.255,00|1.255,00|1|450|564.750,00|
|08/09/2017|R|1.255,00|1.399,99|1.399,99|1.300,00|4|8.998|12.217.679,97|
|15/09/2017|R|1.399,99|1.500,00|1.500,00|1.500,00|1|120|180.000,00|
|19/09/2017|R|1.500,00|1.495,00|1.495,00|1.495,00|1|500|747.500,00|
|20/09/2017|R|1.495,00|1.490,00|1.494,99|1.345,50|5|3.460|4.678.599,90|
|28/09/2017|R|1.490,00|1.490,00|1.785,00|1.785,00|2|5|8.925,00|
|29/09/2017|R|1.490,00|1.785,00|1.785,00|1.785,00|2|103|183.855,00|
|03/10/2017|R|1.785,00|1.691,00|1.691,00|1.691,00|2|900|1.521.900,00|
|05/10/2017|R|1.691,00|1.650,00|1.650,00|1.650,00|1|424|699.600,00|
|06/10/2017|R|1.650,00|1.645,00|1.650,00|1.645,00|5|707|1.163.050,00|
|18/10/2017|R|1.645,00|1.800,00|1.900,00|1.800,00|3|1.001|1.801.900,00|
|19/10/2017|R|1.800,00|1.850,00|1.850,00|1.850,00|1|1.000|1.850.000,00|
|20/10/2017|R|1.850,00|1.850,00|1.850,00|1.850,00|1|1|1.850,00|
|23/10/2017|R|1.850,00|1.850,00|1.850,00|1.850,00|1|30|55.500,00|
|24/10/2017|R|1.850,00|1.850,00|1.850,00|1.850,00|1|10|18.500,00|
|25/10/2017|R|1.850,00|1.850,00|0,00|0,00|1|250|400.000,00|
|26/10/2017|R|1.850,00|1.849,00|1.849,00|1.849,00|2|255|471.495,00|
|27/10/2017|R|1.849,00|1.849,00|1.849,00|1.849,00|1|3|5.547,00|
|30/10/2017|R|1.849,00|1.849,00|1.850,00|1.850,00|2|4|7.400,00|
|01/11/2017|R|1.849,00|1.849,00|0,00|0,00|1|15|27.600,00|
|02/11/2017|R|1.849,00|2.000,00|2.000,00|2.000,00|1|75|150.000,00|
|08/11/2017|R|2.000,00|2.000,00|2.200,00|2.000,00|4|280|606.000,00|
|09/11/2017|R|2.000,00|2.150,00|2.150,00|2.100,00|2|352|756.700,00|
|10/11/2017|R|2.150,00|2.200,00|2.200,00|2.200,00|1|862|1.896.400,00|
|14/11/2017|R|2.200,00|2.100,00|2.400,00|2.100,00|7|14.119|30.657.050,00|
|15/11/2017|R|2.100,00|2.100,00|2.200,00|2.200,00|1|10|22.000,00|
|17/11/2017|R|2.100,00|2.000,00|2.200,00|1.681,00|5|2.554|4.440.734,00|
|20/11/2017|R|2.000,00|2.000,00|2.000,00|2.000,00|1|2.500|5.000.000,00|
|21/11/2017|R|2.000,00|2.000,00|2.000,00|2.000,00|1|10|20.000,00|
|23/11/2017|R|2.000,00|2.000,00|2.000,00|2.000,00|2|5.985|11.970.000,00|
|24/11/2017|R|2.000,00|2.000,00|2.000,00|2.000,00|1|4.000|8.000.000,00|
|27/11/2017|R|2.000,00|2.002,00|2.002,00|2.002,00|2|240|480.480,00|
|28/11/2017|R|2.002,00|1.620,00|1.620,00|1.620,00|1|210|340.200,00|
|05/12/2017|R|1.620,00|1.620,00|1.944,00|1.600,00|2|10|17.720,00|
|07/12/2017|R|1.620,00|1.620,00|1.943,00|1.943,00|1|3|5.829,00|
|08/12/2017|R|1.620,00|1.620,00|1.620,00|1.620,00|1|880|1.425.600,00|
|14/12/2017|R|1.620,00|1.650,00|1.650,00|1.650,00|2|1.240|2.046.000,00|
|21/12/2017|R|1.650,00|1.650,00|1.979,98|1.979,98|2|4|7.919,92|
|26/12/2017|R|1.650,00|1.800,00|1.800,00|1.800,00|1|600|1.080.000,00|
|28/12/2017|R|1.800,00|1.800,00|2.100,00|2.100,00|2|10|21.000,00|
|05/01/2018|R|1.800,00|1.800,00|2.000,00|2.000,00|1|4|8.000,00|
|09/01/2018|R|1.800,00|1.600,00|1.600,00|1.600,00|1|780|1.248.000,00|
|10/01/2018|R|1.600,00|1.910,00|1.910,00|1.910,00|3|125|238.750,00|
|11/01/2018|R|1.910,00|2.000,00|2.000,00|2.000,00|2|35|70.000,00|
|12/01/2018|R|2.000,00|2.000,00|2.000,00|2.000,00|1|50|100.000,00|
|15/01/2018|R|2.000,00|1.601,00|1.602,00|1.601,00|4|5.325|8.586.950,00|
|16/01/2018|R|1.601,00|1.921,00|1.921,00|1.921,00|1|46|88.366,00|
|17/01/2018|R|1.921,00|2.305,00|2.305,00|2.305,00|1|100|230.500,00|
|18/01/2018|R|2.305,00|2.000,00|2.390,00|2.000,00|2|579|1.167.750,00|
|19/01/2018|R|2.000,00|1.601,00|2.390,00|1.601,00|3|4.075|6.583.250,00|
|22/01/2018|R|1.601,00|1.600,00|1.600,00|1.600,00|1|175|280.000,00|
|25/01/2018|R|1.600,00|1.919,99|1.919,99|1.600,00|2|639|1.182.395,00|
|29/01/2018|R|1.919,99|2.000,00|2.000,00|2.000,00|2|5.000|10.000.000,00|
|30/01/2018|R|2.000,00|2.400,00|2.400,00|2.303,98|3|266|636.863,68|
|31/01/2018|R|2.400,00|2.000,00|2.000,00|2.000,00|1|1.000|2.000.000,00|
|05/02/2018|R|2.000,00|2.000,00|2.000,00|2.000,00|1|1.000|2.000.000,00|
|06/02/2018|R|2.000,00|2.200,00|2.200,00|2.000,00|3|782|1.600.400,00|
|07/02/2018|R|2.200,00|2.000,00|2.001,00|2.000,00|4|3.100|6.207.000,00|
|08/02/2018|R|2.000,00|2.000,00|2.000,00|2.000,00|3|2.050|4.100.000,00|
|09/02/2018|R|2.000,00|2.199,00|2.199,00|2.199,00|2|400|879.600,00|
|15/02/2018|R|2.199,00|2.300,00|2.400,00|2.300,00|4|4.010|9.474.000,00|
|21/02/2018|R|2.300,00|2.500,00|2.500,00|2.500,00|2|2.000|5.000.000,00|
|23/02/2018|R|2.500,00|2.999,99|2.999,99|2.999,99|1|1.000|2.999.990,00|
|26/02/2018|R|2.999,99|3.595,00|3.595,00|3.595,00|1|2.000|7.190.000,00|
|27/02/2018|R|3.595,00|3.750,00|3.750,00|3.750,00|1|200|750.000,00|
|28/02/2018|R|3.750,00|3.500,00|3.500,00|3.500,00|1|2.000|7.000.000,00|
|01/03/2018|R|3.500,00|3.500,00|3.500,00|3.500,00|1|900|3.150.000,00|
|02/03/2018|R|3.500,00|4.000,00|4.000,00|4.000,00|2|1.000|4.000.000,00|
|06/03/2018|R|4.000,00|3.900,00|3.900,00|3.900,00|1|3.489|13.607.100,00|
|07/03/2018|R|3.900,00|3.500,00|3.500,00|3.500,00|1|2.000|7.000.000,00|
|09/03/2018|R|3.500,00|3.500,00|0,00|0,00|3|4.005|14.037.500,00|
|13/03/2018|R|3.500,00|3.500,00|0,00|0,00|1|10|38.500,00|
|14/03/2018|R|3.500,00|4.000,00|4.000,00|4.000,00|2|6.000|24.000.000,00|
|21/03/2018|R|4.000,00|4.500,00|4.500,00|4.500,00|2|1.100|4.950.000,00|
|23/03/2018|R|4.500,00|4.500,00|4.500,00|4.500,00|1|12|54.000,00|
|26/03/2018|R|4.500,00|5.350,00|5.350,00|5.350,00|1|80|428.000,00|
|27/03/2018|R|5.350,00|5.350,00|5.350,00|5.340,00|5|630|3.369.500,00|
|28/03/2018|R|5.350,00|5.350,00|5.350,00|5.350,00|1|390|2.086.500,00|
|02/04/2018|R|5.350,00|5.350,00|5.350,00|5.350,00|2|1.100|5.885.000,00|
|03/04/2018|R|5.350,00|6.000,00|6.400,00|6.000,00|6|1.800|10.840.000,00|
|04/04/2018|R|6.000,00|7.150,00|7.150,00|7.150,00|5|2.270|16.230.500,00|
|05/04/2018|R|7.150,00|8.580,00|8.580,00|7.350,00|4|1.835|15.086.250,00|
|06/04/2018|R|8.580,00|10.295,00|10.295,00|10.000,00|4|1.035|10.360.325,00|
|09/04/2018|R|10.295,00|12.354,00|12.354,00|12.350,00|4|1.020|12.598.580,00|
|10/04/2018|R|12.354,00|14.824,80|14.824,80|14.824,80|10|1.313|19.464.962,40|
|11/04/2018|R|14.824,80|17.789,75|17.789,75|17.789,75|11|655|11.150.131,25|
|12/04/2018|R|17.789,75|21.000,00|21.000,00|21.000,00|9|7.000|147.000.000,00|
|13/04/2018|R|21.000,00|25.199,00|25.200,00|23.000,00|22|20.275|510.221.000,00|
|16/04/2018|R|25.199,00|30.100,00|30.100,00|30.100,00|9|500|15.050.000,00|
|17/04/2018|R|30.100,00|32.000,00|36.000,00|32.000,00|6|2.078|66.536.000,00|
|18/04/2018|R|32.000,00|38.400,00|38.400,00|38.000,00|5|8.400|322.400.000,00|
|20/04/2018|R|38.400,00|45.000,00|46.075,00|40.000,00|4|265|11.543.250,00|
|24/04/2018|R|45.000,00|45.000,00|45.000,00|45.000,00|4|381|17.145.000,00|
|25/04/2018|R|45.000,00|45.000,00|45.000,00|45.000,00|6|615|27.050.000,00|
|26/04/2018|R|45.000,00|45.000,00|45.000,00|43.000,00|4|576|25.518.000,00|
|27/04/2018|R|45.000,00|45.000,00|45.000,00|45.000,00|3|122|5.490.000,00|
|30/04/2018|R|45.000,00|45.000,00|45.000,00|45.000,00|3|421|18.945.000,00|
|02/05/2018|R|45.000,00|45.000,00|45.000,00|45.000,00|1|20|900.000,00|
|03/05/2018|R|45.000,00|50.000,00|52.000,00|50.000,00|5|1.060|53.004.000,00|
|04/05/2018|R|50.000,00|57.000,00|59.000,00|57.000,00|2|110|6.290.000,00|
|07/05/2018|R|57.000,00|57.000,00|57.000,00|57.000,00|2|250|14.250.000,00|
|08/05/2018|R|57.000,00|54.000,00|54.000,00|54.000,00|1|90|4.860.000,00|
|09/05/2018|R|54.000,00|43.200,00|43.200,00|43.000,00|5|197|8.485.000,00|
|11/05/2018|R|43.200,00|56.000,00|56.000,00|51.840,00|9|700|38.368.000,00|
|15/05/2018|R|56.000,00|64.250,00|64.400,00|60.000,00|3|180|10.886.500,00|
|16/05/2018|R|64.250,00|63.000,00|64.300,00|63.000,00|4|833|52.492.000,00|
|17/05/2018|R|63.000,00|64.250,00|64.300,00|64.250,00|3|29|1.864.200,00|
|18/05/2018|R|64.250,00|64.300,00|64.300,00|64.300,00|1|50|3.215.000,00|
|21/05/2018|R|64.300,00|75.000,00|75.000,00|75.000,00|4|53|3.975.000,00|
|22/05/2018|R|75.000,00|90.000,00|91.000,00|80.000,00|6|56|4.930.000,00|
|23/05/2018|R|90.000,00|110.000,00|110.000,00|108.000,00|7|270|29.590.000,00|
|24/05/2018|R|110.000,00|129.000,00|129.000,00|120.000,00|5|822|98.838.000,00|
|25/05/2018|R|129.000,00|129.000,00|129.000,00|129.000,00|5|50|6.450.000,00|
|28/05/2018|R|129.000,00|184.000,00|185.000,00|154.000,00|6|5.031|929.883.800,00|
|29/05/2018|R|184.000,00|183.000,00|184.000,00|183.000,00|6|550|100.700.000,00|
|30/05/2018|R|183.000,00|183.000,00|0,00|0,00|1|100|18.300.000,00|
|31/05/2018|R|183.000,00|125.000,00|147.000,00|125.000,00|8|389|55.104.000,00|
|01/06/2018|R|125.000,00|150.000,00|150.000,00|150.000,00|6|537|80.550.000,00|
|05/06/2018|R|150.000,00|170.000,00|170.000,00|150.000,00|3|179|27.430.000,00|
|06/06/2018|R|170.000,00|169.000,00|169.990,00|160.000,00|5|122|20.512.970,00|
|07/06/2018|R|169.000,00|165.000,00|167.500,00|165.000,00|5|309|51.005.000,00|
|08/06/2018|R|165.000,00|165.000,00|165.000,00|165.000,00|4|265|43.725.000,00|
|12/06/2018|R|165.000,00|155.000,00|165.000,00|155.000,00|5|1.781|276.205.000,00|
|13/06/2018|R|155.000,00|145.000,00|165.000,00|145.000,00|4|1.028|169.260.000,00|
|14/06/2018|R|145.000,00|144.990,00|144.990,00|144.990,00|2|20|2.899.800,00|
|15/06/2018|R|144.990,00|144.990,00|144.990,00|130.000,00|3|113|16.189.000,00|
|18/06/2018|R|144.990,00|167.000,00|167.000,00|165.000,00|2|1.888|313.296.000,00|
|19/06/2018|R|167.000,00|167.000,00|167.000,00|167.000,00|4|3.100|517.700.000,00|
|20/06/2018|R|167.000,00|195.000,00|200.000,00|170.000,00|11|602|114.505.000,00|
|21/06/2018|R|195.000,00|190.000,00|200.000,00|180.000,00|5|1.631|318.590.000,00|
|26/06/2018|R|190.000,00|200.000,00|200.000,00|200.000,00|3|1.482|296.400.000,00|
|27/06/2018|R|200.000,00|200.000,00|0,00|0,00|1|15|3.000.000,00|
|28/06/2018|R|200.000,00|200.000,00|200.000,00|198.000,00|4|239|47.760.000,00|
|29/06/2018|R|200.000,00|210.000,00|210.000,00|210.000,00|1|50|10.500.000,00|
|04/07/2018|R|210.000,00|210.000,00|210.000,00|210.000,00|4|2.044|429.240.000,00|
|09/07/2018|R|210.000,00|210.000,00|210.000,00|210.000,00|1|1.120|235.200.000,00|
|10/07/2018|R|210.000,00|220.000,00|242.000,00|210.000,00|11|920|196.600.050,00|
|11/07/2018|R|220.000,00|220.000,00|220.000,00|220.000,00|2|9|1.980.000,00|
|12/07/2018|R|220.000,00|260.000,00|260.000,00|220.000,00|2|402|88.520.000,00|
|13/07/2018|R|260.000,00|255.000,00|260.000,00|255.000,00|4|910|232.600.000,00|
|17/07/2018|R|255.000,00|275.000,00|275.000,00|260.000,00|2|1.591|434.660.000,00|
|25/07/2018|R|275.000,00|275.000,00|275.000,00|275.000,00|1|30|8.250.000,00|
|01/08/2018|R|275.000,00|290.000,00|290.000,00|290.000,00|4|782|226.780.000,00|
|02/08/2018|R|290.000,00|320.000,00|320.000,00|290.000,00|4|8.702|2.643.740.000,00|
|03/08/2018|R|320.000,00|339.000,00|339.000,00|330.000,00|4|16.000|5.415.000.000,00|
|06/08/2018|R|339.000,00|389.000,00|389.000,00|389.000,00|2|6|2.334.000,00|
|07/08/2018|R|389.000,00|375.000,00|375.000,00|375.000,00|1|10|3.750.000,00|
|08/08/2018|R|375.000,00|375.000,00|375.000,00|375.000,00|2|23|8.625.000,00|
|09/08/2018|R|375.000,00|389.000,00|389.000,00|389.000,00|4|224|87.136.000,00|
|10/08/2018|R|389.000,00|320.000,00|390.000,00|320.000,00|7|8.319|2.876.852.000,00|
|13/08/2018|R|320.000,00|320.000,00|320.000,00|315.000,00|9|1.443|461.600.000,00|
|16/08/2018|R|320.000,00|460.000,00|460.000,00|384.000,00|5|1.098|497.024.000,00|
|21/08/2018|R|4,60|5,52|5,52|5,52|1|50|276,00|
|23/08/2018|R|5,52|6,50|6,50|6,50|3|500|3.250,00|
|24/08/2018|R|6,50|7,80|7,80|7,20|5|42|322,50|
|27/08/2018|R|7,80|7,80|8,10|7,80|6|714|5.575,80|
|28/08/2018|R|7,80|7,10|7,80|7,10|6|708|5.028,20|
|29/08/2018|R|7,10|7,00|8,00|7,00|3|20|146,00|
|30/08/2018|R|7,00|8,40|8,40|8,40|2|220|1.568,00|
|31/08/2018|R|8,40|8,00|8,40|8,00|3|66|534,40|
|04/09/2018|R|8,00|7,00|7,00|7,00|1|60|420,00|
|05/09/2018|R|7,00|7,00|7,00|7,00|3|530|3.710,00|
|11/09/2018|R|7,00|7,00|7,00|7,00|3|2.000|14.000,00|
|17/09/2018|R|7,00|8,25|8,25|7,00|3|1.402|9.816,50|
|18/09/2018|R|8,25|8,00|8,00|8,00|1|2|16,00|
|19/09/2018|R|8,00|8,00|9,00|8,00|3|68|559,00|
|20/09/2018|R|8,00|8,50|8,50|8,50|4|127|1.079,50|
|21/09/2018|R|8,50|8,50|8,50|8,50|1|5|42,50|
|24/09/2018|R|8,50|8,50|9,00|8,50|2|6|53,50|
|26/09/2018|R|8,50|8,50|8,80|8,50|2|115|980,50|
|02/10/2018|R|8,50|8,50|10,19|8,50|2|383|3.598,57|
|03/10/2018|R|8,50|8,00|8,50|8,00|2|199|1.597,00|
|04/10/2018|R|8,00|8,50|8,50|8,00|3|27|225,00|
|09/10/2018|R|8,50|8,50|9,00|8,50|4|1.413|12.060,50|
|10/10/2018|R|8,50|10,08|10,08|10,08|1|4|40,32|
|15/10/2018|R|10,08|10,00|10,00|10,00|1|4|40,00|
|16/10/2018|R|10,00|12,00|12,00|9,00|2|7|66,00|
|17/10/2018|R|12,00|10,00|11,50|10,00|2|8|84,50|
|18/10/2018|R|10,00|12,00|12,00|12,00|1|20|240,00|
|19/10/2018|R|12,00|12,00|12,00|11,90|3|23|275,70|
|22/10/2018|R|12,00|12,00|13,90|12,00|2|22|267,80|
|24/10/2018|R|12,00|13,40|13,40|13,40|1|1|13,40|
|25/10/2018|R|13,40|12,00|12,00|12,00|3|295|3.540,00|
|29/10/2018|R|12,00|13,00|13,50|13,00|3|575|7.510,00|
|30/10/2018|R|13,00|14,30|14,30|14,30|1|2|28,60|
|31/10/2018|R|14,30|14,30|14,30|14,00|3|635|8.930,50|
|01/11/2018|R|14,30|14,30|14,30|14,30|1|2|28,60|
|02/11/2018|R|14,30|17,16|17,16|17,16|1|10|171,60|
|06/11/2018|R|17,16|17,50|17,50|17,50|1|4|70,00|
|07/11/2018|R|17,50|17,50|17,50|17,50|1|29|507,50|
|09/11/2018|R|17,50|17,50|17,50|17,50|3|71|1.242,50|
|13/11/2018|R|17,50|17,50|17,50|17,50|1|80|1.400,00|
|15/11/2018|R|17,50|21,00|21,00|21,00|1|25|525,00|
|19/11/2018|R|21,00|21,00|21,00|21,00|2|200|4.200,00|
|20/11/2018|R|21,00|22,00|22,00|22,00|1|5|110,00|
|21/11/2018|R|22,00|22,00|22,00|22,00|1|3|66,00|
|22/11/2018|R|22,00|21,90|21,90|21,90|1|860|18.834,00|
|23/11/2018|R|21,90|23,00|23,00|23,00|4|52|1.196,00|
|26/11/2018|R|23,00|27,50|27,50|27,50|1|10|275,00|
|27/11/2018|R|27,50|27,50|27,50|27,50|1|10|275,00|
|28/11/2018|R|27,50|27,50|27,50|27,50|2|888|24.420,00|
|29/11/2018|R|27,50|27,50|27,50|27,50|1|27|742,50|
|03/12/2018|R|27,50|32,50|32,50|32,50|2|3|97,50|
|05/12/2018|R|32,50|38,99|38,99|38,99|3|1.338|52.168,62|
|06/12/2018|R|38,99|38,98|46,77|38,98|4|88|3.897,64|
|10/12/2018|R|38,98|38,00|38,00|38,00|1|10|380,00|
|11/12/2018|R|38,00|35,00|35,00|35,00|1|240|8.400,00|
|13/12/2018|R|35,00|34,00|35,00|34,00|2|62|2.168,00|
|14/12/2018|R|34,00|30,00|30,00|30,00|2|58|1.740,00|
|17/12/2018|R|30,00|36,00|36,00|35,00|2|124|4.440,00|
|18/12/2018|R|36,00|40,00|40,00|40,00|2|48|1.920,00|
|26/12/2018|R|40,00|40,00|40,00|40,00|1|5|200,00|
|28/12/2018|R|40,00|40,00|40,00|40,00|1|255|10.200,00|
|07/01/2019|R|40,00|57,59|57,59|45,00|7|25.168|1.219.072,60|
|08/01/2019|R|57,59|69,09|69,09|69,09|4|5.155|356.158,95|
|09/01/2019|R|69,09|70,00|70,00|70,00|4|1.456|101.920,00|
|10/01/2019|R|70,00|70,00|71,00|70,00|3|141|9.890,00|
|11/01/2019|R|70,00|85,00|85,00|80,00|3|10.000|825.000,00|
|14/01/2019|R|85,00|100,00|100,00|90,00|4|5.444|494.400,00|
|15/01/2019|R|100,00|120,00|120,00|118,00|5|5.521|661.520,00|
|16/01/2019|R|120,00|144,00|144,00|143,99|4|56|8.063,88|
|17/01/2019|R|144,00|160,00|172,00|160,00|6|303|49.014,00|
|22/01/2019|R|160,00|129,00|150,00|129,00|3|21|2.730,00|
|24/01/2019|R|129,00|125,00|125,00|125,00|2|21|2.625,00|
|25/01/2019|R|125,00|145,00|145,00|145,00|2|18|2.610,00|
|28/01/2019|R|145,00|207,00|207,00|170,00|3|470|81.470,00|
|29/01/2019|R|207,00|240,00|240,00|240,00|7|571|137.040,00|
|30/01/2019|R|240,00|240,00|240,00|240,00|2|27|6.480,00|
|01/02/2019|R|240,00|250,00|270,00|250,00|2|20|5.200,00|
|04/02/2019|R|250,00|260,00|290,00|260,00|4|510|132.900,00|
|05/02/2019|R|260,00|260,00|300,00|260,00|4|393|103.390,00|
|06/02/2019|R|260,00|240,00|260,00|240,00|4|790|199.400,00|
|07/02/2019|R|240,00|255,00|255,00|255,00|1|20|5.100,00|
|08/02/2019|R|255,00|280,00|280,00|280,00|1|30|8.400,00|
|12/02/2019|R|280,00|240,00|240,00|240,00|1|5|1.200,00|
|13/02/2019|R|240,00|220,00|220,00|220,00|1|200|44.000,00|
|14/02/2019|R|220,00|220,00|220,00|220,00|1|20|4.400,00|
|19/02/2019|R|220,00|230,00|250,00|230,00|2|235|58.650,00|
|20/02/2019|R|230,00|230,00|230,00|230,00|2|500|115.000,00|
|21/02/2019|R|230,00|230,00|230,00|230,00|5|29|6.670,00|
|22/02/2019|R|230,00|250,00|250,00|230,00|2|120|28.000,00|
|25/02/2019|R|250,00|280,00|280,00|280,00|1|100|28.000,00|
|26/02/2019|R|280,00|225,00|270,00|225,00|4|1.708|460.800,00|
|27/02/2019|R|225,00|250,00|250,00|250,00|1|150|37.500,00|
|06/03/2019|R|250,00|255,00|255,00|250,00|6|1.087|271.935,00|
|07/03/2019|R|255,00|255,00|300,00|255,00|5|1.225|321.600,00|
|14/03/2019|R|255,00|240,00|240,00|204,00|2|1.046|249.384,00|
|15/03/2019|R|240,00|245,00|287,00|245,00|6|1.111|273.707,00|
|18/03/2019|R|245,00|245,00|250,00|245,00|2|44|10.905,00|
|20/03/2019|R|245,00|245,00|245,00|245,00|2|55|13.100,00|
|21/03/2019|R|245,00|240,00|240,00|240,00|3|56|13.440,00|
|22/03/2019|R|240,00|280,00|287,00|280,00|2|47|13.440,00|
|29/03/2019|R|280,00|280,00|280,00|280,00|1|3|840,00|
|01/04/2019|R|280,00|280,00|290,00|290,00|1|4|1.160,00|
|02/04/2019|R|280,00|280,00|280,00|280,00|2|11|3.080,00|
|04/04/2019|R|280,00|275,00|275,00|275,00|1|45|12.375,00|
|05/04/2019|R|275,00|275,00|280,00|280,00|1|30|8.400,00|
|23/04/2019|R|275,00|275,00|329,99|329,99|1|10|3.299,90|
|24/04/2019|R|275,00|329,99|329,99|329,99|1|200|65.998,00|
|26/04/2019|R|329,99|320,00|320,00|318,00|2|1.500|479.000,00|
|29/04/2019|R|320,00|350,00|350,00|349,99|3|1.000|349.995,00|
|13/05/2019|R|340,00|339,00|339,00|298,00|6|2.609|804.451,00|
|16/05/2019|R|339,00|280,00|280,00|280,00|2|2.500|700.000,00|
|17/05/2019|R|280,00|280,00|280,00|280,00|1|550|154.000,00|
|29/05/2019|R|320,00|295,00|295,00|295,00|1|50|14.750,00|
|30/05/2019|R|295,00|236,01|300,00|236,01|9|5.595|1.520.572,68|
|04/06/2019|R|236,01|220,00|236,00|220,00|5|484|106.688,00|
|05/06/2019|R|220,00|220,00|220,00|220,00|2|221|49.196,00|
|06/06/2019|R|220,00|220,00|250,00|220,00|6|7.194|1.582.710,00|
|10/06/2019|R|220,00|220,00|220,00|220,00|1|7.779|1.711.380,00|
|11/06/2019|R|220,00|220,00|240,00|240,00|1|5|1.200,00|
|12/06/2019|R|220,00|220,00|220,00|220,00|1|7.967|1.752.740,00|
|14/06/2019|R|220,00|263,98|263,99|263,98|2|127|33.526,23|
|19/06/2019|R|263,98|263,00|263,00|263,00|1|1.856|488.128,00|
|20/06/2019|R|263,00|285,00|285,00|285,00|3|110|31.350,00|
|21/06/2019|R|285,00|285,00|285,00|285,00|4|950|270.750,00|
|25/06/2019|R|285,00|285,00|285,00|285,00|4|830|236.550,00|
|27/06/2019|R|285,00|340,00|341,99|280,00|3|3.998|1.123.059,90|
|01/07/2019|R|340,00|407,99|407,99|407,99|1|50|20.399,50|
|02/07/2019|R|407,99|330,00|399,00|330,00|9|43.806|14.479.509,19|
|03/07/2019|R|330,00|330,00|330,00|330,00|1|3|990,00|
|04/07/2019|R|330,00|330,00|395,00|395,00|1|5|1.975,00|
|10/07/2019|R|330,00|350,00|350,00|350,00|2|33|11.550,00|
|11/07/2019|R|350,00|350,00|350,00|350,00|1|3|1.050,00|
|15/07/2019|R|350,00|350,00|400,00|400,00|1|8|3.200,00|
|16/07/2019|R|350,00|350,00|0,00|0,00|2|302|105.700,00|
|17/07/2019|R|350,00|350,00|360,50|360,50|1|50|18.025,00|
|18/07/2019|R|350,00|350,00|360,00|350,00|3|2.300|808.000,00|
|19/07/2019|R|350,00|350,00|350,00|350,00|3|3.331|1.165.850,00|
|25/07/2019|R|350,00|350,00|350,00|350,00|1|150|52.500,00|
|26/07/2019|R|350,00|350,00|350,00|350,00|2|63|22.050,00|
|31/07/2019|R|350,00|400,00|420,00|400,00|2|1.501|600.420,00|
|01/08/2019|R|400,00|400,00|0,00|0,00|1|2.000|940.000,00|
|02/08/2019|R|400,00|400,00|470,00|470,00|4|314|126.440,00|
|05/08/2019|R|400,00|470,00|470,00|470,00|2|1.545|726.150,00|
|07/08/2019|R|470,00|470,00|470,00|470,00|1|1.500|705.000,00|
|08/08/2019|R|470,00|470,00|564,00|564,00|1|15|8.460,00|
|14/08/2019|R|470,00|470,00|470,00|470,00|1|70|32.900,00|
|16/08/2019|R|470,00|470,00|564,00|564,00|1|50|28.200,00|
|20/08/2019|R|470,00|560,00|560,00|470,00|4|181|99.470,00|
|23/08/2019|R|560,00|670,00|670,00|670,00|3|200|134.000,00|
|26/08/2019|R|670,00|710,00|710,00|710,00|2|90|63.900,00|
|27/08/2019|R|710,00|850,00|850,00|850,00|7|909|772.650,00|
|28/08/2019|R|850,00|1.000,00|1.000,00|1.000,00|2|899|899.000,00|
|29/08/2019|R|1.000,00|1.190,00|1.190,00|1.190,00|1|33|39.270,00|
|30/08/2019|R|1.190,00|1.400,00|1.400,00|1.190,00|4|401|501.760,00|
|02/09/2019|R|1.400,00|1.400,00|1.300,00|1.300,00|1|15|19.500,00|
|04/09/2019|R|1.400,00|1.400,00|1.670,00|1.670,00|2|14|23.380,00|
|05/09/2019|R|1.400,00|1.400,00|1.670,00|1.200,00|4|79|112.840,00|
|10/09/2019|R|1.400,00|1.400,00|1.250,00|1.250,00|1|5|6.250,00|
|11/09/2019|R|1.400,00|1.400,00|1.400,00|1.400,00|2|711|995.400,00|
|12/09/2019|R|1.400,00|1.400,00|1.400,00|1.400,00|1|260|364.000,00|
|01/10/2019|R|1.400,00|1.400,00|1.600,00|1.600,00|1|2|3.200,00|
|02/10/2019|R|1.400,00|1.400,00|1.600,00|1.600,00|1|2|3.200,00|
|03/10/2019|R|1.400,00|1.400,00|1.600,00|1.500,00|2|11|17.500,00|
|04/10/2019|R|1.400,00|1.400,00|1.500,00|1.400,00|2|15|22.400,00|
|07/10/2019|R|1.400,00|1.400,00|1.400,00|1.400,00|3|650|910.000,00|
|09/10/2019|R|1.400,00|1.350,00|1.400,00|1.350,00|4|285|385.050,00|
|10/10/2019|R|1.350,00|1.350,00|1.350,00|1.350,00|1|3|4.050,00|
|11/10/2019|R|1.350,00|1.350,00|1.350,00|1.350,00|3|122|164.200,00|
|14/10/2019|R|1.350,00|1.350,00|1.350,00|1.350,00|2|31|41.850,00|
|15/10/2019|R|1.350,00|1.619,99|1.619,99|1.619,99|1|30|48.599,70|
|22/10/2019|R|1.619,99|1.500,00|1.500,00|1.500,00|2|88|132.000,00|
|24/10/2019|R|1.500,00|1.500,00|1.500,00|1.500,00|1|3|4.500,00|
|25/10/2019|R|1.500,00|1.500,00|1.799,99|1.799,99|1|3|5.399,97|
|28/10/2019|R|1.500,00|1.600,00|1.600,00|1.600,00|1|96|153.600,00|
|30/10/2019|R|1.600,00|1.500,00|1.600,00|1.500,00|4|302|481.600,00|
|01/11/2019|R|1.500,00|1.700,00|1.700,00|1.700,00|4|49|83.300,00|
|08/11/2019|R|1.700,00|1.700,00|1.700,00|1.700,00|4|2.405|3.628.500,00|
|12/11/2019|R|1.700,00|1.700,00|1.700,00|1.700,00|1|14|23.800,00|
|13/11/2019|R|1.700,00|1.800,00|1.800,00|1.800,00|4|169|304.200,00|
|14/11/2019|R|1.800,00|1.800,00|1.800,00|1.800,00|3|50|90.000,00|
|15/11/2019|R|1.800,00|1.701,00|1.701,00|1.700,00|6|1.238|2.105.312,00|
|18/11/2019|R|1.701,00|1.700,00|1.700,00|1.700,00|2|439|746.300,00|
|19/11/2019|R|1.700,00|1.950,00|1.950,00|1.701,00|4|712|1.254.786,00|
|20/11/2019|R|1.950,00|1.800,00|1.800,00|1.800,00|3|145|261.000,00|
|21/11/2019|R|1.800,00|1.799,99|1.800,00|1.799,99|2|41|73.799,91|
|22/11/2019|R|1.799,99|1.601,00|1.789,99|1.601,00|3|153|262.270,47|
|25/11/2019|R|1.601,00|1.700,00|1.700,00|1.650,00|4|98|165.100,00|
|27/11/2019|R|1.700,00|2.039,00|2.039,00|1.700,00|2|110|207.340,00|
|28/11/2019|R|2.039,00|2.039,00|2.445,00|2.445,00|1|5|12.225,00|
|29/11/2019|R|2.039,00|1.635,00|1.635,00|1.632,00|2|1.590|2.595.150,00|
|02/12/2019|R|1.635,00|1.650,00|1.900,00|1.650,00|4|659|1.120.350,00|
|03/12/2019|R|1.650,00|1.650,00|1.949,00|1.650,00|5|719|1.243.780,00|
|05/12/2019|R|1.650,00|1.650,00|1.949,00|1.949,00|1|3|5.847,00|
|06/12/2019|R|1.650,00|1.900,00|1.900,00|1.900,00|4|547|1.039.300,00|
|09/12/2019|R|1.900,00|1.900,00|2.269,00|2.269,00|1|2|4.538,00|
|10/12/2019|R|1.900,00|1.950,00|2.198,00|1.950,00|3|27|53.394,00|
|11/12/2019|R|1.950,00|1.700,00|1.950,00|1.700,00|3|174|301.800,00|
|12/12/2019|R|1.700,00|1.700,00|0,00|0,00|1|52|105.820,00|
|13/12/2019|R|1.700,00|1.700,00|1.700,00|1.700,00|1|50|85.000,00|
|16/12/2019|R|1.700,00|1.650,00|1.750,00|1.650,00|3|287|476.250,00|
|17/12/2019|R|1.650,00|1.790,00|1.800,00|1.790,00|5|150|268.900,00|
|18/12/2019|R|1.790,00|2.000,00|2.000,00|2.000,00|2|33|66.000,00|
|19/12/2019|R|2.000,00|2.399,00|2.399,00|2.000,00|4|737|1.480.783,00|
|20/12/2019|R|2.399,00|2.100,00|2.200,00|2.100,00|3|859|1.810.900,00|
|23/12/2019|R|2.100,00|2.100,00|2.100,00|2.100,00|1|211|443.100,00|
|30/12/2019|R|2.100,00|2.100,00|2.500,00|2.500,00|1|11|27.500,00|
|02/01/2020|R|2.100,00|2.100,00|2.500,00|2.500,00|1|10|25.000,00|
|07/01/2020|R|2.100,00|2.000,00|2.000,00|1.715,00|2|80|145.750,00|
|13/01/2020|R|2.000,00|2.399,01|2.399,01|2.399,01|1|50|119.950,50|
|14/01/2020|R|2.399,01|2.399,01|2.400,00|2.400,00|1|10|24.000,00|
|15/01/2020|R|2.399,01|2.877,60|2.877,60|2.400,00|4|281|765.609,40|
|16/01/2020|R|2.877,60|2.800,00|2.800,00|2.800,00|1|491|1.374.800,00|
|17/01/2020|R|2.800,00|3.000,00|3.000,00|3.000,00|1|10|30.000,00|
|21/01/2020|R|3.000,00|3.000,00|3.000,00|3.000,00|1|2|6.000,00|
|22/01/2020|R|3.000,00|3.000,00|3.000,00|3.000,00|10|4.830|14.490.000,00|
|23/01/2020|R|3.000,00|2.900,00|2.900,00|2.900,00|1|50|145.000,00|
|24/01/2020|R|2.900,00|2.949,75|2.949,75|2.949,75|2|12|35.397,00|
|27/01/2020|R|2.949,75|2.949,75|2.949,75|2.949,75|1|6|17.698,50|
|28/01/2020|R|2.949,75|2.900,00|2.900,00|2.400,00|3|1.575|4.586.403,75|
|29/01/2020|R|2.900,00|2.899,00|2.899,00|2.899,00|2|126|365.274,00|
|31/01/2020|R|2.899,00|2.900,00|2.900,00|2.900,00|3|155|449.500,00|
|05/02/2020|R|2.900,00|2.900,00|2.900,00|2.900,00|5|375|1.087.500,00|
|06/02/2020|R|2.900,00|3.400,00|3.400,00|3.400,00|2|594|2.019.600,00|
|07/02/2020|R|3.400,00|3.400,00|3.400,00|3.400,00|1|5|17.000,00|
|17/02/2020|R|280,00|3.500,00|3.800,00|3.499,00|5|130|460.983,00|
|18/02/2020|R|3.500,00|3.500,00|3.500,00|3.500,00|1|2|7.000,00|
|19/02/2020|R|3.500,00|3.500,00|3.500,00|3.500,00|6|339|1.186.500,00|
|02/03/2020|R|2.801,00|3.300,00|3.300,00|3.000,00|2|19|61.200,00|
|04/03/2020|R|3.300,00|3.200,00|3.800,00|3.198,00|3|45|152.966,00|
|05/03/2020|R|3.200,00|3.000,00|3.000,00|3.000,00|3|379|1.137.000,00|
|10/03/2020|R|3.000,00|3.000,00|3.400,00|3.400,00|1|5|17.000,00|
|11/03/2020|R|3.000,00|3.000,00|3.000,00|3.000,00|1|50|150.000,00|
|12/03/2020|R|3.000,00|2.401,00|2.401,00|2.401,00|1|400|960.400,00|
|13/03/2020|R|2.401,00|1.921,00|1.921,00|1.921,00|2|1.210|2.324.410,00|
|23/03/2020|R|1.921,00|1.921,00|2.240,00|1.921,00|3|272|523.788,00|
|24/03/2020|R|1.921,00|1.921,00|1.921,00|1.921,00|1|68|130.628,00|
|26/03/2020|R|1.921,00|1.900,00|1.900,00|1.900,00|3|304|577.600,00|
|27/03/2020|R|1.900,00|1.800,00|1.800,00|1.800,00|6|649|1.168.200,00|
|31/03/2020|R|1.800,00|1.800,00|1.800,00|1.800,00|3|2.000|3.600.000,00|
|02/04/2020|R|1.800,00|2.500,00|2.500,00|2.160,00|4|285|674.665,00|
|03/04/2020|R|2.500,00|2.700,00|2.700,00|2.700,00|3|785|2.119.500,00|
|06/04/2020|R|2.700,00|2.700,00|2.700,00|2.700,00|6|2.450|6.615.000,00|
|07/04/2020|R|2.700,00|3.750,00|3.750,00|3.239,99|6|1.372|4.963.436,59|
|14/04/2020|R|3.750,00|5.399,00|5.399,00|4.500,00|5|158|800.900,00|
|15/04/2020|R|5.399,00|5.399,00|5.450,00|5.399,00|6|1.000|5.449.490,00|
|17/04/2020|R|5.399,00|4.500,00|4.501,00|4.500,00|3|1.500|6.750.042,00|
|20/04/2020|R|4.500,00|4.700,00|4.700,00|4.700,00|1|2.237|10.513.900,00|
|21/04/2020|R|4.700,00|5.640,00|5.640,00|5.640,00|4|66|372.240,00|
|22/04/2020|R|5.640,00|5.800,00|5.800,00|5.800,00|5|6.782|40.935.600,00|
|24/04/2020|R|5.800,00|6.767,99|6.767,99|6.767,99|1|100|676.799,00|
|27/04/2020|R|6.767,99|6.600,00|6.600,00|5.500,00|7|2.355|15.209.000,00|
|28/04/2020|R|6.600,00|6.500,00|7.499,99|6.500,00|4|3.025|19.687.499,75|
|30/04/2020|R|6.500,00|7.499,99|7.499,99|7.499,99|4|146|1.094.998,54|
|04/05/2020|R|7.499,99|7.500,00|7.750,00|7.500,00|2|94|716.000,00|
|05/05/2020|R|7.500,00|7.850,00|7.850,00|7.850,00|1|42|329.700,00|
|06/05/2020|R|7.850,00|7.800,00|7.899,99|7.800,00|3|114|890.599,86|
|07/05/2020|R|7.800,00|7.850,00|7.850,00|7.850,00|1|106|832.100,00|
|08/05/2020|R|7.850,00|7.900,00|7.900,00|7.900,00|1|12|94.800,00|
|11/05/2020|R|7.900,00|7.150,00|8.000,00|7.150,00|3|938|6.724.200,00|
|12/05/2020|R|7.150,00|7.150,00|8.000,00|7.150,00|3|213|1.549.300,00|
|13/05/2020|R|7.150,00|7.200,00|7.200,00|7.200,00|1|7|50.400,00|
|15/05/2020|R|7.200,00|6.500,00|7.200,00|6.500,00|6|548|3.748.500,00|
|19/05/2020|R|6.500,00|6.612,00|6.612,00|6.600,00|2|30|198.060,00|
|20/05/2020|R|6.612,00|6.612,00|6.705,00|6.612,00|4|121|805.862,00|
|21/05/2020|R|6.612,00|5.800,00|6.000,00|5.800,00|2|3.488|20.628.000,00|
|22/05/2020|R|5.800,00|6.000,00|6.000,00|5.801,00|3|5.929|35.176.199,00|
|26/05/2020|R|6.000,00|6.500,00|6.500,00|6.500,00|2|421|2.736.500,00|
|27/05/2020|R|6.500,00|6.500,00|6.500,00|6.500,00|1|504|3.276.000,00|
|29/05/2020|R|6.500,00|6.500,00|6.500,00|6.500,00|1|7|45.500,00|
|02/06/2020|R|6.500,00|7.000,00|7.000,00|7.000,00|1|440|3.080.000,00|
|04/06/2020|R|7.000,00|8.999,99|8.999,99|8.400,00|3|37|320.999,83|
|05/06/2020|R|8.999,99|8.999,99|8.999,99|8.999,99|1|20|179.999,80|
|09/06/2020|R|8.999,99|8.500,00|8.500,00|8.500,00|3|210|1.785.000,00|
|10/06/2020|R|8.500,00|9.000,00|9.000,00|9.000,00|1|342|3.078.000,00|
|12/06/2020|R|9.000,00|9.000,00|9.000,00|9.000,00|1|30|270.000,00|
|16/06/2020|R|9.000,00|9.999,99|9.999,99|9.999,99|2|58|579.999,42|
|17/06/2020|R|9.999,99|9.999,99|9.500,00|9.500,00|1|1|9.500,00|
|18/06/2020|R|9.999,99|9.999,95|10.000,00|9.999,95|5|1.044|10.439.995,60|
|19/06/2020|R|9.999,95|8.001,00|9.998,95|8.001,00|6|1.426|11.689.139,00|
|23/06/2020|R|8.001,00|9.350,00|9.350,00|9.350,00|2|32|299.200,00|
|25/06/2020|R|9.350,00|9.350,00|9.400,00|9.350,00|3|215|2.020.250,00|
|26/06/2020|R|9.350,00|8.500,00|8.500,00|8.500,00|2|9|76.500,00|
|01/07/2020|R|8.500,00|7.000,00|8.500,00|7.000,00|3|4.202|29.417.000,00|
|02/07/2020|R|7.000,00|7.000,00|7.001,00|7.000,00|5|4.878|34.146.378,00|
|03/07/2020|R|7.000,00|7.000,00|7.500,00|7.500,00|1|10|75.000,00|
|07/07/2020|R|7.000,00|7.000,00|8.000,00|7.000,00|2|33|232.000,00|
|08/07/2020|R|7.000,00|7.000,00|8.000,00|7.000,00|2|3.504|24.532.000,00|
|09/07/2020|R|7.000,00|6.811,00|8.000,00|6.811,00|4|676|4.699.925,00|
|10/07/2020|R|6.811,00|7.500,00|7.500,00|7.500,00|2|3.624|27.180.000,00|
|13/07/2020|R|7.500,00|8.999,99|8.999,99|8.999,99|1|161|1.448.998,39|
|14/07/2020|R|8.999,99|8.999,00|8.999,00|8.999,00|2|334|3.005.666,00|
|15/07/2020|R|8.999,00|8.500,00|8.500,00|8.500,00|1|200|1.700.000,00|
|21/07/2020|R|8.500,00|8.500,00|8.500,00|8.500,00|1|6|51.000,00|
|27/07/2020|R|8.500,00|10.000,00|10.000,00|8.500,00|2|950|8.150.000,00|
|28/07/2020|R|10.000,00|10.000,00|10.000,00|10.000,00|1|13|130.000,00|
|29/07/2020|R|10.000,00|10.000,00|10.000,00|10.000,00|2|123|1.230.000,00|
|31/07/2020|R|10.000,00|8.000,00|11.000,00|8.000,00|3|30|255.000,00|
|04/08/2020|R|8.000,00|9.599,99|9.599,99|8.500,01|4|58|533.399,84|
|05/08/2020|R|9.599,99|9.600,00|10.000,00|9.600,00|2|89|882.000,00|
|06/08/2020|R|9.600,00|10.000,00|10.000,00|10.000,00|3|63|630.000,00|
|07/08/2020|R|10.000,00|11.500,00|11.500,00|10.000,00|4|774|7.759.500,00|
|10/08/2020|R|11.500,00|10.000,00|10.000,00|10.000,00|1|700|7.000.000,00|
|11/08/2020|R|10.000,00|9.001,00|10.000,00|9.001,00|4|240|2.250.150,00|
|12/08/2020|R|9.001,00|9.000,00|9.000,00|9.000,00|2|175|1.575.000,00|
|13/08/2020|R|9.000,00|10.000,00|10.200,00|9.500,00|3|2.466|24.052.700,00|
|14/08/2020|R|10.000,00|11.999,99|11.999,99|10.500,00|2|110|1.172.999,88|
|17/08/2020|R|11.999,99|13.500,00|13.500,00|11.999,99|3|102|1.268.999,80|
|18/08/2020|R|13.500,00|13.900,00|13.999,99|13.500,00|3|37|502.699,96|
|19/08/2020|R|13.900,00|13.999,99|13.999,99|13.500,00|5|150|2.059.999,30|
|20/08/2020|R|13.999,99|16.700,00|16.799,00|16.700,00|7|227|3.795.256,00|
|21/08/2020|R|16.700,00|18.999,99|18.999,99|18.800,00|2|26|492.799,80|
|25/08/2020|R|18.999,99|18.999,00|18.999,00|16.000,00|4|50|859.980,00|
|26/08/2020|R|18.999,00|18.999,00|18.999,00|18.999,00|1|5|94.995,00|
|27/08/2020|R|18.999,00|17.000,00|17.100,00|17.000,00|3|94|1.599.900,00|
|28/08/2020|R|17.000,00|18.500,00|18.500,00|18.500,00|2|105|1.942.500,00|
|31/08/2020|R|18.500,00|18.500,00|18.500,00|18.500,00|3|135|2.497.500,00|
|01/09/2020|R|18.500,00|18.500,00|18.500,00|18.000,00|3|226|4.178.500,00|
|02/09/2020|R|18.500,00|18.000,00|18.500,00|18.000,00|2|52|937.000,00|
|04/09/2020|R|18.000,00|18.000,00|18.000,00|18.000,00|1|25|450.000,00|
|09/09/2020|R|18.000,00|19.000,00|19.000,00|19.000,00|1|20|380.000,00|
|10/09/2020|R|19.000,00|19.000,00|19.000,00|19.000,00|1|20|380.000,00|
|11/09/2020|R|19.000,00|18.500,00|19.999,99|18.500,00|9|1.373|25.430.999,80|
|15/09/2020|R|18.500,00|18.500,00|18.500,00|18.500,00|1|1.286|23.791.000,00|
|16/09/2020|R|18.500,00|18.500,00|18.500,00|18.500,00|1|100|1.850.000,00|
|17/09/2020|R|18.500,00|18.000,00|18.499,00|18.000,00|2|21|379.497,00|
|18/09/2020|R|18.000,00|18.000,00|18.498,99|18.498,99|1|2|36.997,98|
|21/09/2020|R|18.000,00|18.498,99|18.498,99|18.498,99|1|12|221.987,88|
|28/09/2020|R|18.498,99|19.999,99|19.999,99|19.999,99|3|14|279.999,86|
|30/09/2020|R|19.999,99|19.999,99|19.999,99|19.999,99|1|97|1.939.999,03|
|02/10/2020|R|19.999,99|21.500,00|22.499,99|19.999,99|6|1.384|29.747.499,86|
|05/10/2020|R|21.500,00|21.500,00|21.500,00|21.500,00|3|1.204|25.886.000,00|
|07/10/2020|R|21.500,00|20.999,99|20.999,99|20.999,00|3|135|2.834.899,65|
|08/10/2020|R|20.999,99|20.000,00|20.998,00|19.999,00|3|569|11.429.881,00|
|09/10/2020|R|20.000,00|20.000,00|20.000,00|20.000,00|1|30|600.000,00|
|14/10/2020|R|20.000,00|20.000,00|20.000,00|20.000,00|1|20|400.000,00|
|15/10/2020|R|20.000,00|20.000,00|20.000,00|20.000,00|3|295|5.900.000,00|
|16/10/2020|R|20.000,00|20.000,00|20.000,00|20.000,00|1|400|8.000.000,00|
|26/10/2020|R|20.000,00|20.000,00|20.000,00|20.000,00|3|79|1.580.000,00|
|30/10/2020|R|20.000,00|23.990,00|23.990,00|21.000,00|4|121|2.663.590,00|
|02/11/2020|R|23.990,00|23.990,00|24.000,00|23.990,00|2|9|215.930,00|
|04/11/2020|R|23.990,00|28.787,99|28.787,99|28.787,99|1|28|806.063,72|
|05/11/2020|R|28.787,99|25.000,00|25.000,00|25.000,00|1|50|1.250.000,00|
|10/11/2020|R|25.000,00|25.000,00|25.000,00|25.000,00|2|184|4.600.000,00|
|11/11/2020|R|25.000,00|25.000,00|25.000,00|25.000,00|3|338|8.450.000,00|
|12/11/2020|R|25.000,00|25.000,00|25.000,00|25.000,00|2|17|425.000,00|
|13/11/2020|R|25.000,00|25.000,00|29.999,99|29.999,99|1|2|59.999,98|
|16/11/2020|R|25.000,00|25.000,00|25.000,00|25.000,00|1|22|550.000,00|
|17/11/2020|R|25.000,00|25.000,00|25.000,00|25.000,00|3|443|11.075.000,00|
|18/11/2020|R|25.000,00|25.000,00|25.000,00|25.000,00|1|50|1.250.000,00|
|19/11/2020|R|25.000,00|29.999,99|29.999,99|29.999,99|1|30|899.999,70|
|20/11/2020|R|29.999,99|29.999,99|35.999,00|35.999,00|1|5|179.995,00|
|24/11/2020|R|29.999,99|35.999,00|35.999,00|35.999,00|2|10|359.990,00|
|25/11/2020|R|35.999,00|40.000,00|43.198,78|36.000,00|3|62|2.339.993,90|
|26/11/2020|R|40.000,00|44.500,00|44.500,00|44.500,00|1|150|6.675.000,00|
|27/11/2020|R|44.500,00|53.399,99|53.399,99|53.399,99|1|7|373.799,93|
|30/11/2020|R|53.399,99|53.399,99|53.399,99|53.399,99|3|165|8.810.998,35|
|01/12/2020|R|53.399,99|53.500,00|53.500,00|53.400,00|4|170|9.093.800,00|
|03/12/2020|R|53.500,00|64.190,00|64.190,00|53.500,00|3|55|3.080.990,00|
|07/12/2020|R|64.190,00|64.190,00|64.190,00|64.190,00|1|32|2.054.080,00|
|08/12/2020|R|64.190,00|70.000,00|70.000,00|70.000,00|1|3|210.000,00|
|09/12/2020|R|70.000,00|83.990,00|83.990,00|70.000,00|3|110|7.881.870,00|
|10/12/2020|R|83.990,00|100.770,00|100.770,00|100.770,00|4|34|3.426.180,00|
|11/12/2020|R|100.770,00|100.000,00|100.000,00|100.000,00|3|12|1.200.000,00|
|15/12/2020|R|100.000,00|100.000,00|100.000,00|100.000,00|1|11|1.100.000,00|
|16/12/2020|R|100.000,00|100.000,00|100.000,00|100.000,00|3|107|10.700.000,00|
|17/12/2020|R|100.000,00|100.000,00|100.000,00|100.000,00|2|101|10.100.000,00|
|18/12/2020|R|100.000,00|100.000,00|100.000,00|100.000,00|2|100|10.000.000,00|
|21/12/2020|R|100.000,00|100.000,00|100.000,00|100.000,00|4|169|16.900.000,00|
|22/12/2020|R|100.000,00|90.000,00|90.000,00|90.000,00|4|88|7.920.000,00|
|23/12/2020|R|90.000,00|90.000,00|90.000,00|90.000,00|3|110|9.900.000,00|
|28/12/2020|R|90.000,00|90.000,00|90.000,00|90.000,00|2|51|4.590.000,00|
|29/12/2020|R|90.000,00|89.000,00|89.000,00|89.000,00|2|308|27.412.000,00|
|30/12/2020|R|89.000,00|90.000,00|100.000,00|90.000,00|2|137|12.340.000,00|
|05/01/2021|R|90.000,00|99.990,00|99.990,00|99.990,00|3|35|3.499.650,00|
|08/01/2021|R|99.990,00|119.000,00|119.000,00|119.000,00|4|74|8.806.000,00|
|12/01/2021|R|119.000,00|119.000,00|119.000,00|119.000,00|3|242|28.798.000,00|
|15/01/2021|R|119.000,00|95.210,00|125.000,00|95.210,00|3|301|28.688.000,00|
|19/01/2021|R|95.210,00|114.000,00|114.000,00|100.000,00|2|71|7.114.000,00|
|20/01/2021|R|114.000,00|110.000,00|110.000,00|110.000,00|2|7|770.000,00|
|21/01/2021|R|110.000,00|120.000,00|120.000,00|120.000,00|1|4|480.000,00|
|22/01/2021|R|120.000,00|120.000,00|120.000,00|110.000,00|4|45|5.030.000,00|
|25/01/2021|R|120.000,00|120.000,00|120.000,00|120.000,00|1|30|3.600.000,00|
|26/01/2021|R|120.000,00|114.990,00|119.990,00|114.990,00|4|66|7.669.340,00|
|27/01/2021|R|114.990,00|114.990,00|115.000,00|115.000,00|1|1|115.000,00|
|28/01/2021|R|114.990,00|111.000,00|114.990,00|111.000,00|2|215|23.896.920,00|
|29/01/2021|R|111.000,00|119.990,00|119.990,00|119.990,00|1|44|5.279.560,00|
|01/02/2021|R|119.990,00|115.000,00|115.000,00|115.000,00|3|13|1.495.000,00|
|02/02/2021|R|115.000,00|100.000,00|115.000,00|100.000,00|3|41|4.115.000,00|
|03/02/2021|R|100.000,00|100.000,00|109.000,00|100.000,00|2|49|4.909.000,00|
|04/02/2021|R|100.000,00|100.000,00|100.000,00|95.000,00|4|535|52.575.000,00|
|05/02/2021|R|100.000,00|100.000,00|119.990,00|100.000,00|3|112|11.219.990,00|
|08/02/2021|R|100.000,00|119.990,00|119.990,00|119.990,00|3|29|3.479.710,00|
|09/02/2021|R|119.990,00|119.990,00|119.980,00|119.980,00|1|3|359.940,00|
|10/02/2021|R|119.990,00|96.000,00|96.000,00|96.000,00|1|40|3.840.000,00|
|11/02/2021|R|96.000,00|94.000,00|94.010,00|93.050,00|4|976|91.655.200,00|
|12/02/2021|R|94.000,00|94.000,00|112.790,00|112.790,00|1|7|789.530,00|
|17/02/2021|R|94.000,00|94.000,00|94.000,00|94.000,00|2|97|9.118.000,00|
|18/02/2021|R|94.000,00|112.790,00|112.790,00|96.000,00|4|81|8.296.490,00|
|19/02/2021|R|112.790,00|119.990,00|119.990,00|119.990,00|2|23|2.759.770,00|
|22/02/2021|R|119.990,00|130.000,00|130.000,00|130.000,00|5|226|29.380.000,00|
|23/02/2021|R|130.000,00|155.000,00|155.000,00|145.000,00|2|22|3.290.000,00|
|24/02/2021|R|155.000,00|155.000,00|155.000,00|155.000,00|2|38|5.890.000,00|
|25/02/2021|R|155.000,00|155.000,00|155.000,00|155.000,00|2|100|15.500.000,00|
|26/02/2021|R|155.000,00|155.490,00|155.500,00|155.000,00|5|249|38.713.360,00|
|01/03/2021|R|155.490,00|154.900,00|154.900,00|135.000,00|3|15|2.204.100,00|
|02/03/2021|R|154.900,00|129.990,00|130.000,00|129.990,00|3|216|28.079.840,00|
|03/03/2021|R|129.990,00|115.000,00|130.000,00|115.000,00|7|376|43.315.000,00|
|04/03/2021|R|115.000,00|100.000,00|101.000,00|100.000,00|8|905|90.655.090,00|
|05/03/2021|R|100.000,00|110.000,00|110.000,00|110.000,00|4|16|1.760.000,00|
|08/03/2021|R|110.000,00|110.000,00|110.000,00|100.000,00|7|329|33.740.000,00|
|09/03/2021|R|110.000,00|110.000,00|110.000,00|110.000,00|1|20|2.200.000,00|
|10/03/2021|R|110.000,00|110.000,00|110.000,00|110.000,00|1|40|4.400.000,00|
|11/03/2021|R|110.000,00|109.990,00|110.000,00|105.000,00|3|260|28.399.800,00|
|12/03/2021|R|109.990,00|110.000,00|110.000,00|109.990,00|6|904|99.438.420,00|
|15/03/2021|R|110.000,00|110.000,00|110.000,00|110.000,00|2|16|1.760.000,00|
|16/03/2021|R|110.000,00|100.000,00|110.000,00|100.000,00|3|435|44.850.000,00|
|17/03/2021|R|100.000,00|110.000,00|110.000,00|100.000,00|5|328|34.080.000,00|
|18/03/2021|R|110.000,00|123.000,00|123.000,00|123.000,00|2|20|2.460.000,00|
|22/03/2021|R|123.000,00|147.000,00|147.000,00|147.000,00|2|381|56.007.000,00|
|23/03/2021|R|147.000,00|145.000,00|147.000,00|145.000,00|7|399|57.965.000,00|
|24/03/2021|R|145.000,00|146.990,00|146.990,00|145.000,00|4|52|7.549.950,00|
|25/03/2021|R|146.990,00|143.000,00|165.000,00|143.000,00|7|718|103.538.570,00|
|26/03/2021|R|143.000,00|139.990,00|140.000,00|139.990,00|4|376|52.637.740,00|
|30/03/2021|R|139.990,00|139.000,00|139.000,00|139.000,00|1|60|8.340.000,00|
|31/03/2021|R|139.000,00|140.000,00|140.000,00|140.000,00|2|60|8.400.000,00|
|05/04/2021|R|140.000,00|140.000,00|140.000,00|140.000,00|5|160|22.400.000,00|
|06/04/2021|R|140.000,00|167.000,00|168.000,00|167.000,00|2|6|1.004.000,00|
|07/04/2021|R|167.000,00|167.000,00|167.000,00|167.000,00|2|405|67.635.000,00|
|08/04/2021|R|167.000,00|200.000,00|200.000,00|200.000,00|3|216|43.200.000,00|
|09/04/2021|R|200.000,00|200.000,00|200.000,00|200.000,00|3|131|26.200.000,00|
|12/04/2021|R|200.000,00|200.000,00|200.000,00|200.000,00|2|30|6.000.000,00|
|14/04/2021|R|200.000,00|200.000,00|200.000,00|200.000,00|2|8|1.600.000,00|
|15/04/2021|R|200.000,00|200.000,00|200.000,00|200.000,00|1|2|400.000,00|
|16/04/2021|R|200.000,00|175.000,00|180.000,00|175.000,00|2|8|1.415.000,00|
|20/04/2021|R|175.000,00|180.000,00|180.000,00|180.000,00|2|97|17.460.000,00|
|22/04/2021|R|180.000,00|185.000,00|185.000,00|185.000,00|1|50|9.250.000,00|
|23/04/2021|R|185.000,00|199.990,00|200.000,00|199.990,00|8|397|79.396.060,00|
|26/04/2021|R|199.990,00|210.000,00|210.000,00|200.000,00|4|75|15.450.000,00|
|27/04/2021|R|210.000,00|215.000,00|215.000,00|215.000,00|4|85|18.275.000,00|
|28/04/2021|R|215.000,00|234.000,00|234.000,00|220.000,00|4|394|86.820.000,00|
|29/04/2021|R|234.000,00|234.000,00|234.000,00|230.000,00|8|1.432|333.859.000,00|
|30/04/2021|R|234.000,00|235.000,00|235.000,00|235.000,00|3|102|23.970.000,00|
|03/05/2021|R|235.000,00|253.000,00|280.000,00|250.000,00|3|271|67.828.000,00|
|04/05/2021|R|253.000,00|250.000,00|250.000,00|250.000,00|2|30|7.500.000,00|
|05/05/2021|R|250.000,00|253.000,00|253.000,00|253.000,00|5|999|252.747.000,00|
|06/05/2021|R|253.000,00|253.000,00|253.000,00|253.000,00|3|16|4.048.000,00|
|07/05/2021|R|253.000,00|253.000,00|253.000,00|253.000,00|5|266|67.298.000,00|
|11/05/2021|R|253.000,00|250.000,00|250.000,00|250.000,00|4|226|56.500.000,00|
|12/05/2021|R|250.000,00|250.000,00|250.000,00|250.000,00|1|45|11.250.000,00|
|13/05/2021|R|250.000,00|250.000,00|250.000,00|250.000,00|1|10|2.500.000,00|
|14/05/2021|R|250.000,00|255.000,00|275.000,00|250.000,00|6|599|163.325.000,00|
|17/05/2021|R|255.000,00|300.000,00|300.000,00|300.000,00|2|74|22.200.000,00|
|18/05/2021|R|300.000,00|300.000,00|300.000,00|300.000,00|8|162|48.600.000,00|
|19/05/2021|R|300.000,00|300.000,00|300.000,00|300.000,00|1|3|900.000,00|
|20/05/2021|R|300.000,00|285.000,00|285.000,00|285.000,00|1|100|28.500.000,00|
|25/05/2021|R|285.000,00|285.000,00|285.000,00|285.000,00|2|63|17.955.000,00|
|26/05/2021|R|285.000,00|325.000,00|325.000,00|325.000,00|4|70|22.750.000,00|
|27/05/2021|R|325.000,00|325.000,00|325.000,00|325.000,00|1|30|9.750.000,00|
|28/05/2021|R|325.000,00|315.000,00|315.000,00|280.000,00|4|200|59.500.000,00|
|01/06/2021|R|315.000,00|260.010,00|260.010,00|260.010,00|1|50|13.000.500,00|
|08/06/2021|R|260.010,00|300.010,00|300.010,00|300.000,00|4|35|10.500.250,00|
|09/06/2021|R|300.010,00|324.000,00|324.000,00|324.000,00|1|20|6.480.000,00|
|10/06/2021|R|324.000,00|324.000,00|324.000,00|324.000,00|5|162|52.488.000,00|
|11/06/2021|R|324.000,00|324.000,00|324.000,00|324.000,00|4|11|3.564.000,00|
|16/06/2021|R|324.000,00|324.000,00|324.000,00|324.000,00|5|73|23.652.000,00|
|17/06/2021|R|324.000,00|324.000,00|324.000,00|324.000,00|1|50|16.200.000,00|
|18/06/2021|R|324.000,00|324.000,00|380.000,00|380.000,00|1|3|1.140.000,00|
|23/06/2021|R|324.000,00|325.000,00|330.000,00|325.000,00|4|160|52.150.000,00|
|25/06/2021|R|325.000,00|325.000,00|325.000,00|325.000,00|1|3|975.000,00|
|29/06/2021|R|325.000,00|330.000,00|330.000,00|330.000,00|3|75|24.750.000,00|
|30/06/2021|R|330.000,00|325.000,00|330.000,00|325.000,00|4|134|44.055.000,00|
|01/07/2021|R|325.000,00|325.000,00|320.000,00|320.000,00|1|1|320.000,00|
|02/07/2021|R|325.000,00|320.000,00|325.000,00|320.000,00|4|43|13.940.000,00|
|06/07/2021|R|320.000,00|321.000,00|321.000,00|321.000,00|1|16|5.136.000,00|
|07/07/2021|R|321.000,00|321.000,00|320.000,00|320.000,00|1|5|1.600.000,00|
|08/07/2021|R|321.000,00|300.000,00|300.000,00|300.000,00|5|382|114.600.000,00|
|09/07/2021|R|300.000,00|300.000,00|300.000,00|300.000,00|2|18|5.400.000,00|
|14/07/2021|R|300.000,00|300.000,00|300.000,00|300.000,00|2|12|3.600.000,00|
|15/07/2021|R|300.000,00|300.000,00|300.000,00|300.000,00|11|987|296.100.000,00|
|16/07/2021|R|300.000,00|300.000,00|320.000,00|300.000,00|5|103|31.760.000,00|
|19/07/2021|R|300.000,00|300.000,00|305.000,00|300.000,00|12|1.222|366.730.360,00|
|22/07/2021|R|300.000,00|335.000,00|335.000,00|300.000,00|2|118|36.415.000,00|
|23/07/2021|R|335.000,00|335.000,00|335.000,00|335.000,00|1|200|67.000.000,00|
|26/07/2021|R|335.000,00|333.000,00|350.000,00|333.000,00|4|32|10.724.000,00|
|27/07/2021|R|333.000,00|320.000,00|320.000,00|320.000,00|3|390|124.800.000,00|
|29/07/2021|R|320.000,00|330.000,00|330.000,00|320.000,00|2|145|46.480.000,00|
|02/08/2021|R|330.000,00|330.000,00|330.000,00|330.000,00|2|4|1.320.000,00|
|03/08/2021|R|330.000,00|330.000,00|330.000,00|330.000,00|6|350|115.500.000,00|
|05/08/2021|R|330.000,00|330.000,00|330.000,00|330.000,00|3|22|7.260.000,00|
|06/08/2021|R|330.000,00|330.000,00|349.990,00|349.990,00|1|4|1.399.960,00|
|09/08/2021|R|330.000,00|335.000,00|335.000,00|335.000,00|1|9|3.015.000,00|
|10/08/2021|R|335.000,00|335.000,00|335.000,00|335.000,00|6|680|227.800.000,00|
|12/08/2021|R|335.000,00|335.000,00|335.000,00|335.000,00|1|10|3.350.000,00|
|13/08/2021|R|335.000,00|335.000,00|335.000,00|335.000,00|2|413|138.355.000,00|
|16/08/2021|R|335.000,00|330.000,00|330.000,00|330.000,00|1|16|5.280.000,00|
|20/08/2021|R|330.000,00|390.000,00|390.000,00|360.000,00|3|229|88.200.000,00|
|23/08/2021|R|390.000,00|389.990,00|389.990,00|389.990,00|1|83|32.369.170,00|
|24/08/2021|R|389.990,00|389.990,00|390.000,00|389.990,00|4|404|157.556.000,00|
|25/08/2021|R|389.990,00|385.000,00|385.000,00|385.000,00|1|73|28.105.000,00|
|26/08/2021|R|385.000,00|385.000,00|0,00|0,00|1|24|9.120.000,00|
|31/08/2021|R|385.000,00|370.000,00|370.000,00|370.000,00|2|400|148.000.000,00|
|01/09/2021|R|370.000,00|378.990,00|378.990,00|378.990,00|2|8|3.031.920,00|
|02/09/2021|R|378.990,00|377.990,00|378.000,00|377.990,00|3|25|9.460.940,00|


   


















 








 


 



























