

|02/01/2013|R|105,00|105,00|105,00|105,00|1|2|210,00|
|07/01/2013|R|105,00|105,00|105,00|105,00|1|2|210,00|
|17/01/2013|R|105,00|105,00|105,00|105,00|1|1.038|108.990,00|
|18/01/2013|R|105,00|106,00|106,00|105,00|8|1.371|144.641,00|
|22/01/2013|R|106,00|105,00|105,00|105,00|1|350|36.750,00|
|01/02/2013|R|105,00|105,00|115,00|115,00|1|2|230,00|
|05/02/2013|R|105,00|100,00|100,00|100,00|5|3.653|365.300,00|
|06/02/2013|R|100,00|101,00|101,00|101,00|1|297|29.997,00|
|07/02/2013|R|101,00|105,00|105,00|105,00|1|550|57.750,00|
|08/02/2013|R|105,00|112,00|117,00|110,00|6|1.449|161.603,00|
|14/02/2013|R|112,00|115,00|115,00|115,00|1|736|84.640,00|
|18/02/2013|R|115,00|115,00|115,00|115,00|2|2.150|247.250,00|
|20/02/2013|R|115,00|115,00|115,00|115,00|2|1.000|114.997,75|
|26/02/2013|R|115,00|114,99|114,99|114,99|3|380|43.696,20|
|06/03/2013|R|114,99|100,00|100,00|100,00|2|4.532|453.200,00|
|13/03/2013|R|100,00|100,00|100,00|100,00|1|715|71.500,00|
|14/03/2013|R|100,00|102,00|102,00|102,00|1|118|12.036,00|
|18/03/2013|R|102,00|102,00|114,99|114,99|1|2|229,98|
|25/03/2013|R|102,00|102,00|114,99|114,99|1|2|229,98|
|04/04/2013|R|102,00|102,00|102,00|102,00|1|593|60.486,00|
|09/04/2013|R|102,00|102,00|0,00|0,00|1|500|50.005,00|
|16/04/2013|R|102,00|102,00|0,00|0,00|2|8.264|830.532,00|
|17/04/2013|R|102,00|102,00|0,00|0,00|3|12.396|1.245.798,00|
|25/04/2013|R|102,00|105,00|105,00|105,00|3|562|59.010,00|
|06/05/2013|R|105,00|105,00|114,45|114,45|1|2|228,90|
|22/05/2013|R|105,00|120,00|120,00|114,49|5|8.521|975.973,50|
|27/05/2013|R|120,00|120,00|120,00|120,00|1|10|1.200,00|
|29/05/2013|R|120,00|130,00|130,00|120,00|3|830|103.100,00|
|06/06/2013|R|130,00|156,00|156,00|155,50|3|333|51.898,00|
|26/06/2013|R|156,00|140,00|140,00|140,00|1|118|16.520,00|
|28/06/2013|R|140,00|170,00|170,00|160,00|4|600|100.000,00|
|09/07/2013|R|170,00|195,00|195,00|195,00|1|16|3.120,00|
|23/07/2013|R|193,00|193,00|195,00|195,00|1|15|2.925,00|
|29/07/2013|R|193,00|193,00|195,00|195,00|1|4|780,00|
|07/08/2013|R|193,00|193,00|193,00|193,00|1|500|96.500,00|
|14/08/2013|R|193,00|193,00|193,00|193,00|1|2|386,00|
|22/08/2013|R|193,00|193,00|0,00|0,00|1|15|2.887,50|
|26/08/2013|R|193,00|193,00|193,00|193,00|1|498|96.114,00|
|13/09/2013|R|193,00|193,00|193,00|193,00|1|1.000|193.000,00|
|24/09/2013|R|193,00|195,00|195,00|195,00|2|312|60.840,00|
|25/09/2013|R|195,00|193,00|193,00|193,00|1|106|20.458,00|
|26/09/2013|R|193,00|198,00|198,00|198,00|1|498|98.604,00|
|01/10/2013|R|198,00|200,00|200,00|200,00|3|1.432|286.400,00|
|29/10/2013|R|200,00|240,00|240,00|240,00|2|900|216.000,00|
|31/10/2013|R|240,00|280,00|280,00|280,00|1|300|84.000,00|
|22/11/2013|R|280,00|280,00|280,00|280,00|1|2|560,00|
|25/11/2013|R|280,00|280,00|280,00|280,00|1|1|280,00|
|04/12/2013|R|280,00|280,00|0,00|0,00|2|1.500|375.000,00|
|10/12/2013|R|280,00|280,00|0,00|0,00|4|3.500|875.000,00|
|11/12/2013|R|280,00|280,00|280,00|280,00|1|10|2.800,00|
|13/12/2013|R|270,00|270,00|290,00|290,00|1|2|580,00|
|26/12/2013|R|270,00|270,00|0,00|0,00|1|7.800|1.951.950,00|
|27/12/2013|R|270,00|270,00|270,00|270,00|1|250|67.500,00|
|07/01/2014|R|270,00|290,00|290,00|270,00|2|62|17.140,00|
|14/01/2014|R|290,00|290,00|290,00|290,00|1|178|51.620,00|
|23/01/2014|R|290,00|320,00|320,00|320,00|3|101|29.740,00|
|24/01/2014|R|320,00|320,00|320,00|320,00|1|1|320,00|
|27/01/2014|R|320,00|320,00|320,00|320,00|1|84|26.880,00|
|31/01/2014|R|320,00|320,00|300,00|300,00|1|5|1.500,00|
|03/02/2014|R|320,00|300,00|300,00|300,00|1|20|6.000,00|
|04/02/2014|R|300,00|290,00|290,00|290,00|1|388|112.520,00|
|14/02/2014|R|290,00|290,00|320,00|320,00|1|5|1.600,00|
|19/02/2014|R|290,00|320,00|320,00|320,00|2|495|158.400,00|
|20/02/2014|R|320,00|320,00|320,00|320,00|1|292|93.440,00|
|05/03/2014|R|320,00|320,00|375,00|375,00|1|5|1.875,00|
|18/03/2014|R|320,00|375,00|375,00|375,00|1|10|3.750,00|
|28/03/2014|R|375,00|375,00|375,00|375,00|1|5|1.875,00|
|05/05/2014|R|375,00|375,00|350,00|350,00|1|5|1.750,00|
|19/05/2014|R|375,00|375,00|350,00|350,00|1|5|1.750,00|
|30/05/2014|R|375,00|375,00|350,00|350,00|1|5|1.750,00|
|13/06/2014|R|375,00|375,00|350,00|350,00|1|5|1.750,00|
|01/07/2014|R|375,00|375,00|350,00|350,00|1|5|1.750,00|
|03/07/2014|R|375,00|350,00|350,00|350,00|1|10|3.500,00|
|15/08/2014|R|345,00|350,00|350,00|350,00|1|925|323.750,00|
|01/09/2014|R|350,00|375,00|375,00|350,00|2|2.709|1.014.650,00|
|08/09/2014|R|375,00|350,00|350,00|350,00|1|60|21.000,00|
|15/09/2014|R|350,00|400,00|400,00|400,00|1|15|6.000,00|
|19/09/2014|R|400,00|400,00|400,00|400,00|1|2.475|990.000,00|
|26/09/2014|R|400,00|425,00|425,00|425,00|2|2.470|1.049.750,00|
|29/09/2014|R|425,00|450,00|450,00|450,00|1|2.220|999.000,00|
|07/10/2014|R|450,00|475,00|475,00|475,00|1|1.000|475.000,00|
|08/10/2014|R|475,00|475,00|475,00|475,00|1|1.100|522.500,00|
|28/10/2014|R|475,00|500,00|500,00|500,00|1|1.990|995.000,00|
|06/11/2014|R|500,00|525,00|525,00|525,00|2|1.500|787.500,00|
|07/11/2014|R|525,00|525,00|525,00|525,00|1|400|210.000,00|
|14/11/2014|R|525,00|560,00|560,00|550,00|4|1.000|559.500,00|
|17/11/2014|R|560,00|560,00|560,00|560,00|1|2|1.120,00|
|19/11/2014|R|560,00|560,00|560,00|560,00|2|700|392.000,00|
|20/11/2014|R|560,00|560,00|560,00|560,00|2|394|220.640,00|
|01/12/2014|R|560,00|560,00|620,00|620,00|1|2|1.240,00|
|09/12/2014|R|560,00|620,00|620,00|620,00|1|15|9.300,00|
|11/12/2014|R|620,00|620,00|620,00|620,00|2|288|178.560,00|
|12/12/2014|R|620,00|620,00|620,00|620,00|3|1.355|840.100,00|
|02/01/2015|R|620,00|650,00|650,00|650,00|1|10|6.500,00|
|20/01/2015|R|650,00|650,00|0,00|0,00|1|500|313.000,00|
|21/01/2015|R|650,00|650,00|650,00|650,00|2|1.000|650.000,00|
|04/02/2015|R|650,00|680,00|680,00|680,00|1|730|496.400,00|
|11/02/2015|R|680,00|712,00|712,00|712,00|1|331|235.672,00|
|20/02/2015|R|687,00|650,00|650,00|650,00|2|1.485|965.250,00|
|27/02/2015|R|650,00|715,00|715,00|715,00|1|690|493.350,00|
|02/03/2015|R|715,00|750,00|750,00|750,00|1|660|495.000,00|
|03/03/2015|R|750,00|800,00|800,00|750,00|3|750|593.500,00|
|06/03/2015|R|800,00|850,00|850,00|850,00|1|580|493.000,00|
|11/03/2015|R|850,00|900,00|900,00|900,00|2|60|54.000,00|
|13/03/2015|R|900,00|900,00|900,00|900,00|3|890|805.000,00|
|16/03/2015|R|900,00|950,00|950,00|950,00|3|520|494.020,00|
|17/03/2015|R|950,00|1.000,00|1.000,00|965,00|4|1.460|1.413.250,00|
|18/03/2015|R|1.000,00|1.000,00|1.000,00|1.000,00|3|890|890.000,00|
|20/03/2015|R|1.000,00|1.000,00|1.100,00|1.000,00|7|2.998|3.171.500,00|
|23/03/2015|R|1.000,00|1.100,00|1.100,00|1.100,00|1|130|143.000,00|
|24/03/2015|R|1.100,00|1.100,00|0,00|0,00|1|358|393.800,00|
|25/03/2015|R|1.100,00|1.150,00|1.150,00|1.150,00|2|445|492.150,00|
|08/04/2015|R|1.150,00|1.150,00|0,00|0,00|1|10|11.350,00|
|14/04/2015|R|1.150,00|1.150,00|1.150,00|1.150,00|1|43|49.450,00|
|20/04/2015|R|1.150,00|1.150,00|1.000,01|1.000,01|1|1|1.000,01|
|24/04/2015|R|1.150,00|1.150,00|1.150,00|1.150,00|3|188|218.517,70|
|28/04/2015|R|1.150,00|1.200,00|1.200,00|1.200,00|2|182|213.647,00|
|13/05/2015|R|1.200,00|1.200,00|1.200,00|1.200,00|1|30|36.000,00|
|15/05/2015|R|1.200,00|1.250,00|1.250,00|1.250,00|1|80|100.000,00|
|20/05/2015|R|1.250,00|1.300,00|1.300,00|1.300,00|1|75|97.500,00|
|22/05/2015|R|1.300,00|1.425,00|1.425,00|1.425,00|1|1.500|2.137.500,00|
|25/05/2015|R|1.425,00|1.900,00|1.900,00|1.900,00|2|1.500|2.850.000,00|
|27/05/2015|R|1.900,00|2.280,00|2.280,00|2.280,00|1|500|1.140.000,00|
|02/06/2015|R|2.280,00|2.280,00|2.280,00|2.280,00|1|291|663.480,00|
|05/06/2015|R|2.280,00|2.500,00|2.500,00|2.500,00|3|1.500|3.750.000,00|
|10/06/2015|R|2.500,00|2.500,00|2.500,00|2.500,00|2|26|65.000,00|
|12/06/2015|R|2.500,00|2.500,00|2.500,00|2.500,00|2|18|45.000,00|
|15/06/2015|R|2.500,00|2.700,00|2.700,00|2.700,00|1|3|8.100,00|
|18/06/2015|R|2.700,00|2.700,00|2.700,00|2.700,00|1|2|5.400,00|
|19/06/2015|R|2.700,00|2.700,00|2.700,00|2.700,00|1|4|10.800,00|
|23/06/2015|R|2.700,00|2.700,00|0,00|0,00|1|500|1.250.000,00|
|30/06/2015|R|2.700,00|3.000,00|3.000,00|3.000,00|2|5|15.000,00|
|02/07/2015|R|3.000,00|3.000,00|3.000,00|3.000,00|2|8.098|21.094.000,00|
|03/07/2015|R|3.000,00|3.000,00|3.000,00|3.000,00|1|2|6.000,00|
|08/07/2015|R|3.000,00|3.000,00|0,00|0,00|2|133|399.000,00|
|09/07/2015|R|3.000,00|3.000,00|3.000,00|3.000,00|1|100|300.000,00|
|10/07/2015|R|3.000,00|3.000,00|0,00|0,00|1|65|201.500,00|
|13/07/2015|R|3.000,00|3.600,00|3.600,00|3.600,00|1|2|7.200,00|
|14/07/2015|R|3.600,00|3.600,00|3.600,00|3.600,00|1|59|212.400,00|
|20/07/2015|R|3.600,00|3.700,00|3.700,00|3.700,00|1|25|92.500,00|
|28/07/2015|R|3.700,00|4.000,00|4.000,00|3.500,00|2|101|403.500,00|
|03/08/2015|R|4.000,00|4.000,00|4.000,00|4.000,00|3|255|1.020.000,00|
|04/08/2015|R|4.000,00|4.000,00|4.000,00|4.000,00|1|10|40.000,00|
|06/08/2015|R|4.000,00|3.800,00|3.800,00|3.800,00|8|1.120|4.256.000,00|
|25/08/2015|R|3.800,00|3.700,00|3.700,00|3.700,00|1|30|111.000,00|
|27/08/2015|R|3.700,00|3.700,00|0,00|0,00|2|260|936.000,00|
|02/09/2015|R|3.700,00|3.500,00|3.500,00|3.500,00|2|58|203.000,00|
|09/09/2015|R|3.500,00|3.200,00|3.200,00|3.200,00|1|452|1.446.400,00|
|14/09/2015|R|3.200,00|3.200,00|3.200,00|3.200,00|1|10|32.000,00|
|18/09/2015|R|3.200,00|3.200,00|0,00|0,00|1|5.690|20.814.020,00|
|21/09/2015|R|3.200,00|3.200,00|0,00|0,00|1|3|10.974,00|
|29/09/2015|R|3.200,00|3.200,00|0,00|0,00|1|10|32.000,00|
|05/10/2015|R|3.200,00|3.200,00|3.200,00|3.200,00|1|4|12.800,00|
|08/10/2015|R|3.200,00|3.200,00|3.200,00|3.200,00|1|96|307.200,00|
|14/10/2015|R|3.200,00|3.200,00|0,00|0,00|1|8|25.600,00|
|16/10/2015|R|3.200,00|3.600,00|3.600,00|3.600,00|1|25|90.000,00|
|20/10/2015|R|3.600,00|3.500,00|3.500,00|3.500,00|1|3|10.500,00|
|22/10/2015|R|3.500,00|3.500,00|0,00|0,00|2|330|1.188.000,00|
|23/10/2015|R|3.500,00|3.840,00|3.840,00|3.700,00|3|100|374.200,00|
|26/10/2015|R|3.840,00|3.840,00|3.840,00|3.840,00|2|200|768.000,00|
|28/10/2015|R|3.840,00|3.840,00|3.840,00|3.840,00|1|10|38.400,00|
|29/10/2015|R|3.840,00|3.840,00|3.840,00|3.840,00|1|204|783.360,00|
|30/10/2015|R|3.840,00|3.840,00|0,00|0,00|1|48|184.320,00|
|04/11/2015|R|3.840,00|4.608,00|4.608,00|4.608,00|4|89|410.112,00|
|05/11/2015|R|4.608,00|4.608,00|4.608,00|4.608,00|1|5|23.040,00|
|11/11/2015|R|4.608,00|4.608,00|4.608,00|4.608,00|1|231|1.064.448,00|
|16/11/2015|R|4.608,00|4.608,00|4.608,00|4.608,00|5|575|2.649.000,00|
|23/11/2015|R|4.608,00|5.300,00|5.300,00|5.300,00|3|140|742.000,00|
|26/11/2015|R|5.300,00|5.250,00|5.250,00|5.250,00|2|250|1.312.500,00|
|30/11/2015|R|5.250,00|5.250,00|5.250,00|5.250,00|1|37|194.250,00|
|01/12/2015|R|5.211,00|5.250,00|5.250,00|5.250,00|3|263|1.380.750,00|
|09/12/2015|R|5.250,00|5.000,00|5.000,00|5.000,00|2|298|1.490.000,00|
|11/12/2015|R|5.000,00|5.400,00|5.400,00|5.400,00|2|54|292.000,00|
|15/12/2015|R|5.400,00|5.650,00|5.650,00|5.650,00|1|1|5.650,00|
|21/12/2015|R|5.650,00|5.545,00|5.545,00|5.545,00|1|3|16.635,00|
|08/01/2016|R|5.545,00|5.745,00|5.745,00|5.745,00|2|105|603.225,00|
|14/01/2016|R|5.745,00|5.200,00|5.300,00|5.200,00|2|104|550.800,00|
|15/01/2016|R|5.200,00|5.000,00|5.000,00|5.000,00|3|228|1.140.000,00|
|19/01/2016|R|5.000,00|5.400,00|5.400,00|5.400,00|3|322|1.738.800,00|
|20/01/2016|R|5.400,00|5.410,00|5.410,00|5.410,00|1|500|2.705.000,00|
|22/01/2016|R|5.410,00|5.400,00|5.400,00|5.400,00|2|58|313.200,00|
|28/01/2016|R|5.400,00|5.400,00|5.400,00|5.400,00|1|10|54.000,00|
|02/02/2016|R|5.400,00|5.500,00|5.500,00|5.500,00|1|10|55.000,00|
|04/02/2016|R|5.500,00|5.000,00|5.000,00|5.000,00|1|6|30.000,00|
|11/02/2016|R|5.000,00|5.000,00|5.000,00|5.000,00|1|100|500.000,00|
|15/02/2016|R|5.000,00|5.000,00|5.000,00|5.000,00|1|34|170.000,00|
|19/02/2016|R|5.000,00|5.600,00|5.600,00|5.000,00|7|201|1.018.200,00|
|24/02/2016|R|5.600,00|5.600,00|5.600,00|5.600,00|2|250|1.400.000,00|
|25/02/2016|R|5.600,00|5.600,00|5.600,00|5.600,00|2|213|1.192.800,00|
|26/02/2016|R|5.600,00|5.800,00|5.800,00|5.800,00|3|25|145.000,00|
|01/03/2016|R|5.800,00|5.500,00|5.800,00|5.500,00|2|22|127.000,00|
|02/03/2016|R|5.500,00|5.300,00|5.300,00|5.300,00|2|72|381.600,00|
|03/03/2016|R|5.300,00|5.300,00|0,00|0,00|1|307|1.627.100,00|
|11/03/2016|R|5.300,00|6.349,00|6.349,00|5.800,00|7|1.240|7.226.955,20|
|14/03/2016|R|6.349,00|6.900,00|6.900,00|6.400,00|5|93|632.700,00|
|15/03/2016|R|6.900,00|6.900,00|6.900,00|6.900,00|2|79|545.100,00|
|16/03/2016|R|6.900,00|6.900,00|6.899,99|6.899,99|1|1|6.899,99|
|21/03/2016|R|6.900,00|6.800,00|6.800,00|6.800,00|1|4|27.200,00|
|06/04/2016|R|2.266,67|2.249,00|2.249,00|2.049,00|3|400|822.800,00|
|07/04/2016|R|2.249,00|2.219,00|2.249,00|2.219,00|2|88|197.672,00|
|11/04/2016|R|2.219,00|1.775,25|1.775,25|1.775,25|1|20|35.505,00|
|13/04/2016|R|1.775,25|1.780,00|1.780,00|1.775,25|4|363|645.628,08|
|18/04/2016|R|1.780,00|1.780,00|0,00|0,00|1|18|32.130,00|
|29/04/2016|R|1.780,00|1.780,00|1.999,99|1.999,99|1|2|3.999,98|
|02/05/2016|R|1.780,00|1.830,00|1.830,00|1.780,00|7|1.976|3.553.850,00|
|05/05/2016|R|1.830,00|1.780,00|1.780,00|1.780,00|1|6|10.680,00|
|06/05/2016|R|1.780,00|1.780,00|1.780,00|1.780,00|1|54|96.120,00|
|10/05/2016|R|1.780,00|1.780,00|0,00|0,00|1|1.000|1.700.000,00|
|12/05/2016|R|1.780,00|1.700,00|1.700,00|1.700,00|2|29|49.300,00|
|17/05/2016|R|1.700,00|1.700,00|0,00|0,00|1|30|43.500,00|
|18/05/2016|R|1.700,00|1.700,00|0,00|0,00|1|670|971.500,00|
|20/05/2016|R|1.700,00|1.700,00|0,00|0,00|1|596|953.600,00|
|23/05/2016|R|1.700,00|1.600,00|1.600,00|1.600,00|1|129|206.400,00|
|25/05/2016|R|1.600,00|1.600,00|0,00|0,00|1|699|1.013.550,00|
|27/05/2016|R|1.600,00|1.700,00|1.700,00|1.600,00|3|182|292.100,00|
|31/05/2016|R|1.700,00|1.700,00|0,00|0,00|2|728|1.128.400,00|
|01/06/2016|R|1.700,00|2.000,00|2.000,00|1.750,00|6|36|67.500,00|
|02/06/2016|R|2.000,00|2.000,00|1.800,00|1.800,00|1|3|5.400,00|
|07/06/2016|R|2.000,00|2.000,00|0,00|0,00|1|393|727.050,00|
|08/06/2016|R|2.000,00|2.000,00|0,00|0,00|1|40.935|75.934.425,00|
|09/06/2016|R|2.000,00|2.000,00|2.000,00|2.000,00|1|30|60.000,00|
|10/06/2016|R|2.000,00|2.000,00|2.000,00|2.000,00|1|500|1.000.000,00|
|14/06/2016|R|2.000,00|2.000,00|0,00|0,00|1|5.935|11.187.475,00|
|15/06/2016|R|2.000,00|2.000,00|0,00|0,00|1|20.000|37.720.000,00|
|20/06/2016|R|2.000,00|1.950,00|2.000,00|1.950,00|2|300|590.000,00|
|06/07/2016|R|1.950,00|1.950,00|1.650,00|1.650,00|1|5|8.250,00|
|08/07/2016|R|1.950,00|1.800,00|1.800,00|1.800,00|2|195|351.000,00|
|12/07/2016|R|1.800,00|1.850,00|1.850,00|1.850,00|2|506|911.100,00|
|20/07/2016|R|1.850,00|1.850,00|1.850,00|1.850,00|1|14|25.900,00|
|25/07/2016|R|1.850,00|1.850,00|0,00|0,00|1|1.000|1.750.000,00|
|01/08/2016|R|1.850,00|1.700,00|1.700,00|1.700,00|3|508|863.600,00|
|04/08/2016|R|1.700,00|1.750,00|1.750,00|1.750,00|2|630|1.008.906,24|
|05/08/2016|R|1.750,00|1.750,00|1.750,00|1.750,00|1|20|35.000,00|
|09/08/2016|R|1.750,00|1.750,00|1.750,00|1.750,00|1|20|35.000,00|
|10/08/2016|R|1.750,00|1.800,00|1.800,00|1.800,00|1|6|10.800,00|
|12/08/2016|R|1.800,00|1.800,00|1.800,00|1.800,00|3|4.216|7.588.800,00|
|24/08/2016|R|1.800,00|1.800,00|1.800,00|1.800,00|4|615|1.107.000,00|
|25/08/2016|R|1.800,00|1.850,00|1.850,00|1.850,00|3|3.041|5.478.850,00|
|01/09/2016|R|1.850,00|1.850,00|0,00|0,00|1|416|707.200,00|
|08/09/2016|R|1.850,00|1.800,00|1.800,00|1.800,00|1|35|63.000,00|
|12/09/2016|R|1.800,00|1.850,00|1.850,00|1.850,00|1|100|185.000,00|
|14/09/2016|R|1.850,00|1.850,00|1.850,00|1.850,00|1|459|849.150,00|
|19/09/2016|R|1.850,00|1.850,00|1.850,00|1.850,00|1|3|5.550,00|
|20/09/2016|R|1.850,00|1.900,00|1.900,00|1.900,00|1|100|190.000,00|
|21/09/2016|R|1.900,00|1.950,00|1.950,00|1.900,00|6|1.062|2.045.900,00|
|22/09/2016|R|1.950,00|1.950,00|1.950,00|1.950,00|1|38|74.100,00|
|23/09/2016|R|1.950,00|2.000,00|2.000,00|2.000,00|1|10|20.000,00|
|26/09/2016|R|2.000,00|2.000,00|2.000,00|2.000,00|1|11|22.000,00|
|27/09/2016|R|2.000,00|2.000,00|2.000,00|2.000,00|2|40|80.000,00|
|29/09/2016|R|2.000,00|2.000,00|2.000,00|2.000,00|2|21|42.000,00|
|30/09/2016|R|2.000,00|2.000,00|2.000,00|2.000,00|3|518|1.036.000,00|
|03/10/2016|R|2.000,00|2.150,00|2.150,00|2.050,00|5|735|1.516.250,00|
|06/10/2016|R|2.150,00|2.150,00|2.150,00|2.150,00|8|2.294|4.932.100,00|
|07/10/2016|R|2.150,00|2.200,00|2.200,00|2.200,00|3|811|1.747.650,00|
|10/10/2016|R|2.200,00|2.250,00|2.250,00|2.200,00|4|1.544|3.399.000,00|
|11/10/2016|R|2.250,00|2.300,00|2.300,00|2.250,00|2|56|127.000,00|
|13/10/2016|R|2.300,00|2.500,00|2.500,00|2.300,00|5|1.510|3.743.000,00|
|14/10/2016|R|2.500,00|2.550,00|2.550,00|2.500,00|3|1.340|3.354.500,00|
|17/10/2016|R|2.550,00|2.650,00|2.650,00|2.600,00|2|180|472.500,00|
|18/10/2016|R|2.650,00|2.800,00|2.800,00|2.700,00|7|487|1.335.250,00|
|19/10/2016|R|2.800,00|3.000,00|3.000,00|2.850,00|6|238|694.700,00|
|20/10/2016|R|3.000,00|3.100,00|3.100,00|3.050,00|3|70|214.000,00|
|21/10/2016|R|3.100,00|3.100,00|3.100,00|3.100,00|3|300|930.000,00|
|25/10/2016|R|3.100,00|3.250,00|3.250,00|3.150,00|9|981|3.179.250,00|
|26/10/2016|R|3.250,00|3.400,00|3.400,00|3.300,00|3|160|538.000,00|
|27/10/2016|R|3.400,00|3.500,00|3.550,00|3.400,00|9|519|1.814.000,00|
|28/10/2016|R|3.500,00|3.550,00|3.550,00|3.550,00|2|600|2.130.000,00|
|01/11/2016|R|3.550,00|3.600,00|3.600,00|3.600,00|3|125|450.000,00|
|02/11/2016|R|3.600,00|3.600,00|3.600,00|3.300,00|3|263|945.900,00|
|03/11/2016|R|3.600,00|3.650,00|3.650,00|3.600,00|3|685|2.466.500,00|
|04/11/2016|R|3.650,00|3.800,00|3.800,00|3.600,00|6|452|1.656.700,00|
|08/11/2016|R|3.800,00|4.100,00|4.100,00|3.850,00|8|399|1.612.800,00|
|09/11/2016|R|4.100,00|4.300,00|4.300,00|4.200,00|6|342|1.437.100,00|
|10/11/2016|R|4.300,00|4.800,00|4.800,00|4.300,00|11|1.643|7.279.900,00|
|11/11/2016|R|4.800,00|5.700,00|5.700,00|5.160,00|5|1.498|7.347.383,00|
|14/11/2016|R|5.700,00|5.700,00|5.700,00|5.700,00|5|771|4.246.700,00|
|15/11/2016|R|5.700,00|5.600,00|5.600,00|5.600,00|8|938|5.252.800,00|
|16/11/2016|R|5.600,00|5.300,00|5.300,00|5.300,00|3|502|2.324.600,00|
|18/11/2016|R|5.300,00|5.400,00|5.400,00|5.000,00|2|90|452.000,00|
|21/11/2016|R|5.400,00|5.350,00|5.400,00|5.350,00|4|138|722.950,00|
|22/11/2016|R|5.350,00|4.999,99|5.290,00|4.300,00|9|406|1.833.789,90|
|24/11/2016|R|4.999,99|4.800,00|4.800,00|4.800,00|7|582|2.793.600,00|
|25/11/2016|R|4.800,00|5.700,00|5.700,00|4.995,00|26|12.352|66.783.017,50|
|28/11/2016|R|5.700,00|5.800,00|5.800,00|5.700,00|2|391|2.229.100,00|
|29/11/2016|R|5.757,00|6.000,00|6.100,00|5.900,00|8|666|4.011.600,00|
|30/11/2016|R|6.000,00|6.400,00|6.400,00|6.200,00|3|12|75.600,00|
|01/12/2016|R|6.400,00|7.000,00|7.000,00|7.000,00|5|329|2.303.000,00|
|02/12/2016|R|7.000,00|7.000,00|7.675,00|7.000,00|2|505|3.538.375,00|
|05/12/2016|R|7.000,00|6.200,00|6.500,00|6.200,00|9|7.443|46.446.600,00|
|06/12/2016|R|6.200,00|7.000,00|7.000,00|6.200,00|3|19|131.400,00|
|08/12/2016|R|7.000,00|7.000,00|7.000,00|7.000,00|5|3.420|21.895.100,00|
|09/12/2016|R|7.000,00|7.000,00|0,00|0,00|1|31.284|196.619.940,00|
|14/12/2016|R|7.000,00|6.000,00|6.000,00|6.000,00|5|409|2.454.000,00|
|15/12/2016|R|6.000,00|6.000,00|0,00|0,00|1|250|1.500.000,00|
|23/12/2016|R|6.000,00|5.900,00|5.900,00|5.900,00|1|4|23.600,00|
|27/12/2016|R|5.900,00|5.900,00|5.900,00|5.900,00|1|9|53.100,00|
|28/12/2016|R|5.900,00|5.900,00|5.900,00|5.900,00|1|17|100.300,00|
|11/01/2017|R|5.900,00|5.900,00|5.900,00|5.900,00|1|100|590.000,00|
|12/01/2017|R|5.900,00|5.900,00|5.900,00|5.900,00|1|30|177.000,00|
|13/01/2017|R|5.900,00|5.900,00|5.900,00|5.900,00|2|1.195|7.050.500,00|
|17/01/2017|R|5.900,00|5.900,00|5.900,00|5.900,00|2|100|590.000,00|
|19/01/2017|R|5.900,00|5.000,00|5.000,00|5.000,00|1|4|20.000,00|
|03/02/2017|R|5.000,00|5.000,00|5.000,00|5.000,00|1|34|170.000,00|
|14/02/2017|R|5.000,00|6.000,00|6.000,00|6.000,00|5|289|1.734.000,00|
|15/02/2017|R|6.000,00|6.000,00|6.001,00|6.000,00|9|1.338|8.028.250,00|
|16/02/2017|R|6.000,00|6.400,00|6.400,00|6.400,00|1|52|332.800,00|
|20/02/2017|R|6.357,00|6.300,00|6.600,00|6.300,00|2|207|1.306.200,00|
|21/02/2017|R|6.300,00|7.000,00|7.000,00|6.800,00|3|19|131.600,00|
|22/02/2017|R|7.000,00|7.000,00|7.000,00|7.000,00|2|280|1.960.000,00|
|23/02/2017|R|7.000,00|7.100,00|7.200,00|7.100,00|4|234|1.644.601,00|
|24/02/2017|R|7.100,00|7.600,00|7.600,00|7.400,00|3|62|465.000,00|
|01/03/2017|R|7.600,00|7.800,00|7.800,00|7.800,00|2|111|846.468,00|
|02/03/2017|R|7.800,00|8.001,00|8.001,00|7.800,00|6|519|4.151.910,00|
|03/03/2017|R|8.001,00|9.100,00|9.100,00|8.200,00|6|250|2.235.200,00|
|06/03/2017|R|9.100,00|9.200,00|9.200,00|9.200,00|1|200|1.840.000,00|
|07/03/2017|R|9.200,00|9.200,00|9.200,00|8.500,00|4|948|8.637.600,00|
|08/03/2017|R|9.200,00|9.200,00|9.200,00|9.200,00|1|25|230.000,00|
|09/03/2017|R|9.200,00|9.000,00|9.100,00|9.000,00|3|540|4.895.100,00|
|10/03/2017|R|9.000,00|9.000,00|9.000,00|9.000,00|4|461|4.149.000,00|
|13/03/2017|R|9.000,00|8.000,00|8.000,00|8.000,00|1|3|24.000,00|
|15/03/2017|R|8.000,00|8.000,00|8.000,00|8.000,00|2|590|4.720.000,00|
|17/03/2017|R|8.000,00|8.000,00|8.000,00|8.000,00|4|468|3.744.000,00|
|20/03/2017|R|8.000,00|8.000,00|8.000,00|8.000,00|4|850|6.800.000,00|
|21/03/2017|R|8.000,00|8.100,00|8.101,00|8.001,00|11|1.800|14.570.200,00|
|22/03/2017|R|8.100,00|8.200,00|8.200,00|8.100,00|4|200|1.628.000,00|
|23/03/2017|R|8.200,00|8.800,00|8.800,00|8.400,00|11|1.725|14.669.000,00|
|24/03/2017|R|8.800,00|9.000,00|9.001,00|9.000,00|6|2.115|19.035.060,00|
|27/03/2017|R|9.000,00|10.000,00|10.000,00|9.200,00|6|1.501|13.686.146,00|
|28/03/2017|R|10.000,00|10.200,00|10.200,00|10.200,00|2|1.293|13.188.600,00|
|29/03/2017|R|10.200,00|10.000,00|10.000,00|10.000,00|1|62|620.000,00|
|30/03/2017|R|10.000,00|9.700,00|9.700,00|9.700,00|2|1.046|9.997.000,00|
|03/04/2017|R|9.700,00|9.700,00|0,00|0,00|2|595|5.057.500,00|
|04/04/2017|R|9.700,00|9.699,00|9.699,00|9.699,00|1|362|3.511.038,00|
|06/04/2017|R|9.699,00|10.400,00|10.400,00|9.700,00|3|20|200.700,00|
|10/04/2017|R|10.400,00|9.800,00|9.800,00|9.800,00|3|646|5.881.000,00|
|11/04/2017|R|9.800,00|9.800,00|9.800,00|9.800,00|2|300|2.940.000,00|
|20/04/2017|R|9.800,00|9.740,00|9.750,00|9.740,00|2|210|2.046.400,00|
|21/04/2017|R|9.740,00|9.740,00|9.740,00|9.500,00|4|4.287|41.635.380,00|
|24/04/2017|R|9.740,00|9.750,00|9.750,00|9.750,00|7|900|8.775.000,00|
|25/04/2017|R|9.750,00|10.400,00|10.400,00|9.700,00|4|850|8.605.000,00|
|26/04/2017|R|10.400,00|10.400,00|10.400,00|10.399,99|6|1.861|19.354.398,39|
|02/05/2017|R|10.400,00|10.400,00|0,00|0,00|1|774|7.740.000,00|
|03/05/2017|R|10.400,00|10.600,00|10.600,00|10.600,00|1|125|1.325.000,00|
|04/05/2017|R|10.600,00|10.400,00|10.400,00|10.400,00|2|992|10.218.400,00|
|05/05/2017|R|10.400,00|11.000,00|11.000,00|10.650,00|7|1.620|17.784.500,00|
|09/05/2017|R|11.000,00|11.000,00|0,00|0,00|2|574|6.133.600,00|
|10/05/2017|R|11.000,00|11.600,00|11.600,00|11.200,00|4|508|5.841.200,00|
|11/05/2017|R|11.600,00|12.000,00|12.000,00|12.000,00|1|22|264.000,00|
|15/05/2017|R|12.000,00|12.000,00|12.000,00|12.000,00|2|618|7.198.000,00|
|16/05/2017|R|12.000,00|12.000,00|12.000,00|12.000,00|1|300|3.600.000,00|
|17/05/2017|R|12.000,00|12.000,00|0,00|0,00|1|800|9.200.000,00|
|19/05/2017|R|11.957,00|11.750,00|11.750,00|11.000,00|8|1.934|21.280.750,00|
|22/05/2017|R|11.750,00|11.999,99|11.999,99|11.999,99|2|684|7.527.999,96|
|23/05/2017|R|11.999,99|11.000,00|11.000,00|11.000,00|1|8|88.000,00|
|25/05/2017|R|11.000,00|11.749,99|11.749,99|11.749,99|2|630|7.019.998,80|
|26/05/2017|R|11.749,99|12.300,00|12.300,00|11.000,05|4|1.371|16.132.203,85|
|30/05/2017|R|12.300,00|12.000,00|12.000,00|12.000,00|2|758|9.293.400,00|
|31/05/2017|R|12.000,00|12.500,00|12.500,00|12.500,00|1|4|50.000,00|
|02/06/2017|R|12.500,00|12.000,00|13.000,00|12.000,00|3|690|8.782.500,00|
|05/06/2017|R|12.000,00|12.000,00|12.000,00|12.000,00|3|1.150|13.800.000,00|
|07/06/2017|R|12.000,00|12.000,00|12.000,00|12.000,00|6|2.608|31.296.000,00|
|08/06/2017|R|12.000,00|12.100,00|12.100,00|12.000,00|4|1.200|14.500.000,00|
|09/06/2017|R|12.100,00|12.100,00|12.100,00|12.100,00|3|2.200|26.620.000,00|
|12/06/2017|R|12.100,00|13.500,00|13.500,00|12.999,99|4|2.620|35.209.998,80|
|13/06/2017|R|13.500,00|13.700,00|13.700,00|12.501,00|4|781|10.184.081,00|
|14/06/2017|R|13.700,00|13.700,00|13.700,00|13.700,00|4|2.292|31.400.400,00|
|15/06/2017|R|13.700,00|14.000,00|14.000,00|14.000,00|2|1.015|14.210.000,00|
|16/06/2017|R|14.000,00|16.700,00|16.799,00|14.500,00|7|1.118|18.652.755,00|
|20/06/2017|R|16.700,00|17.000,00|17.000,00|16.700,00|3|900|15.041.400,00|
|21/06/2017|R|17.000,00|17.000,00|17.000,00|17.000,00|2|1.100|18.700.000,00|
|22/06/2017|R|17.000,00|17.000,00|17.000,00|17.000,00|1|1.000|17.000.000,00|
|23/06/2017|R|17.000,00|17.000,00|17.000,00|16.999,99|2|1.015|17.254.999,85|
|26/06/2017|R|17.000,00|17.000,00|18.000,00|17.000,00|3|1.138|19.746.500,00|
|27/06/2017|R|17.000,00|17.500,00|17.500,00|17.500,00|1|13|227.500,00|
|29/06/2017|R|17.500,00|17.700,00|17.700,00|17.500,00|2|149|2.627.300,00|
|30/06/2017|R|17.700,00|18.000,00|18.000,00|18.000,00|1|7|126.000,00|
|04/07/2017|R|18.000,00|18.000,00|18.000,00|18.000,00|4|1.287|23.166.000,00|
|06/07/2017|R|18.000,00|18.000,00|18.000,00|18.000,00|1|25|450.000,00|
|07/07/2017|R|18.000,00|18.000,00|18.000,00|17.999,99|10|2.940|52.919.999,10|
|10/07/2017|R|18.000,00|18.500,01|18.500,01|18.000,00|8|8.820|160.429.030,00|
|11/07/2017|R|18.500,01|18.102,00|18.300,00|18.102,00|3|225|4.110.600,00|
|12/07/2017|R|18.102,00|18.202,00|18.202,00|18.202,00|1|10|182.020,00|
|13/07/2017|R|18.202,00|20.000,00|20.000,00|18.500,00|4|824|15.830.000,00|
|14/07/2017|R|20.000,00|20.000,00|20.000,00|19.500,00|2|60|1.175.000,00|
|17/07/2017|R|20.000,00|20.999,00|20.999,00|20.000,00|5|348|6.984.975,00|
|21/07/2017|R|20.999,00|20.000,00|20.000,00|20.000,00|5|1.005|20.100.000,00|
|25/07/2017|R|20.000,00|20.000,00|20.500,00|20.000,00|2|500|10.100.000,00|
|28/07/2017|R|20.000,00|21.990,00|21.990,00|21.990,00|1|90|1.979.100,00|
|01/08/2017|R|21.990,00|23.000,00|23.000,00|23.000,00|1|600|13.800.000,00|
|02/08/2017|R|23.000,00|23.000,00|23.000,00|23.000,00|2|215|4.945.000,00|
|04/08/2017|R|23.000,00|27.599,00|27.599,00|27.599,00|1|10|275.990,00|
|07/08/2017|R|27.599,00|27.000,00|27.000,00|27.000,00|6|872|23.544.000,00|
|08/08/2017|R|27.000,00|26.300,00|26.300,00|26.300,00|1|100|2.630.000,00|
|09/08/2017|R|26.300,00|26.000,00|26.300,00|26.000,00|2|534|13.936.200,00|
|10/08/2017|R|26.000,00|26.000,00|26.000,00|26.000,00|3|110|2.860.000,00|
|11/08/2017|R|26.000,00|28.500,00|28.500,00|28.500,00|2|25|712.500,00|
|18/08/2017|R|28.500,00|30.000,00|30.000,00|29.000,00|3|145|4.305.000,00|
|21/08/2017|R|30.000,00|30.000,00|0,00|0,00|1|100|3.000.000,00|
|22/08/2017|R|30.000,00|30.000,00|30.000,00|30.000,00|2|60|1.800.000,00|
|24/08/2017|R|30.000,00|31.500,00|31.500,00|30.000,01|2|16|495.000,06|
|25/08/2017|R|31.500,00|31.500,00|31.500,00|31.500,00|2|190|5.985.000,00|
|28/08/2017|R|31.500,00|33.000,00|33.000,00|33.000,00|2|66|2.178.000,00|
|29/08/2017|R|33.000,00|33.000,00|33.000,00|33.000,00|1|10|330.000,00|
|30/08/2017|R|33.000,00|37.000,00|37.000,00|37.000,00|1|50|1.850.000,00|
|31/08/2017|R|37.000,00|37.000,00|0,00|0,00|1|7|224.000,00|
|01/09/2017|R|37.000,00|38.000,00|38.000,00|38.000,00|1|100|3.800.000,00|
|05/09/2017|R|38.000,00|41.000,00|41.000,00|41.000,00|1|100|4.100.000,00|
|07/09/2017|R|41.000,00|43.000,00|43.000,00|43.000,00|1|50|2.150.000,00|
|13/09/2017|R|43.000,00|61.919,00|61.919,00|48.000,00|5|190|10.309.570,00|
|14/09/2017|R|61.919,00|74.302,80|74.302,80|61.919,00|5|150|10.897.664,00|
|15/09/2017|R|74.302,80|107.000,00|107.000,00|88.000,00|5|224|20.713.998,01|
|18/09/2017|R|107.000,00|128.000,00|128.000,00|125.000,00|3|530|67.000.000,00|
|19/09/2017|R|128.000,00|135.500,00|150.000,00|129.000,00|15|920|123.459.999,80|
|20/09/2017|R|135.500,00|135.000,00|136.999,99|121.950,00|11|407|54.736.749,89|
|21/09/2017|R|135.000,00|130.000,00|136.500,00|130.000,00|6|295|39.765.000,03|
|22/09/2017|R|130.000,00|135.000,00|135.000,00|135.000,00|2|45|6.075.000,00|
|25/09/2017|R|135.000,00|134.999,00|134.999,00|132.000,00|3|65|8.654.975,00|
|26/09/2017|R|134.999,00|132.000,00|134.999,00|132.000,00|6|219|29.029.987,00|
|27/09/2017|R|132.000,00|134.000,00|134.000,00|134.000,00|3|10.813|1.444.712.000,00|
|28/09/2017|R|134.000,00|135.000,00|135.000,00|134.000,00|9|7.038|949.778.000,00|
|29/09/2017|R|135.000,00|139.000,00|142.000,00|139.000,00|7|32|4.499.000,00|
|02/10/2017|R|139.000,00|139.000,00|140.000,00|135.000,00|11|288|39.044.000,00|
|03/10/2017|R|139.000,00|139.000,00|139.000,00|139.000,00|8|991|137.749.000,00|
|04/10/2017|R|139.000,00|139.000,00|139.000,00|139.000,00|6|2.050|284.950.000,00|
|05/10/2017|R|139.000,00|138.000,00|138.000,00|138.000,00|2|54|7.452.000,00|
|06/10/2017|R|138.000,00|125.000,00|125.000,00|125.000,00|2|325|40.625.000,00|
|09/10/2017|R|125.000,00|120.000,00|135.000,00|120.000,00|2|20|2.550.000,00|
|11/10/2017|R|118.982,00|118.000,00|118.000,00|118.000,00|2|5|590.000,00|
|17/10/2017|R|118.000,00|117.000,00|117.000,00|117.000,00|1|10|1.170.000,00|
|18/10/2017|R|117.000,00|100.000,00|110.000,00|100.000,00|2|35|3.600.000,00|
|19/10/2017|R|100.000,00|97.900,00|98.000,00|97.900,00|4|2.004|196.391.600,00|
|20/10/2017|R|97.900,00|92.800,00|92.900,00|92.800,00|5|161|14.514.400,00|
|24/10/2017|R|92.800,00|91.000,00|91.000,00|91.000,00|2|20|1.829.999,90|
|25/10/2017|R|91.000,00|85.000,00|85.100,00|85.000,00|4|541|47.361.300,00|
|26/10/2017|R|85.000,00|84.000,00|85.050,00|84.000,00|10|906|76.809.225,00|
|27/10/2017|R|84.000,00|84.000,00|84.000,00|80.000,00|7|1.352|108.768.015,00|
|30/10/2017|R|84.000,00|84.000,00|0,00|0,00|1|119|9.758.000,00|
|31/10/2017|R|84.000,00|85.000,00|85.000,00|85.000,00|1|115|9.775.000,00|
|01/11/2017|R|85.000,00|86.000,00|86.000,00|86.000,00|5|167|14.245.000,00|
|02/11/2017|R|86.000,00|86.000,00|86.000,00|86.000,00|4|135|11.610.000,00|
|03/11/2017|R|86.000,00|100.000,00|100.000,00|86.000,00|3|49|4.228.000,00|
|07/11/2017|R|100.000,00|80.001,00|100.000,00|80.001,00|3|380|32.200.140,00|
|08/11/2017|R|80.001,00|80.100,00|85.000,00|80.100,00|3|108|8.685.800,00|
|09/11/2017|R|80.100,00|84.550,00|84.550,00|84.500,00|3|127|10.731.850,00|
|10/11/2017|R|84.550,00|84.000,00|84.000,00|84.000,00|1|34|2.856.000,00|
|15/11/2017|R|84.000,00|84.000,00|84.000,00|84.000,00|2|22|1.848.000,00|
|16/11/2017|R|84.000,00|84.000,00|84.000,00|84.000,00|2|4|336.000,00|
|17/11/2017|R|84.000,00|82.000,00|85.000,00|82.000,00|8|2.143|175.760.300,00|
|20/11/2017|R|82.000,00|79.000,00|79.000,00|76.000,00|4|241|18.551.000,00|
|21/11/2017|R|79.000,00|79.000,00|80.000,00|79.000,00|4|113|8.928.000,00|
|22/11/2017|R|79.000,00|79.000,00|0,00|0,00|1|1.800|142.200.000,00|
|23/11/2017|R|79.000,00|79.000,00|79.000,00|79.000,00|1|40|3.160.000,00|
|27/11/2017|R|79.000,00|70.000,00|79.000,00|70.000,00|6|248|18.800.000,00|
|28/11/2017|R|70.000,00|70.000,00|70.000,00|70.000,00|3|11.941|835.870.000,00|
|29/11/2017|R|70.000,00|70.000,00|70.000,00|68.000,00|7|28.652|1.998.446.000,00|
|30/11/2017|R|70.000,00|70.000,00|70.000,00|70.000,00|3|763|53.410.000,00|
|01/12/2017|R|70.000,00|70.000,00|70.000,00|70.000,00|1|40|2.800.000,00|
|04/12/2017|R|70.000,00|81.000,00|81.000,00|74.000,00|6|1.110|88.640.000,00|
|05/12/2017|R|81.000,00|80.000,00|80.000,00|80.000,00|2|355|28.400.000,00|
|06/12/2017|R|80.000,00|81.000,00|81.000,00|80.000,01|5|10.050|804.050.100,00|
|07/12/2017|R|81.000,00|90.000,00|97.000,00|90.000,00|4|31|2.811.000,00|
|08/12/2017|R|90.000,00|90.000,00|90.000,00|90.000,00|4|965|86.850.000,00|
|12/12/2017|R|90.000,00|89.900,00|89.900,00|80.000,00|10|14.275|1.155.769.015,00|
|13/12/2017|R|89.900,00|85.000,00|85.000,00|85.000,00|1|6|510.000,00|
|14/12/2017|R|85.000,00|80.000,00|80.150,00|80.000,00|7|1.562|125.016.300,00|
|15/12/2017|R|80.000,00|80.150,00|89.900,00|80.150,00|2|72|6.258.300,00|
|19/12/2017|R|80.150,00|80.000,00|80.150,00|80.000,00|2|187|14.965.700,00|
|20/12/2017|R|80.000,00|82.000,00|82.000,00|80.000,00|3|358|29.016.000,00|
|21/12/2017|R|82.000,00|80.000,00|84.000,00|80.000,00|2|534|43.856.000,00|
|22/12/2017|R|80.000,00|76.000,00|80.000,00|76.000,00|4|282|22.540.000,00|
|29/12/2017|R|76.000,00|80.000,00|80.000,00|80.000,00|2|110|8.800.000,00|
|09/01/2018|R|80.000,00|90.000,00|90.000,00|85.000,00|3|655|55.950.000,00|
|10/01/2018|R|90.000,00|90.000,00|90.000,00|90.000,00|6|5.386|484.740.000,00|
|11/01/2018|R|90.000,00|90.000,00|90.000,00|90.000,00|2|226|20.340.000,00|
|12/01/2018|R|90.000,00|107.000,00|107.000,00|94.995,00|2|107|11.364.965,00|
|15/01/2018|R|107.000,00|128.000,00|128.000,00|120.000,00|3|639|64.280.000,00|
|16/01/2018|R|128.000,00|128.000,00|128.000,00|128.000,00|1|11|1.408.000,00|
|17/01/2018|R|128.000,00|134.000,00|134.000,00|128.000,00|3|128|16.396.000,00|
|18/01/2018|R|134.000,00|134.000,00|134.000,00|134.000,00|4|3.783|506.922.000,00|
|19/01/2018|R|134.000,00|149.950,00|149.950,00|149.950,00|3|1.003|150.352.000,00|
|22/01/2018|R|149.950,00|150.000,00|150.000,00|149.950,00|6|4.981|747.084.950,00|
|23/01/2018|R|150.000,00|179.000,00|179.000,00|170.000,00|9|4.759|833.955.000,00|
|24/01/2018|R|179.000,00|179.000,00|179.000,00|179.000,00|2|8.460|1.514.340.000,00|
|26/01/2018|R|179.000,00|214.000,00|214.000,00|214.000,00|4|5.238|919.952.000,00|
|29/01/2018|R|214.000,00|230.000,00|230.000,00|200.000,00|4|16.394|3.286.250.000,00|
|30/01/2018|R|230.000,00|230.000,00|230.000,00|230.000,00|3|842|193.660.000,00|
|31/01/2018|R|230.000,00|200.000,00|200.000,00|185.000,00|3|1.515|280.695.500,00|
|01/02/2018|R|200.000,00|180.000,00|186.000,00|180.000,00|4|445|82.187.000,00|
|02/02/2018|R|180.000,00|175.000,00|180.000,00|175.000,00|5|1.532|274.900.000,00|
|05/02/2018|R|175.000,00|175.000,00|175.000,00|175.000,00|2|350|61.250.000,00|
|06/02/2018|R|175.000,00|175.000,00|175.000,00|175.000,00|2|668|116.900.000,00|
|07/02/2018|R|175.000,00|200.000,00|200.000,00|200.000,00|2|6|1.200.000,00|
|08/02/2018|R|200.000,00|175.500,00|200.000,00|175.500,00|5|605|106.912.750,00|
|09/02/2018|R|175.500,00|200.000,00|200.000,00|200.000,00|1|150|30.000.000,00|
|14/02/2018|R|200.000,00|200.000,00|200.000,00|200.000,00|4|240|48.000.000,00|
|15/02/2018|R|200.000,00|200.000,00|220.000,00|200.000,00|2|10|2.100.000,00|
|16/02/2018|R|200.000,00|200.000,00|210.000,00|200.000,00|4|70|14.060.010,00|
|19/02/2018|R|200.000,00|200.000,00|200.000,00|200.000,00|6|824|164.800.000,00|
|20/02/2018|R|200.000,00|215.000,00|215.000,00|215.000,00|1|188|40.420.000,00|
|21/02/2018|R|215.000,00|218.000,00|218.000,00|215.000,00|5|12.193|2.623.124.000,00|
|22/02/2018|R|218.000,00|261.000,00|261.000,00|225.000,00|8|5.467|1.395.461.000,00|
|23/02/2018|R|261.000,00|300.000,00|300.000,00|265.000,00|2|123|36.095.000,00|
|27/02/2018|R|300.000,00|415.000,00|415.000,00|360.000,00|4|1.033|328.233.000,00|
|28/02/2018|R|415.000,00|417.000,00|425.000,00|415.000,00|4|11|4.607.000,00|
|01/03/2018|R|417.000,00|415.000,00|415.000,00|415.000,00|1|30|12.450.000,00|
|02/03/2018|R|415.000,00|350.000,00|414.000,00|350.000,00|4|105|41.210.000,00|
|05/03/2018|R|350.000,00|350.000,00|350.000,01|350.000,00|3|232|81.200.000,70|
|06/03/2018|R|350.000,00|400.000,00|400.000,00|390.000,00|6|977|390.780.000,00|
|07/03/2018|R|400.000,00|425.000,00|425.000,00|425.000,00|3|300|127.500.000,00|
|08/03/2018|R|425.000,00|475.000,00|475.000,00|450.000,00|4|202|90.950.000,00|
|12/03/2018|R|475.000,00|480.000,00|480.000,00|475.000,00|3|1.325|629.625.000,00|
|13/03/2018|R|480.000,00|480.000,00|500.000,00|480.000,00|4|82|40.960.000,00|
|14/03/2018|R|480.000,00|500.000,00|500.000,00|500.000,00|1|10|5.000.000,00|
|15/03/2018|R|500.000,00|490.000,00|500.000,00|490.000,00|6|546|270.030.000,00|
|16/03/2018|R|490.000,00|525.000,00|525.000,00|490.000,00|4|149|74.760.000,00|
|20/03/2018|R|525.000,00|550.000,00|550.000,00|550.000,00|1|5|2.750.000,00|
|21/03/2018|R|550.000,00|550.000,00|550.000,00|550.000,00|4|81|44.550.000,00|
|22/03/2018|R|550.000,00|600.000,00|600.000,00|600.000,00|4|830|498.000.000,00|
|23/03/2018|R|600.000,00|600.000,00|600.000,00|600.000,00|4|33|19.800.000,00|
|26/03/2018|R|600.000,00|600.000,00|600.000,00|600.000,00|2|37|22.200.000,00|
|28/03/2018|R|600.000,00|625.000,00|625.000,00|625.000,00|5|119|74.375.000,00|
|02/04/2018|R|625.000,00|636.000,00|636.000,00|625.000,00|3|27|16.952.000,00|
|03/04/2018|R|636.000,00|685.000,00|685.000,00|636.000,00|12|2.076|1.329.792.000,00|
|04/04/2018|R|685.000,00|750.000,00|750.000,00|730.000,00|6|2.202|1.651.200.000,00|
|05/04/2018|R|750.000,00|750.000,00|0,00|0,00|1|774|580.500.000,00|
|06/04/2018|R|750.000,00|800.000,00|800.000,00|760.000,00|3|120|95.200.000,00|
|10/04/2018|R|800.000,00|800.000,00|959.998,00|800.000,00|5|12|10.079.994,00|
|11/04/2018|R|800.000,00|950.000,00|950.000,00|950.000,00|2|130|123.500.000,00|
|12/04/2018|R|950.000,00|1.139.000,00|1.139.000,00|1.139.000,00|1|200|227.800.000,00|
|13/04/2018|R|1.139.000,00|1.300.000,00|1.300.000,00|1.200.000,00|2|2|2.500.000,00|
|17/04/2018|R|1.300.000,00|1.559.890,00|1.559.900,00|1.559.890,00|5|512|798.666.200,00|
|18/04/2018|R|1.559.890,00|1.871.000,00|1.871.000,00|1.800.000,00|3|106|191.226.000,00|
|20/04/2018|R|1.871.000,00|1.900.000,00|1.900.000,00|1.900.000,00|2|111|221.900.000,00|
|23/04/2018|R|1.900.000,00|1.900.000,00|1.950.000,00|1.900.000,00|6|203|389.700.000,00|
|24/04/2018|R|1.900.000,00|2.000.000,00|2.099.990,00|2.000.000,00|4|45|90.099.990,00|
|25/04/2018|R|2.000.000,00|1.900.000,00|2.000.000,00|1.900.000,00|5|217|413.500.000,00|
|26/04/2018|R|1.900.000,00|1.900.000,00|1.900.000,00|1.900.000,00|1|100|190.000.000,00|
|30/04/2018|R|1.900.000,00|2.000.000,00|2.000.000,00|2.000.000,00|3|287|574.000.000,00|
|02/05/2018|R|2.000.000,00|2.400.000,00|2.400.000,00|1.900.000,00|7|114|255.100.000,00|
|03/05/2018|R|2.400.000,00|2.400.000,00|2.400.000,00|2.400.000,00|3|220|528.000.000,00|
|04/05/2018|R|2.400.000,00|4.147.190,00|4.147.190,00|3.456.000,00|9|104|417.096.280,00|
|07/05/2018|R|4.147.190,00|4.976.000,00|4.976.000,00|4.975.000,00|10|85|422.929.000,00|
|08/05/2018|R|4.976.000,00|5.900.000,00|5.970.000,00|5.000.000,00|30|984|5.776.240.000,00|
|09/05/2018|R|5.900.000,00|5.900.000,00|6.600.000,00|5.500.000,00|16|194|1.153.425.000,00|
|10/05/2018|R|5.900.000,00|5.800.000,00|5.950.000,00|5.800.000,00|26|921|5.389.362.000,00|
|11/05/2018|R|5.800.000,00|5.690.000,00|5.900.000,00|5.690.000,00|17|148|844.950.000,00|
|15/05/2018|R|517.272,73|520.000,00|520.000,00|520.000,00|2|11|5.720.000,00|
|16/05/2018|R|520.000,00|520.000,00|527.000,00|520.000,00|15|1.036|540.163.000,00|
|17/05/2018|R|520.000,00|527.000,00|527.000,00|527.000,00|4|117|61.659.000,00|
|18/05/2018|R|527.000,00|500.000,00|527.000,00|500.000,00|5|71|36.723.100,00|
|21/05/2018|R|500.000,00|500.000,00|500.000,00|500.000,00|2|231|115.500.000,00|
|22/05/2018|R|500.000,00|450.000,00|527.000,00|450.000,00|10|495|233.623.000,00|
|23/05/2018|R|450.000,00|416.000,00|450.000,00|416.000,00|7|398|167.660.000,00|
|24/05/2018|R|416.000,00|400.000,00|420.000,00|400.000,00|17|2.398|960.180.000,00|
|25/05/2018|R|400.000,00|423.500,00|424.000,00|398.000,00|17|2.215|911.250.000,00|
|28/05/2018|R|423.500,00|440.000,00|440.000,00|423.000,00|10|14.812|6.281.788.000,00|
|29/05/2018|R|440.000,00|450.000,00|450.000,00|450.000,00|3|144|64.800.000,00|
|30/05/2018|R|450.000,00|470.000,00|480.000,00|470.000,00|4|55|26.180.000,00|
|31/05/2018|R|470.000,00|490.000,00|490.000,00|470.000,00|4|818|384.720.000,00|
|01/06/2018|R|490.000,00|500.000,00|500.000,00|490.000,00|9|3.392|1.687.580.000,00|
|05/06/2018|R|500.000,00|520.000,00|520.000,00|500.000,00|17|5.254|2.687.845.000,00|
|06/06/2018|R|520.000,00|546.000,00|546.000,00|519.990,00|15|5.560|2.969.849.890,00|
|07/06/2018|R|546.000,00|559.000,00|560.000,00|550.000,00|14|934|516.049.000,00|
|08/06/2018|R|559.000,00|550.000,00|559.000,00|525.000,00|10|421|227.237.000,00|
|11/06/2018|R|550.000,00|540.000,00|550.000,00|540.000,00|3|36|19.750.000,00|
|12/06/2018|R|540.000,00|500.000,00|540.000,00|500.000,00|12|2.057|1.088.860.000,00|
|13/06/2018|R|500.000,00|500.000,00|530.000,00|500.000,00|11|2.313|1.164.360.000,00|
|14/06/2018|R|500.000,00|635.000,00|635.000,00|530.000,00|30|20.458|11.889.820.000,00|
|15/06/2018|R|635.000,00|640.000,00|640.000,00|610.000,00|15|3.749|2.363.873.000,00|
|18/06/2018|R|640.000,00|700.000,00|700.000,00|660.000,00|8|4.010|2.685.900.000,00|
|19/06/2018|R|700.000,00|700.000,00|710.000,00|700.000,00|10|1.026|718.300.000,00|
|20/06/2018|R|700.000,00|720.000,00|720.000,00|700.000,00|10|549|390.250.000,00|
|21/06/2018|R|720.000,00|740.000,00|740.000,00|720.000,00|16|1.993|1.444.425.000,00|
|22/06/2018|R|740.000,00|740.000,00|740.000,00|725.000,00|10|1.518|1.119.820.000,00|
|25/06/2018|R|740.000,00|860.000,00|860.000,00|740.000,00|21|4.856|3.841.810.100,00|
|26/06/2018|R|860.000,00|1.238.000,00|1.238.000,00|900.000,00|12|1.631|1.661.838.000,00|
|27/06/2018|R|1.238.000,00|1.500.000,00|1.500.000,00|1.300.000,00|15|2.927|4.121.004.000,00|
|28/06/2018|R|1.500.000,00|1.600.000,00|1.600.000,00|1.599.990,00|12|922|1.475.194.810,00|
|29/06/2018|R|1.600.000,00|1.570.000,00|1.600.000,00|1.500.000,00|14|1.556|2.482.448.000,00|
|03/07/2018|R|1.570.000,00|1.590.000,00|1.600.000,00|1.590.000,00|8|431|688.700.000,00|
|04/07/2018|R|1.590.000,00|1.485.000,00|1.590.000,00|1.485.000,00|7|681|1.019.136.000,00|
|06/07/2018|R|1.485.000,00|1.200.010,00|1.485.000,00|1.200.010,00|8|432|576.756.950,00|
|09/07/2018|R|1.200.010,00|1.100.000,00|1.200.010,00|1.100.000,00|12|1.069|1.217.900.190,00|
|10/07/2018|R|1.100.000,00|1.000.000,00|1.100.000,00|1.000.000,00|11|444|447.100.000,00|
|11/07/2018|R|1.000.000,00|1.099.000,00|1.100.000,00|1.099.000,00|13|5.609|6.169.400.000,00|
|12/07/2018|R|1.099.000,00|1.144.000,00|1.300.000,00|1.100.000,00|6|2.298|2.530.362.000,00|
|13/07/2018|R|1.144.000,00|1.350.010,00|1.350.010,00|1.200.000,00|3|405|486.750.050,00|
|16/07/2018|R|1.350.010,00|1.500.000,00|1.500.000,00|1.350.010,00|3|67|90.600.660,00|
|17/07/2018|R|1.500.000,00|1.300.000,00|1.400.000,00|1.300.000,00|18|3.906|5.280.480.000,00|
|18/07/2018|R|1.300.000,00|1.310.000,00|1.310.000,00|1.300.000,00|8|1.085|1.426.378.000,00|
|19/07/2018|R|1.310.000,00|1.099.990,00|1.300.000,00|1.099.990,00|15|7.067|8.524.385.000,00|
|20/07/2018|R|1.099.990,00|1.100.000,00|1.100.000,00|1.000.000,00|8|3.423|3.734.300.000,00|
|23/07/2018|R|1.100.000,00|900.000,00|1.200.000,00|900.000,00|10|1.646|1.560.500.000,00|
|25/07/2018|R|900.000,00|900.000,00|1.150.000,00|900.000,00|12|2.374|2.439.840.000,00|
|26/07/2018|R|900.000,00|950.000,00|1.050.000,00|950.000,00|10|4.009|3.912.250.000,00|
|27/07/2018|R|950.000,00|1.000.000,00|1.100.000,00|975.000,00|9|4.062|4.037.960.000,00|
|30/07/2018|R|1.000.000,00|1.000.000,00|1.000.000,00|1.000.000,00|5|6.968|6.855.250.000,00|
|01/08/2018|R|1.000.000,00|1.050.000,00|1.050.000,00|1.000.000,00|6|429|429.250.000,00|
|02/08/2018|R|1.050.000,00|1.100.000,00|1.100.000,00|1.000.000,00|6|45|47.050.000,00|
|03/08/2018|R|1.100.000,00|1.319.000,00|1.319.000,00|1.100.000,00|16|1.830|2.195.795.000,00|
|06/08/2018|R|1.319.000,00|1.375.000,00|1.400.000,00|1.300.000,00|8|736|973.005.000,00|
|07/08/2018|R|1.375.000,00|1.400.000,00|1.550.000,00|1.200.000,00|16|1.753|2.268.208.000,00|
|08/08/2018|R|1.400.000,00|1.150.000,00|1.200.000,00|1.150.000,00|5|1.127|1.351.050.000,00|
|09/08/2018|R|1.150.000,00|1.200.000,00|1.300.000,00|1.195.000,00|9|1.125|1.350.395.000,00|
|10/08/2018|R|1.200.000,00|1.199.000,00|1.400.000,00|1.150.000,00|16|4.581|5.746.500.000,00|
|13/08/2018|R|1.199.000,00|1.300.000,00|1.350.000,00|1.200.000,00|12|3.743|4.865.050.000,00|
|14/08/2018|R|1.300.000,00|1.650.000,00|1.700.000,00|1.400.000,00|18|5.075|8.020.610.000,00|
|15/08/2018|R|1.650.000,00|1.900.000,00|1.900.000,00|1.700.000,00|13|2.152|3.969.000.000,00|
|16/08/2018|R|1.900.000,00|1.980.000,00|1.980.000,00|1.979.000,00|4|648|1.282.723.000,00|
|21/08/2018|R|19,80|30,00|30,00|21,00|11|4.266|109.923,80|
|22/08/2018|R|30,00|40,00|43,00|32,01|11|1.058|38.816,98|
|23/08/2018|R|40,00|44,00|44,00|40,00|10|1.013|43.329,00|
|24/08/2018|R|44,00|47,90|49,00|45,00|24|5.955|282.668,50|
|27/08/2018|R|47,90|39,00|45,00|39,00|7|440|18.943,70|
|28/08/2018|R|39,00|38,00|40,00|38,00|5|113|4.371,90|
|29/08/2018|R|38,00|35,00|40,00|35,00|8|129|4.922,51|
|30/08/2018|R|35,00|35,00|39,50|35,00|6|275|9.741,95|
|31/08/2018|R|35,00|39,00|39,00|35,00|4|549|19.235,00|
|03/09/2018|R|39,00|35,00|35,00|35,00|1|100|3.500,00|
|04/09/2018|R|35,00|28,50|30,00|28,50|4|720|20.712,25|
|05/09/2018|R|28,50|28,50|28,50|28,50|3|60|1.710,00|
|06/09/2018|R|28,50|29,00|30,00|28,50|14|15.216|446.102,00|
|07/09/2018|R|29,00|34,00|34,00|29,00|3|106|3.449,00|
|11/09/2018|R|34,00|36,00|40,00|36,00|7|2.194|79.584,00|
|12/09/2018|R|36,00|36,00|36,00|35,00|9|756|27.116,00|
|13/09/2018|R|36,00|43,20|43,20|39,00|3|639|25.341,00|
|14/09/2018|R|43,20|42,00|43,20|40,00|7|7.392|312.896,40|
|17/09/2018|R|42,00|38,01|40,00|38,00|4|1.437|55.610,36|
|18/09/2018|R|38,01|39,00|39,00|39,00|3|78|3.042,00|
|19/09/2018|R|39,00|42,00|42,00|42,00|2|36|1.512,00|
|20/09/2018|R|42,00|40,00|40,00|40,00|1|600|24.000,00|
|21/09/2018|R|40,00|38,00|38,00|38,00|2|500|19.000,00|
|24/09/2018|R|38,00|35,50|38,00|35,50|4|329|11.963,00|
|25/09/2018|R|35,50|35,50|35,50|33,00|7|2.650|87.825,00|
|26/09/2018|R|35,50|40,00|40,00|35,50|6|3.813|135.483,50|
|27/09/2018|R|40,00|43,00|43,00|40,00|7|2.784|117.560,00|
|28/09/2018|R|43,00|44,00|44,00|42,00|20|3.540|152.286,00|
|01/10/2018|R|44,00|53,00|53,00|45,00|16|7.086|345.040,00|
|02/10/2018|R|53,00|58,00|62,50|57,50|45|9.551|568.290,00|
|03/10/2018|R|58,00|58,00|60,00|58,00|27|5.005|296.612,00|
|04/10/2018|R|58,00|59,00|60,00|59,00|17|2.148|127.827,00|
|05/10/2018|R|59,00|56,00|58,00|55,00|14|6.022|344.023,50|
|08/10/2018|R|56,00|55,50|57,80|55,01|21|10.159|578.236,13|
|09/10/2018|R|55,50|56,80|56,80|55,00|19|3.063|170.682,84|
|10/10/2018|R|56,80|55,00|56,50|55,00|7|864|48.807,00|
|11/10/2018|R|55,00|59,00|59,00|56,80|20|2.098|120.793,30|
|15/10/2018|R|59,00|61,00|65,00|59,00|21|2.923|181.835,00|
|16/10/2018|R|61,00|60,00|63,00|60,00|17|2.284|140.743,00|
|17/10/2018|R|60,00|63,00|63,00|61,00|10|531|32.563,00|
|18/10/2018|R|63,00|62,00|65,00|62,00|16|3.657|230.131,00|
|19/10/2018|R|62,00|63,00|69,00|62,00|14|2.752|172.671,00|
|22/10/2018|R|63,00|65,00|66,00|65,00|4|138|9.091,00|
|23/10/2018|R|65,00|55,00|55,00|55,00|3|300|16.500,00|
|24/10/2018|R|55,00|44,00|46,00|44,00|6|685|30.590,00|
|25/10/2018|R|44,00|42,00|43,00|41,00|12|13.420|561.590,00|
|26/10/2018|R|42,00|41,51|43,00|41,50|4|1.672|70.489,40|
|29/10/2018|R|41,51|42,00|42,00|41,51|9|3.154|132.546,97|
|31/10/2018|R|42,00|43,50|44,00|43,50|3|500|21.800,00|
|01/11/2018|R|43,50|48,00|50,00|44,00|6|1.530|71.712,00|
|02/11/2018|R|48,00|50,00|52,00|49,00|10|7.848|393.946,00|
|06/11/2018|R|50,00|52,00|52,00|50,00|10|2.233|113.188,00|
|07/11/2018|R|52,00|52,50|55,00|50,00|10|2.553|130.917,50|
|08/11/2018|R|52,50|55,99|56,00|53,00|16|30.980|1.715.991,00|
|09/11/2018|R|55,99|58,00|58,00|55,99|13|2.015|115.871,00|
|12/11/2018|R|58,00|58,00|58,00|57,75|8|2.065|119.756,25|
|13/11/2018|R|58,00|59,99|60,00|58,50|6|1.734|101.988,20|
|14/11/2018|R|59,99|59,00|60,00|59,00|8|5.612|331.208,00|
|15/11/2018|R|59,00|57,00|59,00|57,00|6|2.436|141.666,00|
|16/11/2018|R|57,00|58,00|59,00|57,00|7|3.251|189.867,00|
|19/11/2018|R|58,00|57,00|58,00|57,00|2|145|8.385,00|
|20/11/2018|R|57,00|54,50|57,00|54,50|7|5.241|296.712,00|
|21/11/2018|R|54,50|54,00|54,50|54,00|5|6.608|356.862,00|
|22/11/2018|R|54,00|47,00|51,00|47,00|6|836|40.894,00|
|23/11/2018|R|47,00|45,00|47,00|45,00|7|33.906|1.582.324,00|
|26/11/2018|R|45,00|50,00|50,00|46,01|6|2.295|112.607,85|
|27/11/2018|R|50,00|60,00|60,00|51,00|11|3.882|226.992,00|
|28/11/2018|R|60,00|67,00|68,00|60,00|9|3.389|216.424,00|
|29/11/2018|R|67,00|70,00|70,00|68,00|2|16|1.114,00|
|30/11/2018|R|70,00|71,00|71,00|71,00|3|595|42.245,00|
|03/12/2018|R|71,00|84,50|85,00|74,00|5|464|36.124,50|
|04/12/2018|R|84,50|85,00|100,00|84,50|15|15.461|1.330.880,00|
|05/12/2018|R|85,00|84,00|87,00|84,00|3|124|10.486,00|
|06/12/2018|R|84,00|75,00|85,00|75,00|7|727|56.035,00|
|07/12/2018|R|75,00|71,00|85,00|71,00|2|298|21.214,00|
|10/12/2018|R|71,00|75,00|75,00|71,00|11|4.635|347.485,00|
|11/12/2018|R|75,00|76,00|76,00|76,00|2|36|2.736,00|
|12/12/2018|R|76,00|74,00|76,00|74,00|9|3.040|226.590,00|
|13/12/2018|R|74,00|71,00|75,00|71,00|11|19.790|1.418.049,00|
|18/12/2018|R|71,00|82,00|82,00|80,00|2|3.050|250.000,00|
|19/12/2018|R|82,00|82,00|86,00|82,00|4|530|43.500,00|
|20/12/2018|R|82,00|82,00|82,00|81,00|3|1.005|82.405,00|
|21/12/2018|R|82,00|84,00|84,00|84,00|2|12|1.008,00|
|26/12/2018|R|84,00|100,00|100,00|90,00|12|7.522|713.810,07|
|27/12/2018|R|100,00|120,00|120,00|100,00|6|1.637|184.700,00|
|28/12/2018|R|120,00|120,00|130,00|120,00|8|820|99.200,00|
|02/01/2019|R|120,00|130,00|130,00|120,75|4|720|91.935,00|
|03/01/2019|R|130,00|155,00|155,00|155,00|6|1.509|233.895,00|
|04/01/2019|R|155,00|215,00|223,20|160,00|19|14.676|2.660.494,00|
|07/01/2019|R|215,00|290,00|290,00|258,00|14|30.522|7.965.480,00|
|08/01/2019|R|290,00|340,00|340,00|330,00|16|23.247|7.802.828,00|
|09/01/2019|R|340,00|342,00|342,00|330,00|5|9.776|3.318.591,00|
|10/01/2019|R|342,00|392,00|400,00|392,00|4|9.050|3.619.616,00|
|11/01/2019|R|392,00|420,00|425,00|400,00|15|3.794|1.546.600,00|
|14/01/2019|R|420,00|600,00|700,00|450,00|15|1.699|957.000,00|
|15/01/2019|R|600,00|715,00|720,00|640,00|14|762|496.680,00|
|16/01/2019|R|715,00|720,00|815,00|720,00|7|1.470|1.058.590,00|
|17/01/2019|R|720,00|720,00|720,00|720,00|2|500|360.000,00|
|18/01/2019|R|720,00|720,00|720,00|720,00|3|2.300|1.656.000,00|
|21/01/2019|R|720,00|700,00|700,00|648,00|3|1.004|650.800,00|
|22/01/2019|R|700,00|650,00|689,00|583,00|8|152|102.459,00|
|23/01/2019|R|650,00|650,00|650,00|650,00|1|3|1.950,00|
|24/01/2019|R|650,00|650,00|650,00|650,00|1|1|650,00|
|25/01/2019|R|650,00|695,00|700,00|650,00|11|2.438|1.648.180,00|
|28/01/2019|R|695,00|650,00|695,00|650,00|7|2.520|1.647.360,00|
|29/01/2019|R|650,00|650,00|650,00|650,00|11|2.532|1.645.800,00|
|30/01/2019|R|650,00|650,00|695,00|650,00|4|697|456.965,00|
|31/01/2019|R|650,00|520,00|695,00|520,00|6|726|445.141,00|
|01/02/2019|R|520,00|624,00|624,00|560,00|13|4.200|2.388.015,00|
|04/02/2019|R|624,00|600,00|710,00|600,00|12|2.611|1.606.445,00|
|05/02/2019|R|600,00|600,00|670,00|599,00|17|1.569|964.429,00|
|06/02/2019|R|600,00|650,00|695,00|650,00|10|460|304.920,00|
|07/02/2019|R|650,00|620,00|650,00|620,00|13|3.752|2.337.135,00|
|08/02/2019|R|620,00|620,00|650,00|620,00|6|1.057|656.840,25|
|11/02/2019|R|620,00|509,50|625,00|509,50|17|10.192|6.216.358,50|
|12/02/2019|R|509,50|611,40|611,40|611,40|2|17|10.393,80|
|13/02/2019|R|611,40|605,00|640,00|605,00|10|3.343|2.022.980,00|
|14/02/2019|R|605,00|605,00|605,00|605,00|7|2.364|1.430.220,00|
|15/02/2019|R|605,00|605,00|630,00|600,00|6|2.510|1.511.800,00|
|18/02/2019|R|605,00|635,00|635,00|605,00|9|2.880|1.779.050,00|
|19/02/2019|R|635,00|685,00|700,00|643,00|7|3.255|2.199.465,00|
|20/02/2019|R|685,00|710,00|710,00|680,00|5|2.689|1.881.525,00|
|21/02/2019|R|710,00|730,00|730,00|710,00|16|54.673|39.343.050,00|
|22/02/2019|R|730,00|800,00|876,00|710,00|18|12.909|9.758.774,00|
|25/02/2019|R|800,00|1.000,00|1.000,00|830,00|8|4.366|4.139.750,00|
|26/02/2019|R|1.000,00|1.100,00|1.100,00|1.000,00|8|3.353|3.478.600,00|
|27/02/2019|R|1.100,00|1.360,00|1.360,00|1.100,00|14|9.085|10.591.940,00|
|06/03/2019|R|1.360,00|1.400,00|1.500,00|1.400,00|9|2.683|3.904.750,00|
|07/03/2019|R|1.400,00|1.400,00|1.450,00|1.400,00|21|6.468|9.079.950,00|
|14/03/2019|R|1.400,00|1.200,00|1.200,00|1.125,00|9|8.510|10.211.250,00|
|15/03/2019|R|1.200,00|1.200,00|1.200,00|1.020,00|5|158|186.000,00|
|18/03/2019|R|1.200,00|1.195,00|1.195,00|1.195,00|2|150|179.250,00|
|20/03/2019|R|1.195,00|1.050,00|1.150,00|1.000,00|8|27.006|30.214.850,00|
|21/03/2019|R|1.050,00|1.100,00|1.200,00|1.100,00|3|213|235.800,00|
|22/03/2019|R|1.100,00|1.200,00|1.200,00|1.150,00|9|3.049|3.553.350,50|
|25/03/2019|R|1.200,00|1.300,00|1.430,00|1.300,00|10|4.692|6.099.860,00|
|29/03/2019|R|1.300,00|1.250,00|1.430,00|1.250,00|5|221|276.930,00|
|01/04/2019|R|1.250,00|1.050,00|1.300,00|1.050,00|2|103|113.150,00|
|02/04/2019|R|1.050,00|1.100,00|1.100,00|1.100,00|6|800|880.000,00|
|03/04/2019|R|1.100,00|1.200,00|1.300,00|1.150,00|7|10.348|12.413.900,00|
|04/04/2019|R|1.200,00|1.150,00|1.200,00|1.150,00|12|7.120|8.539.000,00|
|05/04/2019|R|1.150,00|1.100,00|1.190,00|1.100,00|6|1.140|1.257.600,00|
|08/04/2019|R|1.100,00|1.200,00|1.200,00|1.200,00|2|10.822|12.986.400,00|
|09/04/2019|R|1.200,00|1.200,00|1.200,00|1.100,00|8|3.278|3.907.799,70|
|10/04/2019|R|1.200,00|1.100,00|1.200,00|1.100,00|4|849|1.007.100,00|
|11/04/2019|R|1.100,00|1.150,00|1.150,00|1.100,00|9|8.213|9.063.800,00|
|12/04/2019|R|1.150,00|1.300,00|1.310,00|1.150,00|16|26.816|33.282.700,00|
|22/04/2019|R|1.300,00|1.500,00|1.560,00|1.300,00|15|20.327|30.311.500,00|
|23/04/2019|R|1.500,00|2.000,00|2.000,00|1.500,00|17|16.116|26.255.802,40|
|24/04/2019|R|2.000,00|2.250,00|2.250,00|2.050,00|24|21.736|48.605.150,00|
|25/04/2019|R|2.250,00|2.330,00|2.330,00|2.250,00|9|8.795|19.814.500,00|
|26/04/2019|R|2.330,00|2.350,00|2.350,00|2.300,00|13|3.162|7.395.700,00|
|29/04/2019|R|2.350,00|2.100,00|2.350,00|2.100,00|4|182|415.200,00|
|02/05/2019|R|2.100,00|2.100,00|2.151,00|2.100,00|4|3.681|7.755.406,00|
|03/05/2019|R|2.100,00|1.800,00|2.100,00|1.800,00|12|8.686|16.743.700,00|
|08/05/2019|R|1.800,00|1.799,00|1.800,00|1.799,00|4|4.010|7.217.990,00|
|09/05/2019|R|1.799,00|1.799,99|1.800,00|1.750,00|10|2.785|4.992.935,28|
|10/05/2019|R|1.799,99|1.900,00|1.900,00|1.800,00|4|25.012|45.022.700,00|
|13/05/2019|R|1.900,00|1.900,00|2.000,00|1.900,00|7|8.533|16.625.300,00|
|14/05/2019|R|1.900,00|1.995,00|2.000,00|1.995,00|5|117|233.960,00|
|15/05/2019|R|1.995,00|2.000,00|2.000,00|1.900,00|9|1.438|2.872.700,00|
|16/05/2019|R|2.000,00|1.900,00|1.900,00|1.900,00|7|1.430|2.717.000,00|
|17/05/2019|R|1.900,00|1.906,00|1.906,00|1.906,00|5|301|565.754,00|
|27/05/2019|R|1.800,00|2.000,00|2.000,00|1.920,00|5|685|1.354.000,00|
|28/05/2019|R|2.000,00|2.000,00|2.000,00|2.000,00|4|442|884.000,00|
|29/05/2019|R|2.000,00|2.100,00|2.100,00|1.995,00|4|210|427.400,00|
|31/05/2019|R|2.100,00|2.000,00|2.000,00|2.000,00|3|654|1.308.000,00|
|04/06/2019|R|2.000,00|2.000,00|2.000,00|1.900,00|13|5.168|10.268.500,00|
|05/06/2019|R|2.000,00|2.000,00|2.000,00|1.990,00|5|1.015|2.029.000,00|
|06/06/2019|R|2.000,00|1.800,00|1.900,00|1.800,00|8|3.524|6.481.151,00|
|07/06/2019|R|1.800,00|1.800,00|1.800,00|1.800,00|4|503|905.400,00|
|10/06/2019|R|1.800,00|1.740,00|1.740,00|1.600,00|5|1.053|1.711.140,00|
|11/06/2019|R|1.740,00|1.740,00|1.740,00|1.600,00|4|836|1.361.080,00|
|12/06/2019|R|1.740,00|1.800,00|1.800,00|1.700,00|13|8.202|14.063.200,00|
|13/06/2019|R|1.800,00|2.050,00|2.050,00|2.050,00|5|2.275|4.663.750,00|
|14/06/2019|R|2.050,00|2.150,00|2.150,00|2.000,00|11|3.100|6.322.500,00|
|18/06/2019|R|2.150,00|2.250,00|2.250,00|2.200,00|19|5.021|11.058.600,00|
|19/06/2019|R|2.250,00|2.260,00|2.300,00|2.250,00|14|86.381|196.950.880,00|
|20/06/2019|R|2.260,00|2.350,00|2.350,00|2.260,00|10|1.256|2.876.756,00|
|21/06/2019|R|2.350,00|2.550,00|2.550,00|2.325,00|23|5.571|13.522.635,00|
|25/06/2019|R|2.550,00|2.600,00|2.650,00|2.550,00|16|6.620|17.193.950,00|
|26/06/2019|R|2.600,00|2.550,00|2.700,00|2.550,00|4|1.721|4.474.000,00|
|27/06/2019|R|2.550,00|2.741,00|2.741,00|2.700,00|7|1.046|2.848.600,00|
|28/06/2019|R|2.741,00|3.100,00|3.100,00|2.750,00|11|5.169|15.436.700,00|
|01/07/2019|R|3.100,00|3.000,00|3.100,00|2.800,00|7|36.815|113.864.500,00|
|02/07/2019|R|3.000,00|3.000,00|3.050,00|3.000,00|8|559|1.687.000,00|
|03/07/2019|R|3.000,00|3.000,00|3.100,00|3.000,00|6|3.407|10.222.100,00|
|04/07/2019|R|3.000,00|3.000,00|3.100,00|3.000,00|5|636|1.921.400,00|
|09/07/2019|R|3.000,00|2.900,00|3.000,00|2.900,00|12|6.733|19.566.000,00|
|10/07/2019|R|2.900,00|2.975,00|2.995,00|2.900,00|9|2.917|8.691.280,00|
|11/07/2019|R|2.975,00|3.050,00|3.050,00|3.000,00|6|20.017|60.051.850,00|
|12/07/2019|R|3.050,00|3.050,00|3.050,00|3.050,00|7|7.896|24.082.800,00|
|15/07/2019|R|3.050,00|3.050,00|3.050,00|3.000,00|12|9.265|28.253.244,00|
|16/07/2019|R|3.050,00|3.200,00|3.200,00|2.900,00|16|57.006|165.576.600,00|
|17/07/2019|R|3.200,00|3.500,00|3.500,00|3.249,00|3|284|930.245,00|
|18/07/2019|R|3.500,00|3.500,00|3.600,00|3.500,00|9|1.965|6.879.700,00|
|19/07/2019|R|3.500,00|3.500,00|3.500,00|3.500,00|1|360|1.260.000,00|
|22/07/2019|R|3.500,00|3.600,00|3.600,00|3.490,00|12|2.623|9.213.310,00|
|25/07/2019|R|3.600,00|3.600,00|3.600,00|3.500,00|6|741|2.606.000,00|
|26/07/2019|R|3.600,00|3.500,00|3.700,00|3.500,00|5|645|2.289.700,00|
|29/07/2019|R|3.500,00|3.500,00|3.500,00|3.500,00|2|60|210.000,00|
|30/07/2019|R|3.500,00|3.600,00|3.600,00|3.150,00|12|3.162|11.203.400,00|
|31/07/2019|R|3.600,00|3.600,00|3.600,00|3.600,00|6|2.487|8.953.200,00|
|01/08/2019|R|3.600,00|3.600,00|3.700,00|3.600,00|6|209|756.300,00|
|02/08/2019|R|3.600,00|4.000,00|4.100,00|3.700,00|17|57.128|211.928.600,00|
|05/08/2019|R|4.000,00|4.000,00|4.000,00|3.700,00|13|5.673|22.242.600,00|
|06/08/2019|R|4.000,00|4.300,00|4.300,00|4.000,00|17|6.971|28.759.020,00|
|07/08/2019|R|4.300,00|4.900,00|4.900,00|4.400,00|18|4.500|20.975.002,50|
|08/08/2019|R|4.900,00|4.800,00|5.000,00|4.800,00|8|3.340|16.679.850,00|
|09/08/2019|R|4.800,00|5.100,00|5.200,00|4.800,00|14|4.360|21.971.350,00|
|12/08/2019|R|5.100,00|5.100,00|5.200,00|5.100,00|9|2.230|11.508.600,00|
|13/08/2019|R|5.100,00|5.450,00|5.450,00|5.100,00|15|1.940|10.417.050,00|
|14/08/2019|R|5.450,00|5.700,00|5.800,00|5.500,00|16|12.529|70.342.200,62|
|15/08/2019|R|5.700,00|5.700,00|5.850,00|5.700,00|18|3.880|22.347.150,00|
|16/08/2019|R|5.700,00|6.490,00|6.500,00|5.900,00|23|8.596|54.920.282,00|
|20/08/2019|R|6.490,00|6.290,00|6.500,00|6.250,00|22|2.600|16.304.200,00|
|21/08/2019|R|6.290,00|6.300,00|6.300,00|6.200,00|8|7.758|48.863.400,00|
|22/08/2019|R|6.300,00|6.490,00|6.500,00|6.300,00|10|1.378|8.924.840,00|
|23/08/2019|R|6.490,00|6.400,00|6.490,00|6.400,00|2|88|567.070,00|
|26/08/2019|R|6.400,00|6.400,00|6.495,00|6.400,00|3|74|474.550,00|
|27/08/2019|R|6.400,00|6.400,00|6.700,00|6.400,00|18|55.071|352.666.950,00|
|28/08/2019|R|6.400,00|6.850,00|6.850,00|6.700,00|4|1.296|8.858.200,00|
|29/08/2019|R|6.850,00|7.500,00|7.500,00|6.900,00|9|1.940|13.914.000,00|
|30/08/2019|R|7.500,00|7.900,00|7.900,00|7.200,00|8|1.463|10.787.500,00|
|02/09/2019|R|7.900,00|8.100,00|8.100,00|8.000,00|16|1.945|15.692.000,00|
|03/09/2019|R|8.100,00|7.600,00|8.150,00|7.600,00|5|459|3.573.200,00|
|04/09/2019|R|7.600,00|8.100,00|8.100,00|8.050,00|14|5.674|45.744.900,00|
|05/09/2019|R|8.100,00|8.300,00|8.400,00|8.100,00|18|2.932|24.133.940,00|
|06/09/2019|R|8.300,00|9.000,00|9.000,00|8.400,00|15|2.799|24.394.600,00|
|09/09/2019|R|9.000,00|9.100,00|9.100,00|9.000,00|7|1.920|17.427.000,00|
|10/09/2019|R|9.100,00|9.190,00|9.300,00|9.190,00|10|4.053|37.479.150,00|
|11/09/2019|R|9.190,00|9.050,00|9.100,00|9.050,00|5|834|7.586.600,00|
|12/09/2019|R|9.050,00|9.090,00|9.100,00|9.090,00|6|1.130|10.282.000,00|
|17/09/2019|R|9.200,00|9.030,00|9.100,00|9.030,00|8|1.697|15.425.410,00|
|18/09/2019|R|9.030,00|8.450,00|9.000,00|8.450,00|6|2.063|16.554.285,00|
|19/09/2019|R|8.450,00|7.226,00|8.000,00|7.226,00|11|4.923|35.740.914,00|
|20/09/2019|R|7.226,00|7.895,00|8.300,00|7.200,00|8|566|4.098.965,00|
|23/09/2019|R|7.895,00|7.500,00|7.950,00|7.500,00|4|697|5.327.400,00|
|24/09/2019|R|7.500,00|7.200,00|7.200,00|7.200,00|5|2.300|16.560.000,00|
|25/09/2019|R|7.200,00|6.900,00|7.250,00|6.900,00|8|1.402|9.732.900,00|
|26/09/2019|R|6.900,00|7.200,00|7.200,00|6.900,00|3|366|2.526.900,00|
|27/09/2019|R|7.200,00|7.200,00|7.200,00|7.200,00|10|593|4.238.100,00|
|30/09/2019|R|7.200,00|7.100,00|7.200,00|7.100,00|9|1.033|7.426.600,00|
|01/10/2019|R|7.100,00|7.000,00|7.200,00|7.000,00|8|1.221|8.568.600,00|
|02/10/2019|R|7.000,00|6.500,00|7.000,00|6.500,00|4|32|220.600,00|
|03/10/2019|R|6.500,00|6.900,00|6.950,00|6.900,00|2|300|2.075.000,00|
|04/10/2019|R|6.900,00|6.890,00|6.890,00|6.810,00|12|1.811|12.469.635,00|
|07/10/2019|R|6.890,00|6.500,00|6.750,00|6.500,00|3|150|1.005.000,00|
|08/10/2019|R|6.500,00|6.750,00|6.750,00|6.200,00|7|2.178|14.626.250,00|
|09/10/2019|R|6.750,00|7.000,00|7.000,00|6.750,00|10|2.015|13.705.000,00|
|10/10/2019|R|7.000,00|7.000,00|7.000,00|6.850,00|5|2.019|14.032.850,00|
|11/10/2019|R|7.000,00|6.950,00|7.000,00|6.949,00|7|11.411|79.305.600,00|
|14/10/2019|R|6.950,00|6.750,00|6.950,00|6.700,00|7|5.017|33.614.950,00|
|15/10/2019|R|6.750,00|6.950,00|7.000,00|6.750,00|21|21.994|152.826.355,02|
|16/10/2019|R|6.950,00|6.950,00|6.950,00|6.950,00|4|4.200|29.190.000,00|
|17/10/2019|R|6.950,00|6.650,00|6.700,00|6.650,00|6|2.000|13.305.350,00|
|18/10/2019|R|6.650,00|6.500,00|6.500,00|6.500,00|1|5|32.500,00|
|22/10/2019|R|6.500,00|6.500,00|6.500,00|6.500,00|3|51|331.500,00|
|23/10/2019|R|6.500,00|6.500,00|6.500,00|6.500,00|4|1.089|7.078.500,00|
|24/10/2019|R|6.500,00|6.300,00|6.700,00|6.300,00|10|3.268|21.014.900,00|
|25/10/2019|R|6.220,00|6.500,00|6.999,00|6.500,00|11|4.350|28.289.980,00|
|28/10/2019|R|6.500,00|6.500,00|6.600,00|6.300,00|13|2.961|18.987.400,00|
|29/10/2019|R|6.500,00|6.500,00|6.700,00|6.500,00|9|3.100|20.191.200,00|
|30/10/2019|R|6.500,00|7.000,00|7.000,00|6.800,00|6|341|2.322.400,00|
|31/10/2019|R|7.000,00|7.199,00|7.199,00|6.900,00|7|990|6.840.590,00|
|01/11/2019|R|7.199,00|6.200,00|7.000,00|6.200,00|11|2.208|15.359.831,00|
|05/11/2019|R|6.200,00|6.500,00|6.500,00|6.500,00|1|135|877.500,00|
|06/11/2019|R|6.500,00|6.500,00|7.199,00|6.500,00|16|1.548|10.671.166,00|
|07/11/2019|R|6.500,00|7.000,00|7.000,00|6.500,00|10|517|3.617.997,63|
|08/11/2019|R|7.000,00|7.400,00|7.400,00|7.199,00|5|314|2.267.661,00|
|11/11/2019|R|7.400,00|7.950,00|8.000,00|7.400,00|12|1.101|8.539.784,00|
|12/11/2019|R|7.950,00|8.150,00|8.150,00|7.950,00|20|4.758|38.082.902,00|
|13/11/2019|R|8.150,00|8.400,00|8.400,00|8.150,00|12|14.277|118.584.950,00|
|14/11/2019|R|8.400,00|8.405,00|8.600,00|8.400,00|8|341|2.923.316,50|
|15/11/2019|R|8.405,00|7.600,00|7.600,00|7.600,00|4|78|592.800,00|
|18/11/2019|R|7.600,00|8.600,00|8.600,00|7.600,00|5|1.197|9.127.850,00|
|19/11/2019|R|8.600,00|8.590,00|8.600,00|8.590,00|7|558|4.794.975,00|
|20/11/2019|R|8.590,00|8.590,00|8.600,00|8.590,00|7|1.175|9.999.360,00|
|21/11/2019|R|8.590,00|8.390,00|8.390,00|8.390,00|2|313|2.626.070,00|
|22/11/2019|R|8.390,00|8.300,00|8.390,00|8.250,00|8|147|1.220.050,00|
|25/11/2019|R|8.300,00|8.300,00|8.300,00|8.300,00|9|57.195|479.711.160,00|
|26/11/2019|R|8.300,00|8.550,00|8.550,00|8.300,00|3|18.827|156.269.600,00|
|27/11/2019|R|8.550,00|9.000,00|9.000,00|8.200,00|20|17.376|150.944.400,00|
|28/11/2019|R|9.000,00|9.400,00|9.400,00|9.100,00|2|35|327.200,00|
|29/11/2019|R|9.400,00|9.400,00|9.400,00|9.400,00|12|3.229|29.152.600,00|
|02/12/2019|R|9.400,00|9.400,00|9.400,00|9.400,00|4|352|3.308.800,00|
|03/12/2019|R|9.400,00|9.400,00|9.400,00|9.390,00|8|975|9.164.680,00|
|04/12/2019|R|9.400,00|9.700,00|9.700,00|9.400,00|13|10.543|101.071.500,00|
|05/12/2019|R|9.700,00|9.800,00|9.800,00|9.700,00|8|399|3.907.100,00|
|06/12/2019|R|9.800,00|9.800,00|9.800,00|9.700,00|8|432|4.213.588,00|
|09/12/2019|R|9.800,00|9.800,00|9.800,00|9.700,00|4|3.103|30.159.400,00|
|10/12/2019|R|9.800,00|9.799,00|9.800,00|9.799,00|2|1.020|9.995.980,00|
|11/12/2019|R|9.799,00|9.500,00|9.750,00|8.550,00|5|128|1.230.550,00|
|12/12/2019|R|9.500,00|9.500,00|9.500,00|9.400,00|3|156|1.478.900,00|
|13/12/2019|R|9.500,00|9.400,00|9.500,00|9.400,00|4|49|463.100,00|
|16/12/2019|R|9.400,00|9.300,00|9.400,00|9.300,00|6|1.150|10.795.000,00|
|17/12/2019|R|9.300,00|9.450,00|9.800,00|9.400,00|9|735|6.946.800,00|
|18/12/2019|R|9.450,00|9.500,00|9.500,00|9.450,00|6|801|7.584.500,00|
|19/12/2019|R|9.500,00|10.000,00|10.000,00|9.800,00|8|2.854|28.114.200,00|
|20/12/2019|R|10.000,00|10.300,00|10.300,00|10.250,00|11|1.255|12.896.350,00|
|23/12/2019|R|10.300,00|10.300,00|10.300,00|10.300,00|8|126.512|1.276.236.440,00|
|26/12/2019|R|10.300,00|10.300,00|10.300,00|10.000,00|2|1.300|13.387.900,00|
|27/12/2019|R|10.300,00|10.300,00|10.300,00|10.000,00|12|1.575|16.217.954,00|
|30/12/2019|R|10.300,00|10.500,00|10.500,00|10.500,00|3|26|273.000,00|
|02/01/2020|R|10.500,00|10.250,00|10.500,00|10.250,00|3|116|1.193.750,00|
|03/01/2020|R|10.250,00|11.250,00|11.250,00|10.500,00|18|1.594|17.191.250,00|
|07/01/2020|R|11.250,00|13.500,00|13.500,00|11.250,00|8|5.034|59.607.500,00|
|08/01/2020|R|13.500,00|15.000,00|15.000,00|13.601,00|8|369|5.325.150,00|
|09/01/2020|R|15.000,00|15.000,00|15.100,00|14.000,00|26|27.861|418.075.300,00|
|10/01/2020|R|15.000,00|16.000,00|16.200,00|15.000,00|13|1.036|16.485.000,00|
|13/01/2020|R|16.000,00|16.000,00|16.000,00|15.500,00|7|240|3.835.000,00|
|14/01/2020|R|16.000,00|16.000,00|16.200,00|16.000,00|5|344|5.512.400,00|
|15/01/2020|R|16.000,00|17.800,00|17.800,00|16.000,00|8|1.454|25.244.000,00|
|16/01/2020|R|17.800,00|17.800,00|17.800,00|17.800,00|3|210|3.738.000,00|
|17/01/2020|R|17.800,00|17.800,00|17.800,00|17.800,00|6|363|6.461.400,00|
|21/01/2020|R|17.800,00|17.799,00|17.799,00|17.799,00|1|2|35.598,00|
|22/01/2020|R|17.799,00|14.301,00|17.799,00|14.301,00|5|224|3.972.984,00|
|23/01/2020|R|14.301,00|15.000,00|15.500,00|15.000,00|10|1.439|21.688.500,00|
|24/01/2020|R|15.000,00|14.500,00|16.000,00|14.500,00|9|3.381|49.302.000,00|
|27/01/2020|R|14.500,00|14.500,00|14.500,00|13.500,00|7|2.210|31.335.000,00|
|28/01/2020|R|14.500,00|14.500,00|0,00|0,00|1|500|7.250.000,00|
|29/01/2020|R|14.500,00|16.500,00|16.500,00|16.500,00|3|500|8.250.000,00|
|30/01/2020|R|16.500,00|17.500,00|17.500,00|17.000,00|7|1.230|21.274.770,00|
|31/01/2020|R|17.500,00|18.000,00|18.000,00|18.000,00|6|220|3.960.000,00|
|03/02/2020|R|18.000,00|18.000,00|18.000,00|18.000,00|4|53|954.000,00|
|04/02/2020|R|18.000,00|17.500,00|17.500,00|17.500,00|3|64|1.120.000,00|
|05/02/2020|R|17.500,00|17.500,00|18.000,00|17.000,00|6|119|2.076.750,00|
|06/02/2020|R|17.500,00|17.000,00|18.000,00|17.000,00|15|11.716|200.780.000,00|
|07/02/2020|R|17.000,00|17.500,00|18.000,00|17.500,00|11|8.639|151.187.850,00|
|10/02/2020|R|17.500,00|17.500,00|17.500,00|17.500,00|8|5.848|102.340.000,00|
|11/02/2020|R|17.500,00|18.000,00|18.000,00|18.000,00|5|838|15.084.000,00|
|12/02/2020|R|18.000,00|18.100,00|18.400,00|18.100,00|9|5.420|98.138.170,00|
|17/02/2020|R|18.100,00|18.205,00|18.300,00|18.205,00|7|5.022|91.427.600,00|
|18/02/2020|R|18.205,00|18.250,00|18.400,00|18.250,00|11|7.432|135.990.900,00|
|19/02/2020|R|18.250,00|18.000,00|18.250,00|18.000,00|12|18.982|341.739.000,00|
|26/02/2020|R|16.900,00|18.250,00|18.250,00|18.250,00|3|10.020|180.365.000,00|
|27/02/2020|R|18.250,00|18.250,00|18.300,00|18.250,00|4|72|1.315.085,00|
|28/02/2020|R|18.250,00|18.000,00|18.000,00|18.000,00|2|304|5.472.000,00|
|02/03/2020|R|18.000,00|17.800,00|18.249,00|17.800,00|7|74|1.328.201,00|
|03/03/2020|R|17.800,00|17.000,00|17.800,00|17.000,00|7|848|14.846.000,00|
|04/03/2020|R|17.000,00|17.100,00|17.300,00|17.100,00|4|254|4.346.400,00|
|05/03/2020|R|17.100,00|17.000,00|17.790,00|17.000,00|3|41|700.950,00|
|09/03/2020|R|17.000,00|16.000,00|17.000,00|16.000,00|16|12.391|204.548.530,00|
|10/03/2020|R|16.000,00|16.000,00|16.000,00|16.000,00|4|1.041|16.656.000,00|
|11/03/2020|R|16.000,00|15.000,00|16.000,00|15.000,00|3|229|3.474.750,00|
|12/03/2020|R|15.000,00|16.000,00|16.700,00|16.000,00|14|866|13.898.700,00|
|13/03/2020|R|16.000,00|16.000,00|16.100,00|16.000,00|6|2.762|43.917.000,00|
|17/03/2020|R|16.000,00|15.000,00|16.000,00|15.000,00|3|2.337|35.070.000,00|
|18/03/2020|R|15.000,00|14.000,00|14.050,00|14.000,00|4|403|5.642.250,00|
|20/03/2020|R|14.000,00|14.000,00|14.000,00|14.000,00|2|545|7.630.000,00|
|23/03/2020|R|14.000,00|13.000,00|13.000,00|13.000,00|4|1.427|18.551.000,00|
|24/03/2020|R|13.000,00|11.200,00|12.995,00|11.200,00|3|293|3.449.930,00|
|25/03/2020|R|11.200,00|11.200,00|12.000,00|11.200,00|3|60|620.000,00|
|27/03/2020|R|11.200,00|13.000,00|13.000,00|12.000,00|9|1.702|21.461.500,00|
|30/03/2020|R|13.000,00|15.000,00|15.000,00|14.000,00|13|7.081|105.327.000,00|
|31/03/2020|R|15.000,00|15.000,00|15.500,00|15.000,00|3|475|7.137.500,00|
|01/04/2020|R|15.000,00|17.000,00|17.000,00|15.000,00|13|5.700|90.100.000,00|
|02/04/2020|R|17.000,00|20.000,00|20.000,00|17.400,00|23|19.378|379.002.600,00|
|03/04/2020|R|20.000,00|22.000,00|22.000,00|20.000,00|10|6.878|144.418.500,00|
|06/04/2020|R|22.000,00|25.500,00|25.500,00|22.000,00|13|10.529|251.233.000,00|
|07/04/2020|R|25.500,00|28.100,00|28.100,00|26.000,00|14|7.865|210.582.500,00|
|08/04/2020|R|28.100,00|33.000,00|33.000,01|29.000,00|11|8.828|275.024.000,01|
|13/04/2020|R|33.000,00|37.000,00|37.000,00|35.000,00|14|5.495|197.136.000,00|
|14/04/2020|R|37.000,00|37.000,00|38.000,00|37.000,00|19|3.842|143.003.250,00|
|15/04/2020|R|37.000,00|37.000,50|43.800,00|37.000,00|8|1.028|38.539.563,54|
|16/04/2020|R|37.000,50|36.997,00|37.000,50|36.990,00|6|2.199|81.357.157,50|
|17/04/2020|R|36.997,00|36.000,00|40.000,00|36.000,00|9|1.743|64.748.000,00|
|20/04/2020|R|36.000,00|43.000,00|43.000,00|36.500,00|12|14.575|533.547.500,00|
|21/04/2020|R|43.000,00|43.000,00|45.000,00|43.000,00|11|4.999|203.721.995,00|
|22/04/2020|R|43.000,00|43.000,00|43.000,00|43.000,00|6|464|19.952.000,00|
|23/04/2020|R|43.000,00|44.450,00|44.450,00|43.000,00|3|520|23.005.250,00|
|24/04/2020|R|44.450,00|44.300,00|44.990,00|44.300,00|4|3.092|137.426.980,00|
|27/04/2020|R|44.300,00|35.500,00|44.300,00|35.500,00|8|1.063|42.542.800,00|
|28/04/2020|R|35.500,00|39.999,00|42.599,99|35.000,00|8|619|24.711.420,80|
|29/04/2020|R|39.999,00|38.000,00|38.000,00|37.999,00|5|424|16.111.986,30|
|30/04/2020|R|38.000,00|37.000,00|38.000,00|37.000,00|6|153|5.778.000,00|
|04/05/2020|R|37.000,00|38.000,00|38.001,00|38.000,00|10|15.834|601.692.015,19|
|05/05/2020|R|38.000,00|39.500,00|39.500,00|38.000,00|6|469|17.897.000,00|
|06/05/2020|R|39.500,00|40.000,00|43.000,00|39.500,00|22|16.388|649.384.300,00|
|07/05/2020|R|40.000,00|45.000,00|45.000,00|40.000,00|5|2.819|112.897.000,00|
|08/05/2020|R|45.000,00|45.000,00|45.000,00|44.000,00|13|759|34.083.000,00|
|11/05/2020|R|45.000,00|46.000,00|46.500,00|46.000,00|6|160|7.374.000,00|
|12/05/2020|R|46.000,00|44.000,00|46.000,00|44.000,00|10|2.286|99.314.000,00|
|13/05/2020|R|44.000,00|43.999,99|44.000,00|43.999,99|5|1.668|73.391.999,85|
|14/05/2020|R|43.999,99|42.000,00|42.500,00|42.000,00|2|1.001|42.042.500,00|
|15/05/2020|R|42.000,00|42.000,00|44.000,00|42.000,00|6|217|9.478.000,00|
|18/05/2020|R|42.000,00|43.000,00|45.000,00|43.000,00|9|9.120|392.425.200,00|
|19/05/2020|R|43.000,00|43.000,00|43.100,00|43.000,00|8|3.802|163.488.100,00|
|20/05/2020|R|43.000,00|46.000,00|46.000,00|43.000,00|4|93|4.014.000,00|
|21/05/2020|R|46.000,00|46.000,00|46.000,00|46.000,00|1|1|46.000,00|
|22/05/2020|R|46.000,00|45.000,00|45.000,00|45.000,00|4|218|9.810.000,00|
|26/05/2020|R|45.000,00|43.000,00|45.000,00|43.000,00|5|331|14.785.000,00|
|27/05/2020|R|43.000,00|43.000,00|43.000,00|43.000,00|10|1.770|75.760.000,00|
|28/05/2020|R|43.000,00|44.900,00|45.000,00|44.900,00|3|6|269.800,00|
|29/05/2020|R|44.900,00|44.000,00|45.000,00|44.000,00|9|603|27.115.000,00|
|01/06/2020|R|44.000,00|45.000,00|45.000,00|44.000,00|7|3.252|143.121.000,00|
|02/06/2020|R|45.000,00|44.000,00|45.000,00|44.000,00|12|16.505|726.432.919,00|
|03/06/2020|R|44.000,00|43.950,00|44.000,00|43.950,00|5|168|7.386.000,00|
|04/06/2020|R|43.950,00|43.600,00|45.000,00|43.600,00|8|331|14.521.598,00|
|05/06/2020|R|43.600,00|43.000,00|44.000,00|42.000,00|12|365|15.515.000,00|
|08/06/2020|R|43.000,00|43.000,00|44.000,00|43.000,00|5|346|15.000.600,00|
|09/06/2020|R|43.000,00|43.900,00|44.000,00|43.200,00|4|76|3.323.900,00|
|10/06/2020|R|43.900,00|44.000,00|44.000,00|43.700,00|8|430|18.900.800,00|
|11/06/2020|R|44.000,00|45.000,00|45.000,00|44.000,00|6|822|36.178.000,00|
|12/06/2020|R|45.000,00|45.000,00|45.000,00|44.000,00|6|299|13.438.500,00|
|16/06/2020|R|45.000,00|45.950,00|45.950,00|44.999,00|15|5.821|262.097.027,00|
|17/06/2020|R|45.950,00|45.997,00|45.997,00|45.000,00|3|1.100|50.566.506,00|
|18/06/2020|R|45.997,00|45.100,00|45.500,00|45.100,00|7|3.229|145.629.911,03|
|19/06/2020|R|45.100,00|46.000,00|46.950,00|45.500,00|3|50|2.331.750,00|
|22/06/2020|R|46.000,00|46.500,00|47.000,00|46.000,00|5|1.800|83.375.000,00|
|23/06/2020|R|46.500,00|45.500,00|46.000,00|45.500,00|5|66|3.005.000,00|
|25/06/2020|R|45.500,00|44.000,00|45.500,00|44.000,00|7|732|32.374.500,00|
|26/06/2020|R|44.000,00|43.800,00|44.000,00|43.800,00|9|160|7.018.400,00|
|30/06/2020|R|43.800,00|43.000,00|43.800,00|43.000,00|5|262|11.374.000,00|
|01/07/2020|R|43.000,00|43.000,00|44.000,00|43.000,00|6|250|10.765.800,00|
|02/07/2020|R|43.000,00|44.000,00|44.000,00|44.000,00|2|5|220.000,00|
|03/07/2020|R|44.000,00|43.000,00|43.000,00|43.000,00|5|214|9.202.000,00|
|06/07/2020|R|43.000,00|44.000,00|44.000,00|44.000,00|2|85|3.740.000,00|
|07/07/2020|R|44.000,00|41.000,00|44.000,00|41.000,00|9|13.376|588.375.000,00|
|08/07/2020|R|41.000,00|43.000,00|44.000,00|43.000,00|4|1.057|46.188.000,00|
|09/07/2020|R|43.000,00|43.000,00|43.000,00|43.000,00|2|199|8.557.000,00|
|10/07/2020|R|43.000,00|42.500,00|42.500,00|42.500,00|4|14.184|603.075.000,00|
|13/07/2020|R|42.500,00|42.450,00|43.000,00|42.000,00|14|11.315|480.821.500,00|
|14/07/2020|R|42.450,00|42.000,00|45.500,00|42.000,00|7|682|28.845.950,00|
|15/07/2020|R|42.000,00|45.500,00|45.500,00|45.500,00|3|23|1.046.500,00|
|16/07/2020|R|45.500,00|44.001,00|44.001,00|44.000,00|3|11.700|514.800.200,00|
|17/07/2020|R|44.001,00|44.800,00|44.800,00|44.800,00|1|314|14.067.200,00|
|20/07/2020|R|44.800,00|45.000,00|45.200,00|44.800,00|7|2.366|106.043.000,00|
|21/07/2020|R|45.000,00|45.500,00|45.500,00|45.200,00|6|1.911|86.425.700,00|
|22/07/2020|R|45.500,00|45.500,00|46.000,00|45.500,00|5|4.786|218.378.000,00|
|23/07/2020|R|45.500,00|48.000,00|48.000,00|48.000,00|1|44|2.112.000,00|
|27/07/2020|R|48.000,00|48.000,00|48.000,00|48.000,00|14|15.277|733.296.000,00|
|28/07/2020|R|48.000,00|49.000,00|49.000,00|49.000,00|4|347|16.713.000,00|
|29/07/2020|R|49.000,00|49.000,00|49.000,00|49.000,00|4|3.612|176.188.000,00|
|30/07/2020|R|49.000,00|49.000,00|50.000,00|49.000,00|6|549|26.903.000,00|
|31/07/2020|R|49.000,00|49.000,00|49.000,00|49.000,00|3|28|1.372.000,00|
|03/08/2020|R|49.000,00|50.000,00|50.000,00|49.000,00|14|17.724|868.802.000,00|
|04/08/2020|R|50.000,00|51.000,00|51.000,00|50.000,00|10|6.895|345.960.000,00|
|05/08/2020|R|51.000,00|52.000,00|52.000,00|50.000,00|6|916|47.612.000,00|
|06/08/2020|R|52.000,00|52.400,00|53.000,00|52.000,00|15|22.334|1.170.046.800,00|
|07/08/2020|R|52.400,00|53.400,00|53.400,00|53.200,00|5|30.192|1.582.233.600,00|
|10/08/2020|R|53.400,00|53.000,00|56.000,00|53.000,00|12|6.145|334.565.000,00|
|11/08/2020|R|53.000,00|53.000,00|54.000,00|52.400,00|9|6.162|326.124.000,00|
|12/08/2020|R|53.000,00|55.000,00|55.000,00|53.500,00|3|25|1.352.500,00|
|13/08/2020|R|55.000,00|58.000,00|58.000,00|56.000,00|7|319|18.192.000,00|
|14/08/2020|R|58.000,00|58.000,00|58.000,00|58.000,00|11|2.124|123.192.000,00|
|17/08/2020|R|58.000,00|55.000,00|58.000,00|55.000,00|12|4.115|235.310.000,00|
|18/08/2020|R|55.000,00|55.000,00|55.000,00|54.900,00|9|452|24.631.500,00|
|19/08/2020|R|55.000,00|55.000,00|58.000,00|58.000,00|1|3|174.000,00|
|20/08/2020|R|55.000,00|57.500,00|58.000,00|57.500,00|11|875|50.685.500,00|
|21/08/2020|R|57.500,00|57.900,00|58.000,00|57.900,00|7|561|32.513.900,00|
|24/08/2020|R|57.900,00|57.500,00|58.000,00|57.500,00|6|901|52.249.000,00|
|25/08/2020|R|57.500,00|57.500,00|57.500,00|57.000,00|10|35.957|2.067.464.000,00|
|26/08/2020|R|57.500,00|57.500,00|57.500,00|57.500,00|5|1.104|63.480.000,00|
|27/08/2020|R|57.500,00|57.500,00|57.500,00|57.500,00|4|415|23.862.500,00|
|28/08/2020|R|57.500,00|57.500,00|57.600,00|57.500,00|11|2.855|164.215.064,00|
|31/08/2020|R|57.500,00|57.500,00|57.500,00|57.500,00|7|1.209|69.517.500,00|
|01/09/2020|R|57.500,00|58.000,00|58.000,00|58.000,00|10|306|17.748.000,00|
|02/09/2020|R|58.000,00|58.000,00|58.000,00|58.000,00|7|610|35.380.000,00|
|03/09/2020|R|58.000,00|58.000,00|58.000,00|58.000,00|17|3.925|227.650.000,00|
|04/09/2020|R|58.000,00|58.000,00|58.000,00|58.000,00|2|174|10.092.000,00|
|07/09/2020|R|58.000,00|58.000,00|58.000,00|58.000,00|4|649|37.642.000,00|
|08/09/2020|R|58.000,00|57.500,00|58.000,00|57.500,00|8|4.425|256.248.070,00|
|09/09/2020|R|57.500,00|57.490,00|57.500,00|57.490,00|2|60|3.449.900,00|
|10/09/2020|R|57.490,00|57.500,00|57.500,00|57.490,00|8|1.119|64.341.630,00|
|11/09/2020|R|57.500,00|57.500,00|57.500,00|57.500,00|2|11|632.500,00|
|15/09/2020|R|57.500,00|57.499,99|57.500,00|57.499,99|5|106|6.094.998,98|
|16/09/2020|R|57.499,99|57.499,00|58.000,00|57.499,00|3|14|809.998,00|
|17/09/2020|R|57.499,00|57.500,00|57.500,00|57.500,00|4|584|33.580.000,00|
|18/09/2020|R|57.500,00|57.500,00|58.000,00|57.500,00|7|5.208|301.187.500,00|
|21/09/2020|R|57.500,00|57.500,00|58.000,00|57.500,00|13|10.543|606.777.500,00|
|22/09/2020|R|57.500,00|57.500,00|58.000,00|57.500,00|4|1.076|61.908.000,00|
|23/09/2020|R|57.500,00|58.000,00|58.000,00|57.800,00|6|410|23.770.000,00|
|24/09/2020|R|58.000,00|58.000,00|58.000,00|58.000,00|7|4.667|270.686.000,00|
|25/09/2020|R|58.000,00|58.000,00|58.000,00|58.000,00|8|480|27.840.000,00|
|28/09/2020|R|58.000,00|59.000,00|59.000,00|59.000,00|5|500|29.500.000,00|
|29/09/2020|R|59.000,00|59.000,00|59.000,00|58.000,00|2|11|642.000,00|
|30/09/2020|R|59.000,00|59.000,00|59.000,00|59.000,00|6|251|14.809.000,00|
|01/10/2020|R|59.000,00|59.000,00|59.000,00|59.000,00|4|37|2.183.000,00|
|02/10/2020|R|59.000,00|58.100,00|59.000,00|58.100,00|16|4.846|281.798.800,00|
|05/10/2020|R|58.100,00|58.500,00|58.500,00|58.100,00|7|6.484|376.806.000,00|
|06/10/2020|R|58.500,00|58.000,00|58.500,00|58.000,00|7|514|29.822.000,00|
|07/10/2020|R|58.000,00|58.000,00|58.100,00|58.000,00|8|135|7.833.999,70|
|08/10/2020|R|58.000,00|58.000,00|58.000,00|58.000,00|3|157|9.106.000,00|
|09/10/2020|R|58.000,00|58.000,00|58.000,00|58.000,00|8|3.303|191.574.000,00|
|13/10/2020|R|58.000,00|58.000,00|59.100,00|58.000,00|6|11.056|641.250.200,00|
|14/10/2020|R|58.000,00|58.500,00|58.500,00|58.000,00|12|30.530|1.770.862.500,00|
|15/10/2020|R|58.500,00|59.100,00|59.100,00|59.100,00|4|83|4.905.300,00|
|16/10/2020|R|59.100,00|60.000,00|60.000,00|60.000,00|1|20|1.200.000,00|
|19/10/2020|R|60.000,00|59.100,00|59.100,00|56.000,00|4|2.011|118.672.600,00|
|20/10/2020|R|59.100,00|56.000,00|59.000,00|56.000,00|3|555|32.280.000,00|
|21/10/2020|R|56.000,00|56.000,00|56.000,00|56.000,00|4|1.283|75.598.000,00|
|22/10/2020|R|56.000,00|54.000,00|54.000,00|54.000,00|2|250|13.500.000,00|
|23/10/2020|R|54.000,00|54.000,00|54.000,00|53.000,00|7|676|36.377.000,00|
|26/10/2020|R|54.000,00|54.000,00|54.000,00|54.000,00|7|229|12.366.000,00|
|27/10/2020|R|54.000,00|53.000,00|54.000,00|52.000,00|8|458|24.146.978,00|
|29/10/2020|R|53.000,00|53.900,00|53.900,00|53.000,00|15|4.211|224.199.900,00|
|30/10/2020|R|53.900,00|55.000,00|60.000,00|55.000,00|4|1.065|58.600.000,00|
|02/11/2020|R|55.000,00|55.000,00|55.000,00|55.000,00|3|35|1.925.000,00|
|03/11/2020|R|55.000,00|55.000,00|55.000,00|55.000,00|3|1.066|58.630.000,00|
|04/11/2020|R|55.000,00|55.000,00|55.000,00|52.000,00|8|760|39.532.003,71|
|06/11/2020|R|55.000,00|56.000,00|56.501,00|56.000,00|10|13.132|740.600.700,00|
|10/11/2020|R|56.000,00|60.000,00|60.000,00|60.000,00|4|474|28.440.000,00|
|11/11/2020|R|60.000,00|60.000,01|60.000,01|60.000,00|11|1.450|87.000.000,90|
|12/11/2020|R|60.000,01|61.000,00|61.500,00|61.000,00|4|350|21.354.500,00|
|13/11/2020|R|61.000,00|61.500,00|61.500,00|61.500,00|7|691|42.496.500,00|
|16/11/2020|R|61.500,00|61.500,00|61.500,00|61.500,00|8|330|20.295.000,00|
|17/11/2020|R|61.500,00|73.000,00|73.000,00|61.500,00|13|4.162|289.018.500,00|
|18/11/2020|R|73.000,00|100.000,00|100.000,00|75.500,00|17|2.314|212.402.786,87|
|19/11/2020|R|100.000,00|100.000,00|104.000,00|100.000,00|11|2.992|299.240.000,00|
|20/11/2020|R|100.000,00|90.000,00|99.999,00|90.000,00|13|2.198|201.264.799,00|
|24/11/2020|R|90.000,00|105.000,00|105.000,00|99.999,00|22|9.133|923.024.075,38|
|25/11/2020|R|105.000,00|100.000,00|105.000,00|100.000,00|11|2.562|257.697.000,00|
|26/11/2020|R|100.000,00|105.000,00|105.500,00|105.000,00|4|206|21.730.500,00|
|27/11/2020|R|105.000,00|105.600,00|105.600,00|105.500,00|19|7.904|834.582.500,00|
|30/11/2020|R|105.600,00|105.500,00|106.000,00|105.500,00|17|6.872|727.427.000,00|
|01/12/2020|R|105.500,00|124.000,00|126.590,00|124.000,00|3|16|2.000.680,00|
|02/12/2020|R|124.000,00|130.000,00|148.790,00|124.000,00|9|519|64.477.580,00|
|03/12/2020|R|130.000,00|155.990,00|155.990,00|136.500,00|10|119|17.412.980,00|
|04/12/2020|R|155.990,00|155.900,00|155.980,00|155.900,00|9|579|90.304.350,00|
|07/12/2020|R|155.900,00|150.000,00|155.950,00|150.000,00|8|3.885|599.906.500,00|
|08/12/2020|R|150.000,00|139.990,00|143.990,00|130.000,00|8|786|108.693.430,00|
|09/12/2020|R|139.990,00|139.990,00|149.990,00|121.000,00|8|368|49.230.500,00|
|10/12/2020|R|139.990,00|139.980,00|140.000,00|139.980,00|8|1.447|202.226.510,00|
|11/12/2020|R|139.980,00|138.000,00|139.980,00|120.000,00|8|1.278|156.721.800,00|
|15/12/2020|R|138.000,00|121.010,00|138.970,00|121.010,00|4|1.022|141.650.180,00|
|16/12/2020|R|121.010,00|123.000,00|138.000,00|120.000,00|15|7.792|949.068.340,00|
|17/12/2020|R|123.000,00|121.000,00|123.000,00|121.000,00|10|3.093|377.450.800,00|
|18/12/2020|R|121.000,00|121.000,00|121.010,00|121.000,00|11|1.598|193.360.650,00|
|21/12/2020|R|121.000,00|121.000,00|139.990,00|121.000,00|5|179|22.592.900,00|
|22/12/2020|R|121.000,00|125.000,00|125.000,00|121.000,00|5|219|27.327.000,00|
|23/12/2020|R|125.000,00|121.000,00|129.990,00|121.000,00|9|892|108.387.840,00|
|28/12/2020|R|121.000,00|121.000,00|122.000,00|121.000,00|5|777|94.018.000,00|
|29/12/2020|R|121.000,00|121.000,00|0,00|0,00|1|7|854.000,00|
|30/12/2020|R|121.000,00|135.000,00|135.000,00|134.990,00|7|2.050|276.747.000,00|
|04/01/2021|R|135.000,00|135.000,00|144.990,00|134.990,00|10|4.560|616.243.870,00|
|05/01/2021|R|135.000,00|145.000,00|145.010,00|144.900,00|11|5.500|797.500.950,00|
|06/01/2021|R|145.000,00|144.990,00|144.990,00|144.990,00|5|797|115.557.030,00|
|07/01/2021|R|144.990,00|205.000,00|205.000,00|145.000,00|15|10.154|1.830.496.000,00|
|08/01/2021|R|205.000,00|205.000,00|205.000,00|204.980,00|17|5.840|1.197.150.720,00|
|12/01/2021|R|205.000,00|200.000,00|200.000,00|200.000,00|5|1.177|235.400.000,00|
|13/01/2021|R|200.000,00|195.000,00|199.000,00|195.000,00|5|129|25.647.000,00|
|14/01/2021|R|195.000,00|200.000,00|200.000,00|200.000,00|5|186|37.200.000,00|
|15/01/2021|R|200.000,00|200.000,00|205.000,00|200.000,00|13|1.985|400.420.000,00|
|19/01/2021|R|200.000,00|200.000,00|200.000,00|200.000,00|5|452|90.400.000,00|
|20/01/2021|R|200.000,00|200.000,00|200.000,00|200.000,00|11|2.344|468.800.000,00|
|21/01/2021|R|200.000,00|200.000,00|200.000,00|200.000,00|9|786|157.200.000,00|
|22/01/2021|R|200.000,00|210.000,00|215.000,00|200.000,00|15|1.638|348.548.000,00|
|25/01/2021|R|210.000,00|209.990,00|210.000,00|200.000,00|10|1.421|290.953.880,00|
|26/01/2021|R|209.990,00|225.000,00|225.000,00|211.000,00|4|226|47.770.000,00|
|27/01/2021|R|225.000,00|224.900,00|224.990,00|224.900,00|8|2.285|484.118.010,00|
|28/01/2021|R|224.900,00|219.980,00|224.900,00|219.980,00|6|88|19.402.680,00|
|29/01/2021|R|219.980,00|200.000,00|219.980,00|200.000,00|20|3.224|645.439.360,00|
|01/02/2021|R|200.000,00|190.000,00|200.000,00|190.000,00|17|2.811|551.824.960,00|
|02/02/2021|R|183.375,73|183.350,00|190.000,00|183.350,00|26|11.935|2.223.106.540,00|
|03/02/2021|R|183.350,00|180.010,00|183.350,00|180.010,00|24|7.439|1.362.959.990,00|
|04/02/2021|R|180.010,00|182.000,00|182.000,00|180.010,00|17|11.632|2.111.506.600,00|
|05/02/2021|R|182.000,00|179.990,00|185.000,00|179.990,00|11|2.855|513.934.560,00|
|08/02/2021|R|179.990,00|180.000,00|180.000,00|180.000,00|10|10.017|1.803.060.000,00|
|09/02/2021|R|180.000,00|180.000,00|180.000,00|180.000,00|6|2.345|422.100.000,00|
|10/02/2021|R|180.000,00|180.000,00|180.000,00|180.000,00|2|788|141.840.000,00|
|11/02/2021|R|180.000,00|180.000,00|180.000,00|180.000,00|8|2.013|362.340.000,00|
|12/02/2021|R|180.000,00|180.000,00|180.000,00|180.000,00|4|142|25.560.000,00|
|17/02/2021|R|180.000,00|170.000,00|171.000,00|170.000,00|7|3.500|595.200.000,00|
|18/02/2021|R|170.000,00|179.000,00|179.000,00|170.000,00|7|1.851|315.390.000,00|
|19/02/2021|R|179.000,00|190.000,00|190.000,00|180.000,00|7|2.034|371.460.000,00|
|22/02/2021|R|190.000,00|200.000,00|220.000,00|200.000,00|4|312|62.640.000,00|
|23/02/2021|R|200.000,00|200.000,00|200.000,00|200.000,00|6|9.064|1.812.800.000,00|
|24/02/2021|R|200.000,00|200.000,00|200.000,00|200.000,00|9|5.601|1.120.200.000,00|
|25/02/2021|R|200.000,00|200.000,00|200.000,00|200.000,00|2|15|3.000.000,00|
|26/02/2021|R|200.000,00|200.000,00|200.000,00|200.000,00|10|3.169|633.800.000,00|
|01/03/2021|R|200.000,00|200.000,00|220.000,00|200.000,00|6|1.544|309.260.000,00|
|02/03/2021|R|200.000,00|200.000,00|214.000,00|200.000,00|14|7.077|1.446.020.500,00|
|03/03/2021|R|200.000,00|200.000,00|214.000,00|200.000,00|11|3.743|772.220.000,00|
|04/03/2021|R|200.000,00|210.000,00|210.000,00|200.000,00|3|5.000|1.020.000.000,00|
|05/03/2021|R|210.000,00|210.000,00|210.000,00|205.000,00|4|580|119.400.000,00|
|08/03/2021|R|210.000,00|215.000,00|215.000,00|210.000,00|8|3.594|755.175.000,00|
|09/03/2021|R|215.000,00|220.000,00|220.000,00|215.000,00|10|2.606|570.685.000,00|
|10/03/2021|R|220.000,00|230.000,00|230.000,00|220.000,00|6|5.349|1.179.780.000,00|
|11/03/2021|R|230.000,00|230.000,00|240.000,00|230.000,00|6|1.174|274.160.000,00|
|12/03/2021|R|230.000,00|234.000,00|240.000,00|234.000,00|8|9.082|2.127.610.000,00|
|15/03/2021|R|234.000,00|240.000,00|240.000,00|240.000,00|8|7.694|1.814.196.000,00|
|16/03/2021|R|240.000,00|240.000,00|240.000,00|234.000,00|5|4.881|1.134.234.000,00|
|17/03/2021|R|240.000,00|230.000,00|240.000,00|230.000,00|15|3.097|737.280.000,00|
|18/03/2021|R|230.000,00|235.000,00|235.000,00|200.000,00|5|678|152.330.000,00|
|22/03/2021|R|235.000,00|234.700,00|240.000,00|234.700,00|9|2.233|524.174.600,00|
|23/03/2021|R|234.700,00|240.000,00|240.000,00|235.000,00|8|830|197.945.020,00|
|24/03/2021|R|240.000,00|240.000,00|240.000,00|240.000,00|6|1.218|292.320.000,00|
|25/03/2021|R|240.000,00|245.000,00|250.000,00|240.000,00|8|3.435|826.610.000,00|
|26/03/2021|R|245.000,00|245.000,00|245.000,00|245.000,00|7|460|112.700.000,00|
|29/03/2021|R|245.000,00|235.000,00|245.000,00|235.000,00|8|4.340|1.049.446.000,00|
|30/03/2021|R|235.000,00|245.000,00|245.000,00|235.000,00|9|767|186.245.000,00|
|31/03/2021|R|245.000,00|249.000,00|250.000,00|245.000,00|7|3.316|812.980.000,00|
|05/04/2021|R|249.000,00|245.000,00|250.000,00|245.000,00|10|1.397|342.680.000,00|
|06/04/2021|R|245.000,00|245.000,00|250.000,00|245.000,00|7|2.646|660.760.000,00|
|07/04/2021|R|245.000,00|250.000,00|250.000,00|250.000,00|10|4.305|1.076.205.000,00|
|08/04/2021|R|250.000,00|260.000,00|260.000,00|260.000,00|4|766|199.160.000,00|
|09/04/2021|R|260.000,00|260.000,00|260.000,00|260.000,00|10|2.375|617.500.000,00|
|12/04/2021|R|260.000,00|260.000,00|260.000,00|260.000,00|9|1.176|305.760.000,00|
|13/04/2021|R|260.000,00|258.000,00|260.000,00|258.000,00|4|72|18.703.460,00|
|14/04/2021|R|258.000,00|259.990,00|260.000,00|259.990,00|7|1.428|371.275.100,00|
|15/04/2021|R|259.990,00|260.000,00|260.000,00|250.000,00|16|2.910|755.985.320,00|
|16/04/2021|R|260.000,00|260.000,00|260.000,00|260.000,00|18|4.662|1.212.120.000,00|
|20/04/2021|R|260.000,00|270.000,00|270.000,00|260.000,00|14|7.852|2.116.659.860,00|
|21/04/2021|R|270.000,00|280.000,00|280.000,00|270.000,00|12|2.668|726.721.000,00|
|22/04/2021|R|280.000,00|290.000,00|290.000,00|270.000,00|13|11.927|3.386.650.000,00|
|23/04/2021|R|290.000,00|298.000,00|298.000,00|290.000,00|19|5.619|1.674.342.920,00|
|26/04/2021|R|298.000,00|400.000,00|400.000,00|300.000,00|22|11.380|3.622.985.000,00|
|27/04/2021|R|400.000,00|425.000,00|425.000,00|400.000,00|19|7.702|3.207.525.000,00|
|28/04/2021|R|425.000,00|455.000,00|455.000,00|445.000,00|13|872|392.505.000,00|
|29/04/2021|R|455.000,00|500.000,00|500.000,00|475.000,00|15|1.512|732.165.000,00|
|30/04/2021|R|500.000,00|500.000,00|506.010,00|500.000,00|12|2.857|1.432.444.940,00|
|03/05/2021|R|500.000,00|510.000,00|510.000,00|510.000,00|12|3.614|1.843.140.000,00|
|04/05/2021|R|510.000,00|519.990,00|520.000,00|510.000,00|10|188|96.459.780,00|
|05/05/2021|R|519.990,00|530.000,00|530.000,00|520.000,00|10|2.404|1.263.315.000,00|
|06/05/2021|R|530.000,00|600.000,00|636.000,00|600.000,00|6|105|63.504.000,00|
|07/05/2021|R|600.000,00|670.000,00|670.000,00|650.000,00|16|3.837|2.538.750.000,00|
|10/05/2021|R|670.000,00|670.000,00|680.000,00|670.000,00|11|8.242|5.558.880.000,00|
|11/05/2021|R|670.000,00|650.000,00|670.000,00|650.000,00|11|592|389.870.000,00|
|12/05/2021|R|650.000,00|639.000,00|640.000,00|600.000,00|16|38.839|24.484.855.000,00|
|13/05/2021|R|639.000,00|639.000,00|640.000,00|639.000,00|13|7.430|4.747.968.050,00|
|14/05/2021|R|639.000,00|670.000,00|670.000,00|670.000,00|10|1.291|864.970.000,00|
|17/05/2021|R|670.000,00|690.000,00|691.000,00|690.000,00|17|20.194|13.933.870.000,00|
|18/05/2021|R|690.000,00|690.000,00|730.000,00|690.000,00|11|102.467|70.702.530.000,00|
|19/05/2021|R|690.000,00|720.000,00|720.000,00|690.000,00|8|7.288|5.031.120.000,00|
|20/05/2021|R|720.000,00|680.000,00|720.000,00|680.000,00|9|1.685|1.148.100.800,00|
|21/05/2021|R|680.000,00|630.000,00|680.000,00|630.000,00|9|1.221|800.850.000,00|
|25/05/2021|R|630.000,00|630.000,00|630.000,00|615.000,00|13|2.659|1.675.095.000,00|
|26/05/2021|R|630.000,00|550.000,00|630.000,00|550.000,00|10|2.048|1.214.640.000,00|
|27/05/2021|R|550.000,00|600.000,00|600.000,00|500.000,00|21|40.600|23.750.024.000,00|
|28/05/2021|R|600.000,00|590.000,00|599.000,00|589.000,00|5|139|82.095.000,00|
|31/05/2021|R|590.000,00|580.000,00|590.000,00|550.000,00|10|862|500.680.000,00|
|01/06/2021|R|580.000,00|550.000,00|580.000,00|550.000,00|6|375|207.540.000,00|
|02/06/2021|R|550.000,00|530.000,00|550.000,00|530.000,00|9|5.208|2.825.590.000,00|
|03/06/2021|R|530.000,00|530.000,00|530.000,00|500.000,00|8|1.613|854.830.000,00|
|04/06/2021|R|530.000,00|630.000,00|630.000,00|530.000,00|17|12.661|6.710.830.000,00|
|07/06/2021|R|630.000,00|599.990,00|600.000,00|599.990,00|3|308|184.797.000,00|
|08/06/2021|R|599.990,00|599.990,00|599.990,00|599.980,00|5|584|350.393.160,00|
|09/06/2021|R|599.990,00|595.000,00|595.000,00|590.000,00|3|33|19.585.000,00|
|10/06/2021|R|595.000,00|595.000,00|595.000,00|590.000,00|6|349|207.390.000,00|
|11/06/2021|R|595.000,00|590.000,00|595.000,00|590.000,00|4|41|24.265.000,00|
|15/06/2021|R|590.000,00|500.010,00|590.000,00|500.010,00|2|20|10.360.160,00|
|18/06/2021|R|500.010,00|560.000,00|575.000,00|530.000,00|7|1.105|618.360.000,00|
|21/06/2021|R|560.000,00|560.000,00|560.000,00|560.000,00|3|1.500|840.000.000,00|
|22/06/2021|R|560.000,00|535.000,00|559.000,00|535.000,00|6|895|484.698.000,00|
|23/06/2021|R|535.000,00|500.000,00|535.000,00|500.000,00|5|2.228|1.114.980.000,00|
|25/06/2021|R|500.000,00|560.000,00|560.000,00|560.000,00|1|800|448.000.000,00|
|29/06/2021|R|560.000,00|600.000,00|600.000,00|560.000,00|3|2.177|1.306.000.000,00|
|30/06/2021|R|600.000,00|645.000,00|645.000,00|600.000,00|13|4.634|2.817.886.000,00|
|01/07/2021|R|645.000,00|645.000,00|645.000,00|645.000,00|10|2.200|1.417.000.000,00|
|02/07/2021|R|645.000,00|650.000,00|650.000,00|645.000,00|11|295|191.485.000,00|
|06/07/2021|R|650.000,00|600.000,00|650.000,00|600.000,00|5|1.560|952.820.000,00|
|07/07/2021|R|600.000,00|541.000,00|600.000,00|541.000,00|5|279|162.080.000,00|
|09/07/2021|R|541.000,00|580.000,00|600.000,00|575.000,00|21|6.199|3.583.050.000,00|
|12/07/2021|R|580.000,00|580.000,00|580.000,00|580.000,00|5|490|284.200.000,00|
|13/07/2021|R|580.000,00|600.000,00|600.000,00|600.000,00|2|281|168.600.000,00|
|14/07/2021|R|600.000,00|650.000,00|650.000,00|605.000,00|10|6.165|3.874.180.000,00|
|15/07/2021|R|650.000,00|720.000,00|720.000,00|655.000,00|15|10.940|7.578.125.000,00|
|16/07/2021|R|720.000,00|720.000,00|720.000,00|720.000,00|13|836.827|602.515.440.000,00|
|19/07/2021|R|720.000,00|750.000,00|752.000,00|720.000,00|12|9.641|6.945.254.000,00|
|20/07/2021|R|750.000,00|752.000,00|752.000,00|730.000,00|16|15.067|11.319.321.000,00|
|21/07/2021|R|752.000,00|700.000,00|750.000,00|700.000,00|4|361|254.750.000,00|
|22/07/2021|R|700.000,00|700.000,00|700.000,00|700.000,00|4|403|282.100.000,00|
|23/07/2021|R|700.000,00|780.000,00|780.000,00|750.000,00|6|1.017|780.050.000,00|
|26/07/2021|R|780.000,00|760.000,00|780.000,00|759.000,00|11|26.824|20.393.845.000,00|
|27/07/2021|R|760.000,00|780.000,00|780.000,00|780.000,00|7|727|566.670.000,00|
|28/07/2021|R|780.000,00|785.000,00|785.000,00|780.000,00|5|902|703.660.000,00|
|30/07/2021|R|785.000,00|750.000,00|785.000,00|750.000,00|2|110|82.850.000,00|
|02/08/2021|R|750.000,00|750.000,00|750.000,00|750.000,00|2|493|369.750.000,00|
|03/08/2021|R|750.000,00|750.000,00|750.000,00|750.000,00|1|9|6.750.000,00|
|04/08/2021|R|750.000,00|745.000,00|750.000,00|745.000,00|6|1.216|910.245.000,00|
|05/08/2021|R|745.000,00|750.000,00|750.000,00|725.000,00|7|3.240|2.399.979.950,00|
|06/08/2021|R|750.000,00|750.000,00|750.000,00|750.000,00|5|406|304.500.000,00|
|09/08/2021|R|750.000,00|745.000,00|745.000,00|745.000,00|1|10|7.450.000,00|
|10/08/2021|R|745.000,00|740.000,00|750.000,00|740.000,00|7|532|394.180.000,00|
|11/08/2021|R|740.000,00|740.000,00|750.000,00|740.000,00|4|2.491|1.848.480.000,00|
|12/08/2021|R|740.000,00|740.000,00|740.000,00|740.000,00|2|100|74.000.000,00|
|13/08/2021|R|740.000,00|750.000,00|750.000,00|740.000,00|5|3.187|2.359.160.000,00|
|16/08/2021|R|750.000,00|750.000,00|750.000,00|750.000,00|1|1|750.000,00|
|17/08/2021|R|750.000,00|740.000,00|740.000,00|740.000,00|10|6.610|4.891.400.000,00|
|18/08/2021|R|740.000,00|769.990,00|770.000,00|740.000,00|4|1.143|858.449.500,00|
|19/08/2021|R|769.990,00|800.000,00|800.000,00|770.000,00|11|7.910|6.233.525.000,00|
|20/08/2021|R|800.000,00|825.000,00|840.000,00|825.000,00|5|1.548|1.277.295.000,00|










 















































