    

|09/01/2013|R|6,50|6,50|6,50|6,50|1|300|1.950,00|
|15/01/2013|R|6,50|6,50|6,50|6,50|1|700|4.550,00|
|23/05/2014|R|6,50|6,50|6,50|6,50|1|100|650,00|
|29/05/2014|R|6,50|6,50|7,49|7,49|2|145|1.086,05|
|30/05/2014|R|6,50|7,49|7,49|7,49|1|723|5.415,27|
|03/06/2014|R|7,49|8,50|8,50|8,50|2|1.642|13.636,00|
|20/08/2014|R|8,50|8,50|0,00|0,00|1|100|1.019,00|
|11/09/2014|R|8,50|8,50|10,19|10,19|1|200|2.038,00|
|15/09/2014|R|8,50|8,50|0,00|0,00|1|2.740|27.948,00|
|31/10/2014|R|8,50|10,20|10,20|10,20|1|300|3.060,00|
|20/11/2014|R|10,20|10,20|0,00|0,00|1|45|495,00|
|26/11/2014|R|10,20|12,23|12,23|12,23|1|7.000|85.610,00|
|28/11/2014|R|12,23|13,00|13,00|13,00|1|600|7.800,00|
|23/01/2015|R|13,00|15,60|18,71|15,60|2|177|3.000,67|
|31/03/2015|R|15,60|12,51|12,51|12,51|1|500|6.255,00|
|04/06/2015|R|12,51|18,00|18,00|18,00|1|7.000|126.000,00|
|17/06/2015|R|18,00|21,55|21,55|21,55|1|300|6.465,00|
|08/07/2015|R|21,55|25,86|25,86|25,86|1|142|3.672,12|
|10/08/2015|R|25,86|20,70|28,00|20,70|2|290|7.025,00|
|14/08/2015|R|20,70|24,80|24,80|24,80|1|345|8.556,00|
|16/10/2015|R|24,80|29,75|29,75|29,75|1|1.000|29.750,00|
|17/11/2015|R|29,75|35,69|35,69|35,69|1|500|17.845,00|
|23/11/2015|R|35,69|41,50|41,50|41,50|1|1.000|41.500,00|
|26/11/2015|R|41,50|49,79|49,79|49,79|1|1.500|74.685,00|
|27/11/2015|R|49,79|59,00|59,00|50,00|2|3.820|222.500,00|
|04/12/2015|R|59,00|67,01|67,01|67,01|1|3.500|234.535,00|
|08/12/2015|R|67,01|80,35|80,35|80,35|1|1.000|80.350,00|
|10/12/2015|R|80,35|96,40|96,40|96,40|1|3.500|337.400,00|
|21/12/2015|R|96,40|115,00|115,00|115,00|2|2.652|304.980,00|
|04/01/2016|R|115,00|115,00|137,50|137,50|1|15|2.062,50|
|06/01/2016|R|115,00|115,00|0,00|0,00|1|830|114.125,00|
|13/01/2016|R|115,00|115,00|0,00|0,00|1|500|68.875,00|
|14/01/2016|R|115,00|137,99|137,99|137,99|1|83|11.453,17|
|18/01/2016|R|137,99|165,49|165,49|165,49|1|100|16.549,00|
|21/01/2016|R|165,49|198,57|198,57|198,57|1|100|19.857,00|
|25/01/2016|R|198,57|238,27|238,27|238,27|1|50|11.913,50|
|26/01/2016|R|238,27|285,91|285,91|285,91|1|40|11.436,40|
|28/01/2016|R|285,91|411,69|411,69|343,09|3|90|34.207,70|
|29/01/2016|R|411,69|480,00|480,00|480,00|1|40|19.200,00|
|01/02/2016|R|480,00|514,00|514,00|514,00|2|1.000|514.000,00|
|03/02/2016|R|514,00|605,00|605,00|605,00|1|18|10.890,00|
|04/02/2016|R|605,00|605,00|0,00|0,00|1|25|15.125,00|
|05/02/2016|R|605,00|685,00|690,00|685,00|3|145|99.350,00|
|10/02/2016|R|685,00|690,00|690,00|690,00|1|15|10.350,00|
|15/02/2016|R|690,00|820,00|825,00|800,00|3|50|40.525,00|
|16/02/2016|R|820,00|983,95|983,95|983,95|1|45|44.277,75|
|19/02/2016|R|983,95|1.020,00|1.020,00|1.020,00|2|15|15.300,00|
|29/02/2016|R|1.020,00|1.020,00|0,00|0,00|1|10|10.200,00|
|13/05/2016|R|1.020,00|1.045,00|1.045,00|1.045,00|1|15|15.675,00|
|19/08/2016|R|1.045,00|1.253,00|1.253,00|1.253,00|1|30|37.590,00|
|22/09/2016|R|1.253,00|1.253,00|1.250,00|1.250,00|1|2|2.500,00|
|01/12/2016|R|1.253,00|1.050,00|1.050,00|1.050,00|1|500|525.000,00|
|02/12/2016|R|1.050,00|1.050,00|1.040,00|1.040,00|1|8|8.320,00|
|29/12/2016|R|1.050,00|1.000,00|1.000,00|1.000,00|1|50|50.000,00|
|03/01/2017|R|1.000,00|1.195,00|1.195,00|1.195,00|1|12|14.340,00|
|02/02/2017|R|1.195,00|1.195,00|0,00|0,00|1|10|14.250,00|
|10/03/2017|R|1.195,00|1.000,00|1.000,00|1.000,00|1|300|300.000,00|
|21/03/2017|R|1.000,00|801,00|801,00|801,00|1|500|400.500,00|
|23/03/2017|R|801,00|520,00|640,80|520,00|3|800|428.080,00|
|24/03/2017|R|520,00|416,00|416,00|416,00|1|900|374.400,00|
|30/03/2017|R|416,00|499,00|499,00|390,00|2|1.020|399.980,00|
|06/04/2017|R|499,00|400,25|400,25|400,25|1|500|200.125,00|
|12/04/2017|R|400,25|400,00|400,00|400,00|3|1.550|624.000,00|
|18/04/2017|R|400,00|480,00|480,00|480,00|1|60|28.800,00|
|21/04/2017|R|480,00|400,00|400,00|400,00|1|1.000|400.000,00|
|26/04/2017|R|400,00|400,00|0,00|0,00|1|440|211.200,00|
|12/05/2017|R|400,00|605,00|605,00|480,00|3|40|22.368,00|
|16/05/2017|R|605,00|871,15|871,15|726,00|2|35|28.313,00|
|26/05/2017|R|871,15|871,15|0,00|0,00|1|150|156.750,00|
|02/06/2017|R|871,15|900,00|900,00|900,00|1|200|180.000,00|
|12/06/2017|R|900,00|1.079,80|1.079,80|1.079,80|1|125|134.975,00|
|28/06/2017|R|1.079,80|1.100,00|1.100,00|1.100,00|1|200|220.000,00|
|18/07/2017|R|1.100,00|1.100,00|1.100,00|1.100,00|1|2|2.200,00|
|25/07/2017|R|1.100,00|1.050,00|1.150,00|1.050,00|3|1.505|1.580.750,00|
|02/08/2017|R|1.050,00|1.050,00|1.050,00|1.050,00|1|2.000|2.100.000,00|
|04/08/2017|R|1.050,00|1.259,99|1.259,99|1.200,00|3|1.355|1.647.291,50|
|08/08/2017|R|1.259,99|1.200,00|1.200,00|1.200,00|1|2.000|2.400.000,00|
|11/08/2017|R|1.200,00|1.250,00|1.250,00|1.250,00|1|500|625.000,00|
|05/09/2017|R|1.250,00|1.300,00|1.300,00|1.300,00|1|1.500|1.950.000,00|
|07/09/2017|R|1.300,00|1.300,00|1.280,00|1.280,00|1|45|57.600,00|
|08/09/2017|R|1.300,00|1.300,00|1.300,00|1.300,00|1|300|390.000,00|
|13/09/2017|R|1.300,00|1.300,00|1.300,00|1.300,00|1|700|910.000,00|
|14/09/2017|R|1.300,00|1.550,00|1.550,00|1.499,00|2|600|914.700,00|
|29/09/2017|R|1.550,00|1.850,00|1.855,00|1.850,00|2|3.300|6.120.000,00|
|05/10/2017|R|1.850,00|2.200,00|2.200,00|2.100,00|3|1.340|2.844.000,00|
|11/10/2017|R|2.200,00|2.200,00|2.550,00|2.550,00|1|3|7.650,00|
|13/10/2017|R|2.200,00|2.600,00|2.600,00|2.550,00|2|432|1.121.600,00|
|17/10/2017|R|2.600,00|2.600,00|2.600,00|2.600,00|1|1.000|2.600.000,00|
|23/10/2017|R|2.600,00|2.600,00|2.600,00|2.600,00|1|25|65.000,00|
|26/10/2017|R|2.600,00|2.795,00|2.798,00|2.795,00|2|305|852.490,00|
|27/10/2017|R|2.795,00|2.650,00|2.650,00|2.650,00|1|200|530.000,00|
|01/11/2017|R|2.650,00|2.640,00|2.640,00|2.640,00|3|490|1.248.400,00|
|07/11/2017|R|2.640,00|2.648,00|2.648,00|2.648,00|1|230|609.040,00|
|23/11/2017|R|2.648,00|2.600,00|2.600,00|2.600,00|1|2.000|5.200.000,00|
|24/11/2017|R|2.600,00|2.600,00|0,00|0,00|1|1.642|3.940.800,00|
|30/11/2017|R|2.600,00|2.400,00|2.400,00|2.400,00|1|1.000|2.400.000,00|
|05/12/2017|R|2.400,00|2.400,00|2.400,00|2.400,00|3|10.800|25.920.000,00|
|07/12/2017|R|2.400,00|2.850,00|2.850,00|2.850,00|1|100|285.000,00|
|08/12/2017|R|2.850,00|2.880,00|2.880,00|2.880,00|1|1.330|3.830.400,00|
|19/12/2017|R|2.880,00|2.305,00|2.305,00|2.305,00|1|1.500|3.457.500,00|
|10/01/2018|R|2.305,00|2.700,00|2.700,00|2.700,00|1|3.000|8.100.000,00|
|11/01/2018|R|2.700,00|2.766,00|2.766,00|2.766,00|1|100|276.600,00|
|18/01/2018|R|2.766,00|3.319,00|3.319,00|3.319,00|1|200|663.800,00|
|19/01/2018|R|3.319,00|3.982,79|3.982,79|3.319,20|2|300|1.062.119,00|
|22/01/2018|R|3.982,79|4.770,00|4.770,00|4.770,00|1|52|248.040,00|
|24/01/2018|R|4.770,00|4.770,00|4.770,00|4.770,00|1|20|95.400,00|
|26/01/2018|R|4.770,00|4.770,00|4.770,00|4.770,00|1|33|157.410,00|
|29/01/2018|R|4.770,00|4.770,00|0,00|0,00|1|3.000|14.310.000,00|
|20/02/2018|R|4.770,00|4.700,00|4.700,00|4.700,00|1|100|470.000,00|
|21/02/2018|R|4.700,00|4.770,00|4.770,00|4.770,00|1|15|71.550,00|
|22/02/2018|R|4.770,00|4.770,00|4.770,00|4.770,00|1|100|477.000,00|
|23/02/2018|R|4.770,00|4.770,00|4.770,00|4.770,00|1|40|190.800,00|
|26/02/2018|R|4.770,00|4.770,00|4.770,00|4.760,00|2|670|3.190.200,00|
|27/02/2018|R|4.770,00|5.700,00|5.700,00|5.700,00|1|500|2.850.000,00|
|01/03/2018|R|5.700,00|6.800,00|6.800,00|6.800,00|1|50|340.000,00|
|02/03/2018|R|6.800,00|6.790,00|6.800,00|6.790,00|3|1.040|7.062.000,00|
|09/03/2018|R|6.790,00|8.148,00|8.148,00|8.147,00|2|600|4.888.300,00|
|13/03/2018|R|8.148,00|9.777,60|9.777,60|9.777,60|2|800|7.821.660,00|
|14/03/2018|R|9.777,60|9.777,60|0,00|0,00|1|200|2.200.000,00|
|16/03/2018|R|9.777,60|11.733,11|11.733,11|11.733,11|1|50|586.655,50|
|05/04/2018|R|11.733,11|14.000,00|14.000,00|14.000,00|2|270|3.780.000,00|
|10/04/2018|R|14.000,00|16.799,00|16.799,00|16.799,00|1|6|100.794,00|
|11/04/2018|R|16.799,00|20.158,79|20.158,79|20.158,79|1|50|1.007.939,50|
|12/04/2018|R|20.158,79|24.000,00|24.000,00|24.000,00|1|4|96.000,00|
|13/04/2018|R|24.000,00|28.600,00|28.650,00|28.600,00|4|220|6.298.000,00|
|17/04/2018|R|28.600,00|34.000,00|34.000,00|34.000,00|1|590|20.060.000,00|
|18/04/2018|R|34.000,00|40.000,00|40.000,00|40.000,00|3|24|960.000,00|
|20/04/2018|R|40.000,00|40.000,00|40.000,00|40.000,00|1|162|6.480.000,00|
|27/04/2018|R|40.000,00|47.998,00|47.998,00|47.998,00|1|8|383.984,00|
|07/05/2018|R|47.998,00|46.000,00|46.000,00|46.000,00|1|20|920.000,00|
|11/05/2018|R|46.000,00|40.000,00|40.000,00|40.000,00|1|410|16.400.000,00|
|16/05/2018|R|40.000,00|48.000,00|48.000,00|48.000,00|1|200|9.600.000,00|
|18/05/2018|R|48.000,00|48.000,00|48.000,00|48.000,00|2|8.000|384.000.000,00|
|05/06/2018|R|48.000,00|48.000,00|48.000,00|48.000,00|1|1.014|48.672.000,00|
|14/06/2018|R|48.000,00|57.500,00|57.500,00|48.100,00|2|150|7.685.000,00|
|20/06/2018|R|57.500,00|67.980,00|67.980,00|67.980,00|1|70|4.758.600,00|
|25/06/2018|R|67.980,00|81.450,00|81.450,00|81.450,00|2|12|977.400,00|
|06/07/2018|R|81.450,00|97.500,00|97.500,00|97.500,00|2|9.416|767.125.800,00|
|10/07/2018|R|97.500,00|116.500,00|116.500,00|116.000,00|3|404|46.866.000,00|
|11/07/2018|R|116.500,00|130.000,00|130.000,00|130.000,00|2|31|4.030.000,00|
|12/07/2018|R|130.000,00|150.000,00|155.000,00|150.000,00|3|57|8.675.000,00|
|18/07/2018|R|150.000,00|180.000,00|180.000,00|180.000,00|1|1|180.000,00|
|03/08/2018|R|180.000,00|175.000,00|175.000,00|175.000,00|1|50|8.750.000,00|
|07/08/2018|R|175.000,00|200.000,00|200.000,00|200.000,00|1|3.000|600.000.000,00|
|13/08/2018|R|200.000,00|199.000,00|199.000,00|199.000,00|1|10|1.990.000,00|
|14/08/2018|R|199.000,00|200.000,00|200.000,00|200.000,00|1|3.000|600.000.000,00|
|27/08/2018|R|2,00|2,30|2,30|2,30|1|90|207,00|
|28/08/2018|R|2,30|2,00|2,00|2,00|1|25|50,00|
|30/08/2018|R|2,00|2,40|2,40|2,40|1|50|120,00|
|05/09/2018|R|2,40|2,60|2,60|2,60|1|2|5,20|
|07/09/2018|R|2,60|2,88|2,88|2,88|1|100|288,00|
|13/09/2018|R|2,88|3,44|3,44|3,44|3|56|192,64|
|14/09/2018|R|3,44|3,45|3,45|3,45|1|78|269,10|
|19/09/2018|R|3,45|4,14|4,14|4,14|1|150|621,00|
|20/09/2018|R|4,14|4,96|4,96|4,96|1|16|79,36|
|21/09/2018|R|4,96|4,96|4,96|4,96|2|200|998,64|
|25/09/2018|R|4,96|5,94|5,94|5,94|2|204|1.211,76|
|26/09/2018|R|5,94|5,94|5,94|5,94|1|1|5,94|
|28/09/2018|R|5,94|5,95|5,95|5,95|1|50|297,50|
|02/10/2018|R|5,95|7,13|7,13|7,13|2|199|1.418,87|
|03/10/2018|R|7,13|8,54|8,54|8,54|3|121|1.033,34|
|09/10/2018|R|8,54|8,50|8,50|8,50|1|1.000|8.500,00|
|10/10/2018|R|8,50|8,50|8,50|8,50|1|1.000|8.500,00|
|11/10/2018|R|8,50|8,50|8,50|8,50|1|1.000|8.500,00|
|02/11/2018|R|8,50|10,20|10,20|10,10|3|210|2.122,00|
|13/11/2018|R|10,20|12,23|12,23|12,23|1|5|61,15|
|14/11/2018|R|12,23|12,25|12,25|12,25|1|140|1.715,00|
|15/11/2018|R|12,25|14,70|14,70|14,66|2|24|352,64|
|16/11/2018|R|14,70|17,64|17,64|17,64|1|8|141,12|
|19/11/2018|R|17,64|17,64|17,64|17,64|1|192|3.386,88|
|20/11/2018|R|17,64|21,00|21,00|21,00|1|3|63,00|
|21/11/2018|R|21,00|20,00|21,15|20,00|3|389|7.784,60|
|22/11/2018|R|20,00|23,99|23,99|23,99|1|9|215,91|
|28/11/2018|R|23,99|24,00|24,00|24,00|1|500|12.000,00|
|29/11/2018|R|24,00|28,00|28,00|28,00|1|15|420,00|
|03/12/2018|R|28,00|33,59|33,59|33,59|1|9|302,31|
|04/12/2018|R|33,59|40,25|40,25|40,25|1|5|201,25|
|05/12/2018|R|40,25|48,29|48,29|48,00|2|15|722,03|
|06/12/2018|R|48,29|57,90|57,93|57,90|2|90|5.211,15|
|07/12/2018|R|57,90|65,00|65,00|65,00|1|5|325,00|
|10/12/2018|R|65,00|70,00|70,00|70,00|3|86|6.020,00|
|11/12/2018|R|70,00|70,00|70,00|70,00|1|5|350,00|
|14/12/2018|R|70,00|60,00|60,00|60,00|1|61|3.660,00|
|20/12/2018|R|60,00|72,00|72,00|72,00|1|10|720,00|
|21/12/2018|R|72,00|86,39|86,39|72,00|2|105|8.207,55|
|26/12/2018|R|86,39|100,00|100,00|100,00|1|5|500,00|
|27/12/2018|R|100,00|120,00|120,00|120,00|1|15|1.800,00|
|28/12/2018|R|120,00|143,00|143,00|143,00|1|20|2.860,00|
|02/01/2019|R|143,00|160,00|160,00|160,00|1|19|3.040,00|
|07/01/2019|R|160,00|191,99|191,99|191,99|1|15|2.879,85|
|08/01/2019|R|191,99|230,00|230,00|230,00|1|20|4.600,00|
|10/01/2019|R|230,00|275,99|275,99|275,99|1|10|2.759,90|
|11/01/2019|R|275,99|275,99|0,00|0,00|1|105|28.978,95|
|16/01/2019|R|275,99|330,00|330,00|300,00|4|530|159.900,00|
|17/01/2019|R|330,00|395,94|395,94|395,94|1|10|3.959,40|
|22/01/2019|R|395,94|396,00|430,00|396,00|3|178|70.522,00|
|28/01/2019|R|396,00|430,00|430,00|430,00|2|173|74.390,00|
|29/01/2019|R|430,00|515,99|515,99|515,99|1|10|5.159,90|
|31/01/2019|R|515,99|619,17|619,17|617,00|2|350|216.601,00|
|01/02/2019|R|619,17|670,00|670,00|670,00|2|55|36.850,00|
|05/02/2019|R|670,00|845,00|845,00|803,00|9|449|373.459,00|
|06/02/2019|R|845,00|1.200,00|1.200,00|1.014,00|7|250|280.700,00|
|07/02/2019|R|1.200,00|1.440,00|1.440,00|1.435,00|5|1.050|1.507.000,00|
|08/02/2019|R|1.440,00|1.728,00|1.728,00|1.727,00|2|19|32.822,00|
|11/02/2019|R|1.728,00|2.000,00|2.000,00|2.000,00|3|50|100.000,00|
|12/02/2019|R|2.000,00|1.900,00|2.399,00|1.900,00|2|11|21.399,00|
|14/02/2019|R|1.900,00|1.840,00|1.900,00|1.840,00|3|122|225.200,00|
|15/02/2019|R|1.840,00|2.100,00|2.100,00|2.000,00|3|195|390.500,00|
|19/02/2019|R|2.100,00|2.200,00|2.200,00|2.200,00|3|45|99.000,00|
|21/02/2019|R|2.200,00|2.445,00|2.445,00|2.300,00|5|250|587.250,00|
|22/02/2019|R|2.445,00|2.900,00|2.900,00|2.650,00|2|110|316.500,00|
|25/02/2019|R|2.900,00|3.480,00|3.480,00|3.450,00|4|50|173.090,00|
|26/02/2019|R|3.480,00|3.500,00|3.500,00|3.500,00|1|30|105.000,00|
|27/02/2019|R|3.500,00|5.000,00|5.000,00|4.199,00|4|69|328.990,00|
|06/03/2019|R|5.000,00|6.500,00|7.199,00|6.000,00|12|321|1.960.995,00|
|07/03/2019|R|6.500,00|6.400,00|6.500,00|5.201,00|3|30|191.301,00|
|14/03/2019|R|6.400,00|6.100,00|6.350,00|6.000,00|5|75|458.900,00|
|15/03/2019|R|6.100,00|6.000,00|6.100,00|6.000,00|3|60|361.000,00|
|18/03/2019|R|6.000,00|4.800,00|4.800,00|4.800,00|1|4|19.200,00|
|20/03/2019|R|4.800,00|4.700,00|5.759,55|4.700,00|5|217|1.077.912,35|
|21/03/2019|R|4.700,00|5.100,00|5.100,00|5.100,00|2|34|171.150,00|
|25/03/2019|R|5.100,00|6.119,99|6.119,99|5.100,00|6|100|551.359,97|
|29/03/2019|R|6.119,99|6.480,00|6.500,00|6.480,00|5|44|285.500,00|
|01/04/2019|R|6.480,00|6.000,00|6.000,00|6.000,00|1|10|60.000,00|
|04/04/2019|R|6.000,00|5.500,00|5.500,00|5.500,00|1|75|412.500,00|
|05/04/2019|R|5.500,00|5.600,00|5.600,00|5.600,00|3|7.500|42.000.000,00|
|08/04/2019|R|5.600,00|5.100,00|5.100,00|4.480,01|2|225|1.023.502,00|
|09/04/2019|R|5.100,00|5.000,00|5.000,00|5.000,00|1|13|65.000,00|
|10/04/2019|R|5.000,00|5.000,00|5.000,00|5.000,00|2|55|275.000,00|
|12/04/2019|R|5.000,00|5.000,00|5.450,00|5.000,00|2|12|64.500,00|
|22/04/2019|R|5.000,00|4.980,00|4.980,00|4.900,00|6|174|856.170,00|
|23/04/2019|R|4.980,00|4.840,00|4.980,00|4.840,00|5|14|69.180,00|
|24/04/2019|R|4.840,00|4.825,00|4.900,00|4.825,00|4|105|511.450,00|
|25/04/2019|R|4.825,00|4.800,00|4.800,00|4.800,00|1|10|48.000,00|
|26/04/2019|R|4.800,00|4.750,00|4.800,00|4.750,00|2|120|573.000,00|
|29/04/2019|R|4.750,00|5.699,00|5.699,00|5.000,00|2|10|55.592,00|
|02/05/2019|R|5.699,00|5.600,00|5.600,00|5.470,00|5|175|968.950,00|
|03/05/2019|R|5.600,00|6.470,00|6.470,00|6.470,00|2|2|12.940,00|
|08/05/2019|R|6.198,00|6.000,00|6.000,00|6.000,00|1|8|48.000,00|
|14/05/2019|R|6.000,00|6.000,00|6.000,00|6.000,00|3|34|204.000,00|
|17/05/2019|R|6.000,00|6.000,00|6.000,00|6.000,00|1|10|60.000,00|
|27/05/2019|R|5.790,00|5.600,00|5.842,00|5.600,00|2|21|121.230,00|
|29/05/2019|R|5.600,00|5.500,00|5.500,00|5.500,00|1|20|110.000,00|
|31/05/2019|R|5.500,00|5.000,00|5.000,00|5.000,00|1|500|2.500.000,00|
|04/06/2019|R|5.000,00|5.000,00|5.000,00|5.000,00|2|130|650.000,00|
|06/06/2019|R|5.000,00|5.290,00|5.290,00|5.010,00|2|54|275.860,00|
|07/06/2019|R|5.290,00|5.449,00|5.450,00|5.449,00|2|57|310.598,00|
|13/06/2019|R|5.449,00|5.400,00|5.400,00|5.200,00|4|662|3.570.800,00|
|14/06/2019|R|5.400,00|4.350,00|4.350,00|4.350,00|1|89|387.150,00|
|21/06/2019|R|4.350,00|5.219,97|5.219,97|4.950,00|2|13|65.699,85|
|25/06/2019|R|5.219,97|5.000,00|5.000,00|5.000,00|1|12|60.000,00|
|26/06/2019|R|5.000,00|4.980,00|5.000,00|4.980,00|2|25|124.800,00|
|01/07/2019|R|4.980,00|5.000,00|5.100,00|5.000,00|6|253|1.265.100,00|
|02/07/2019|R|5.000,00|4.980,00|4.980,00|4.980,00|3|32|159.360,00|
|04/07/2019|R|4.980,00|4.950,00|4.950,00|4.950,00|1|100|495.000,00|
|08/07/2019|R|4.950,00|4.950,00|4.980,00|4.980,00|1|2|9.960,00|
|09/07/2019|R|4.950,00|5.100,00|5.100,00|5.100,00|1|6|30.600,00|
|15/07/2019|R|5.100,00|4.950,00|4.950,00|4.950,00|1|400|1.980.000,00|
|16/07/2019|R|4.950,00|4.950,00|4.950,00|4.950,00|1|3|14.850,00|
|17/07/2019|R|4.950,00|4.950,00|4.950,00|4.950,00|1|1|4.950,00|
|18/07/2019|R|4.950,00|4.950,00|4.950,00|4.950,00|2|55|272.250,00|
|19/07/2019|R|4.950,00|4.945,00|4.945,00|4.945,00|1|10|49.450,00|
|22/07/2019|R|4.945,00|5.500,00|5.500,00|4.920,00|5|667|3.465.750,00|
|25/07/2019|R|5.500,00|5.399,99|5.500,00|5.399,99|2|196|1.059.998,20|
|31/07/2019|R|5.399,99|4.980,00|4.980,00|4.980,00|1|10|49.800,00|
|01/08/2019|R|4.980,00|5.000,00|5.000,00|5.000,00|1|520|2.600.000,00|
|02/08/2019|R|5.000,00|5.000,00|5.000,00|5.000,00|4|260|1.295.000,00|
|06/08/2019|R|5.000,00|5.100,00|5.100,00|4.900,00|2|135|668.500,00|
|12/08/2019|R|5.100,00|5.100,00|5.100,00|5.100,00|2|103|525.300,00|
|13/08/2019|R|5.100,00|5.100,00|5.100,00|5.100,00|1|3|15.300,00|
|14/08/2019|R|5.100,00|5.100,00|5.100,00|5.100,00|6|3.579|18.252.900,00|
|16/08/2019|R|5.100,00|5.100,00|5.100,00|5.100,00|1|247|1.259.700,00|
|20/08/2019|R|5.100,00|5.800,00|5.800,00|5.100,00|5|145|751.518,00|
|21/08/2019|R|5.800,00|6.600,00|6.600,00|6.600,00|2|50|330.000,00|
|22/08/2019|R|6.600,00|6.600,00|6.600,00|6.600,00|1|20|132.000,00|
|23/08/2019|R|6.600,00|5.281,00|6.600,00|5.281,00|4|114|733.934,00|
|26/08/2019|R|5.281,00|5.500,00|5.500,00|5.500,00|1|10|55.000,00|
|27/08/2019|R|5.500,00|5.600,00|5.600,00|5.600,00|1|10|56.000,00|
|28/08/2019|R|5.600,00|5.800,00|5.800,00|5.800,00|1|10|58.000,00|
|29/08/2019|R|5.800,00|6.000,00|6.000,00|6.000,00|4|822|4.932.000,00|
|30/08/2019|R|6.000,00|6.300,00|6.300,00|6.300,00|1|10|63.000,00|
|02/09/2019|R|6.300,00|7.559,97|7.559,97|7.559,97|1|49|370.438,53|
|03/09/2019|R|7.559,97|6.410,00|8.500,00|6.410,00|4|160|1.218.350,00|
|05/09/2019|R|6.410,00|6.410,00|7.690,00|7.690,00|1|3|23.070,00|
|06/09/2019|R|6.410,00|6.410,00|7.691,99|7.691,99|1|1|7.691,99|
|09/09/2019|R|6.410,00|6.500,00|6.500,00|6.500,00|1|15|97.500,00|
|11/09/2019|R|6.500,00|6.500,00|7.000,00|6.500,00|3|1.031|6.706.500,00|
|12/09/2019|R|6.500,00|7.795,00|7.795,00|7.795,00|2|40|311.800,00|
|24/09/2019|R|7.795,00|7.500,00|7.500,00|7.500,00|1|25|187.500,00|
|26/09/2019|R|7.500,00|8.500,00|8.500,00|8.500,00|1|7|59.500,00|
|04/10/2019|R|8.500,00|8.550,00|8.550,00|8.550,00|3|63|538.650,00|
|07/10/2019|R|8.550,00|8.550,00|8.550,00|8.550,00|3|108|923.400,00|
|09/10/2019|R|8.550,00|10.259,50|10.259,50|10.259,50|2|8|82.076,00|
|14/10/2019|R|10.259,50|10.255,00|10.255,00|10.250,00|2|30|307.635,00|
|16/10/2019|R|10.255,00|10.225,00|10.255,00|10.225,00|2|299|3.065.345,00|
|21/10/2019|R|10.225,00|10.225,00|10.225,00|10.225,00|1|2|20.450,00|
|24/10/2019|R|10.225,00|12.000,00|12.000,00|10.225,00|4|147|1.680.575,00|
|25/10/2019|R|12.000,00|12.000,00|12.000,00|12.000,00|1|20|240.000,00|
|28/10/2019|R|12.000,00|12.000,00|12.000,00|12.000,00|1|3|36.000,00|
|29/10/2019|R|12.000,00|12.000,00|12.000,00|12.000,00|2|42|504.000,00|
|30/10/2019|R|12.000,00|12.000,00|12.000,00|11.999,99|2|40|479.999,85|
|31/10/2019|R|12.000,00|12.000,00|12.000,00|12.000,00|1|4|48.000,00|
|01/11/2019|R|12.000,00|12.000,00|12.000,00|12.000,00|1|2|24.000,00|
|13/11/2019|R|12.000,00|12.000,00|12.000,00|12.000,00|2|23|276.000,00|
|18/11/2019|R|12.000,00|12.000,00|12.000,00|12.000,00|2|75|900.000,00|
|19/11/2019|R|12.000,00|12.000,00|12.100,00|12.000,00|4|43|516.500,00|
|27/11/2019|R|12.000,00|11.500,00|12.000,00|11.500,00|4|240|2.770.000,00|
|03/12/2019|R|11.500,00|11.500,00|9.201,00|9.201,00|1|1|9.201,00|
|04/12/2019|R|11.500,00|11.500,00|11.500,00|11.000,00|2|150|1.655.000,00|
|06/12/2019|R|11.500,00|12.000,00|12.000,00|12.000,00|2|66|792.000,00|
|10/12/2019|R|12.000,00|11.900,00|11.900,00|10.800,00|2|282|3.047.800,00|
|19/12/2019|R|11.900,00|11.900,00|11.900,00|11.900,00|1|345|4.105.500,00|
|23/12/2019|R|11.900,00|14.279,99|14.279,99|14.279,99|2|100|1.427.999,00|
|03/01/2020|R|14.279,99|14.280,00|14.280,00|14.280,00|3|30|428.400,00|
|08/01/2020|R|14.280,00|14.280,00|14.280,00|14.280,00|1|7|99.960,00|
|16/01/2020|R|14.280,00|15.000,00|15.000,00|14.280,00|3|96|1.406.880,00|
|22/01/2020|R|15.000,00|12.150,00|12.150,00|12.150,00|1|100|1.215.000,00|
|27/01/2020|R|12.150,00|12.150,00|0,00|0,00|1|560|6.804.000,00|
|28/01/2020|R|12.150,00|14.580,00|14.580,00|14.580,00|1|20|291.600,00|
|11/02/2020|R|14.580,00|16.500,00|16.500,00|16.500,00|1|100|1.650.000,00|
|12/02/2020|R|16.500,00|17.000,00|17.000,00|17.000,00|1|20|340.000,00|
|17/02/2020|R|17.000,00|17.000,00|17.000,00|17.000,00|1|10|170.000,00|
|27/02/2020|R|17.000,00|20.399,00|20.399,00|20.399,00|2|12|244.788,00|
|12/03/2020|R|20.399,00|20.200,00|20.200,00|20.200,00|2|50|1.010.000,00|
|31/03/2020|R|20.200,00|24.239,00|24.239,00|24.239,00|1|13|315.107,00|
|01/04/2020|R|24.239,00|24.200,00|24.200,00|24.200,00|1|2|48.400,00|
|02/04/2020|R|24.200,00|29.039,00|29.039,00|24.100,00|4|145|3.571.585,00|
|03/04/2020|R|29.039,00|25.000,00|25.000,00|25.000,00|1|500|12.500.000,00|
|06/04/2020|R|25.000,00|29.999,97|29.999,97|29.999,97|1|25|749.999,25|
|08/04/2020|R|29.999,97|35.999,95|35.999,95|35.999,95|1|108|3.887.994,60|
|14/04/2020|R|35.999,95|40.000,00|40.000,00|40.000,00|1|25|1.000.000,00|
|16/04/2020|R|40.000,00|45.000,00|45.000,00|45.000,00|1|50|2.250.000,00|
|17/04/2020|R|45.000,00|50.000,00|50.000,00|45.000,00|2|141|6.815.000,00|
|20/04/2020|R|50.000,00|50.000,00|50.000,00|50.000,00|1|200|10.000.000,00|
|06/05/2020|R|50.000,00|59.999,97|59.999,97|59.999,97|1|1|59.999,97|
|12/05/2020|R|59.999,97|59.000,00|59.000,00|59.000,00|1|6|354.000,00|
|13/05/2020|R|59.000,00|55.000,00|55.000,00|55.000,00|1|3|165.000,00|
|26/05/2020|R|55.000,00|65.000,00|65.000,00|65.000,00|1|5|325.000,00|
|28/05/2020|R|65.000,00|60.000,00|60.000,00|60.000,00|1|55|3.300.000,00|
|10/06/2020|R|60.000,00|71.999,99|71.999,99|71.999,99|1|1|71.999,99|
|11/06/2020|R|71.999,99|75.000,00|75.000,00|75.000,00|1|3|225.000,00|
|19/06/2020|R|75.000,00|70.000,00|70.000,00|70.000,00|2|343|24.010.000,00|
|23/06/2020|R|70.000,00|75.000,00|75.000,00|60.000,00|2|128|7.800.000,00|
|26/06/2020|R|75.000,00|72.500,00|72.500,00|72.500,00|3|29|2.102.500,00|
|07/07/2020|R|72.500,00|72.500,00|72.500,00|72.500,00|1|4|290.000,00|
|21/07/2020|R|72.500,00|72.500,00|72.500,00|72.500,00|1|2|145.000,00|
|27/07/2020|R|72.500,00|72.500,00|72.500,00|72.500,00|1|5|362.500,00|
|28/07/2020|R|72.500,00|72.500,00|72.500,00|72.500,00|1|6|435.000,00|
|30/07/2020|R|72.500,00|72.000,00|72.000,00|72.000,00|4|1.400|100.800.000,00|
|31/07/2020|R|72.000,00|72.500,00|72.500,00|72.500,00|1|10|725.000,00|
|03/08/2020|R|72.500,00|72.500,00|85.000,00|72.500,00|2|381|27.635.000,00|
|04/08/2020|R|72.500,00|76.000,00|76.000,00|76.000,00|3|1.363|103.588.000,00|
|05/08/2020|R|76.000,00|76.000,00|76.000,00|76.000,00|1|20|1.520.000,00|
|07/08/2020|R|76.000,00|76.000,00|91.199,00|91.199,00|1|1|91.199,00|
|10/08/2020|R|76.000,00|90.000,00|90.000,00|90.000,00|1|3|270.000,00|
|12/08/2020|R|90.000,00|90.000,00|90.000,00|90.000,00|1|30|2.700.000,00|
|13/08/2020|R|90.000,00|91.000,00|91.000,00|85.000,00|3|69|6.153.000,00|
|14/08/2020|R|91.000,00|95.000,00|95.000,00|91.000,00|2|35|3.321.000,00|
|17/08/2020|R|95.000,00|95.000,00|100.000,00|100.000,00|1|1|100.000,00|
|18/08/2020|R|95.000,00|95.000,00|95.000,00|95.000,00|2|5|475.000,00|
|19/08/2020|R|95.000,00|100.000,00|100.000,00|100.000,00|2|26|2.600.000,00|
|20/08/2020|R|100.000,00|90.000,00|90.000,00|90.000,00|5|63|5.670.000,00|
|25/08/2020|R|90.000,00|90.000,00|90.000,00|90.000,00|1|110|9.900.000,00|
|26/08/2020|R|90.000,00|100.000,00|100.000,00|90.000,01|2|40|3.650.000,35|
|31/08/2020|R|100.000,00|103.000,00|110.000,00|103.000,00|3|40|4.260.000,00|
|04/09/2020|R|103.000,00|103.000,00|0,00|0,00|1|9|944.010,00|
|07/09/2020|R|103.000,00|103.000,00|114.000,00|114.000,00|1|1|114.000,00|
|08/09/2020|R|103.000,00|103.000,00|0,00|0,00|1|9|900.000,00|
|10/09/2020|R|103.000,00|103.000,00|105.000,00|103.000,00|2|11|1.153.000,00|
|15/09/2020|R|103.000,00|105.000,00|105.000,00|105.000,00|1|14|1.470.000,00|
|16/09/2020|R|105.000,00|105.000,00|105.000,00|100.000,00|7|1.527|160.075.000,00|
|21/09/2020|R|105.000,00|105.000,00|105.000,00|105.000,00|3|287|30.135.000,00|
|24/09/2020|R|105.000,00|103.000,00|103.000,00|103.000,00|1|16|1.648.000,00|
|25/09/2020|R|103.000,00|103.000,00|103.000,00|103.000,00|2|80|8.240.000,00|
|30/09/2020|R|103.000,00|105.000,00|105.000,00|105.000,00|2|24|2.520.000,00|
|01/10/2020|R|105.000,00|105.000,00|116.000,00|105.000,00|2|53|5.598.000,00|
|08/10/2020|R|105.000,00|105.000,00|105.000,00|105.000,00|1|30|3.150.000,00|
|15/10/2020|R|105.000,00|110.000,00|110.000,00|110.000,00|1|5|550.000,00|
|16/10/2020|R|110.000,00|116.000,00|116.000,00|116.000,00|1|2|232.000,00|
|20/10/2020|R|116.000,00|110.000,00|116.000,00|110.000,00|2|297|33.840.000,00|
|21/10/2020|R|110.000,00|115.000,00|115.000,00|115.000,00|1|50|5.750.000,00|
|22/10/2020|R|115.000,00|112.000,00|112.000,00|112.000,00|1|75|8.400.000,00|
|23/10/2020|R|112.000,00|112.000,00|112.000,00|112.000,00|1|278|31.136.000,00|
|28/10/2020|R|112.000,00|112.000,00|112.000,00|112.000,00|1|100|11.200.000,00|
|04/11/2020|R|112.000,00|115.000,00|115.000,00|115.000,00|3|56|6.313.000,00|
|06/11/2020|R|115.000,00|115.000,00|0,00|0,00|1|4|368.000,00|
|20/11/2020|R|115.000,00|115.000,00|115.000,00|115.000,00|1|397|45.655.000,00|
|25/11/2020|R|115.000,00|137.999,99|137.999,99|125.000,00|2|90|11.769.999,60|
|27/11/2020|R|137.999,99|138.000,00|138.000,00|138.000,00|2|17|2.346.000,00|
|01/12/2020|R|138.000,00|138.000,00|138.000,00|138.000,00|1|5|690.000,00|
|03/12/2020|R|138.000,00|138.000,00|138.000,00|138.000,00|1|8|1.104.000,00|
|04/12/2020|R|138.000,00|138.000,00|138.000,00|138.000,00|3|190|26.220.000,00|
|07/12/2020|R|138.000,00|138.000,00|138.000,00|138.000,00|3|95|13.110.000,00|
|08/12/2020|R|138.000,00|165.590,00|165.590,00|165.590,00|1|6|993.540,00|
|09/12/2020|R|165.590,00|198.690,00|198.690,00|198.690,00|1|10|1.986.900,00|
|16/12/2020|R|198.690,00|238.410,00|238.410,00|238.410,00|2|259|61.748.190,00|
|21/12/2020|R|238.410,00|245.000,00|245.000,00|245.000,00|1|60|14.700.000,00|
|04/01/2021|R|245.000,00|245.000,00|245.000,00|245.000,00|2|26|6.370.000,00|
|05/01/2021|R|245.000,00|245.000,00|245.000,00|245.000,00|1|2|490.000,00|
|06/01/2021|R|245.000,00|245.000,00|0,00|0,00|1|25|6.000.000,00|
|08/01/2021|R|245.000,00|245.000,00|245.000,00|245.000,00|1|10|2.450.000,00|
|13/01/2021|R|245.000,00|245.000,00|245.000,00|245.000,00|2|25|6.125.000,00|
|14/01/2021|R|245.000,00|245.000,00|245.000,00|245.000,00|1|22|5.390.000,00|
|19/01/2021|R|245.000,00|245.000,00|245.000,00|245.000,00|1|2|490.000,00|
|21/01/2021|R|245.000,00|245.000,00|245.000,00|245.000,00|1|3|735.000,00|
|22/01/2021|R|245.000,00|245.000,00|0,00|0,00|1|9|2.205.000,00|
|25/01/2021|R|245.000,00|294.000,00|294.000,00|294.000,00|2|10|2.940.000,00|
|03/02/2021|R|294.000,00|300.500,00|300.500,00|300.500,00|1|19|5.709.500,00|
|05/02/2021|R|300.500,00|300.500,00|300.500,00|300.500,00|1|17|5.108.500,00|
|08/02/2021|R|300.500,00|300.500,00|300.500,00|300.500,00|1|19|5.709.500,00|
|11/02/2021|R|300.500,00|241.000,00|241.000,00|241.000,00|1|14|3.374.000,00|
|19/02/2021|R|241.000,00|245.000,00|245.000,00|241.000,00|4|385|92.965.000,00|
|22/02/2021|R|245.000,00|294.000,00|294.000,00|294.000,00|1|35|10.290.000,00|
|24/02/2021|R|294.000,00|352.790,00|352.790,00|352.790,00|1|3|1.058.370,00|
|01/03/2021|R|352.790,00|423.340,00|423.340,00|423.340,00|2|3|1.270.020,00|
|02/03/2021|R|423.340,00|508.000,00|508.000,00|508.000,00|2|100|50.800.000,00|
|03/03/2021|R|508.000,00|407.000,00|407.000,00|407.000,00|1|20|8.140.000,00|
|08/03/2021|R|407.000,00|488.400,00|488.400,00|488.400,00|1|10|4.884.000,00|
|11/03/2021|R|488.400,00|490.000,00|490.000,00|490.000,00|1|22|10.780.000,00|
|12/03/2021|R|490.000,00|490.000,00|490.000,00|490.000,00|1|74|36.260.000,00|
|17/03/2021|R|490.000,00|500.000,00|500.000,00|500.000,00|1|5|2.500.000,00|
|18/03/2021|R|500.000,00|600.000,00|600.000,00|599.990,00|2|30|17.999.900,00|
|26/03/2021|R|600.000,00|600.000,00|600.000,00|600.000,00|1|5|3.000.000,00|
|31/03/2021|R|600.000,00|600.000,00|599.990,00|599.990,00|1|1|599.990,00|
|05/04/2021|R|600.000,00|650.000,00|650.000,00|650.000,00|2|30|19.698.000,00|
|06/04/2021|R|650.000,00|680.000,00|680.000,00|680.000,00|1|142|96.560.000,00|
|07/04/2021|R|680.000,00|680.000,00|0,00|0,00|1|9|5.130.000,00|
|08/04/2021|R|680.000,00|680.000,00|700.000,00|700.000,00|1|1|700.000,00|
|14/04/2021|R|680.000,00|815.990,00|815.990,00|815.990,00|1|2|1.631.980,00|
|15/04/2021|R|815.990,00|979.180,00|979.180,00|979.180,00|2|5|4.895.900,00|
|21/04/2021|R|979.180,00|1.165.000,00|1.165.000,00|1.165.000,00|1|43|50.095.000,00|
|26/04/2021|R|1.165.000,00|1.165.000,00|1.165.000,00|1.165.000,00|1|20|23.300.000,00|
|28/04/2021|R|1.165.000,00|1.165.000,00|1.165.000,00|1.165.000,00|1|20|23.300.000,00|
|29/04/2021|R|1.165.000,00|1.165.000,00|1.250.000,00|1.250.000,00|1|1|1.250.000,00|
|30/04/2021|R|1.165.000,00|1.165.000,00|1.165.000,00|1.165.000,00|1|8|9.320.000,00|
|05/05/2021|R|1.165.000,00|1.250.000,00|1.250.000,00|1.250.000,00|1|35|43.750.000,00|
|10/05/2021|R|1.250.000,00|1.001.000,00|1.001.000,00|1.001.000,00|1|5|5.005.000,00|
|11/05/2021|R|1.001.000,00|1.001.000,00|1.001.000,00|1.001.000,00|1|40|40.040.000,00|
|12/05/2021|R|1.001.000,00|1.005.000,00|1.005.000,00|1.005.000,00|1|3|3.015.000,00|
|18/05/2021|R|1.005.000,00|1.000.000,00|1.005.000,00|1.000.000,00|3|28|28.090.000,00|
|21/05/2021|R|1.000.000,00|850.000,00|850.000,00|850.000,00|1|5|4.250.000,00|
|26/05/2021|R|850.000,00|800.000,00|800.000,00|800.000,00|4|425|340.000.000,00|
|27/05/2021|R|800.000,00|800.000,00|800.000,00|750.000,00|4|49|38.650.000,00|
|28/05/2021|R|800.000,00|750.000,00|800.000,00|750.000,00|4|223|167.850.000,00|
|03/06/2021|R|750.000,00|750.000,00|750.000,00|750.000,00|1|50|37.500.000,00|
|07/06/2021|R|750.000,00|750.000,00|750.000,00|750.000,00|2|45|33.750.000,00|
|08/06/2021|R|750.000,00|750.000,00|750.000,00|750.000,00|1|6|4.500.000,00|
|09/06/2021|R|750.000,00|750.000,00|750.000,00|750.000,00|3|652|489.000.000,00|
|10/06/2021|R|750.000,00|750.000,00|750.000,00|750.000,00|1|50|37.500.000,00|
|25/06/2021|R|750.000,00|750.000,00|750.000,00|750.000,00|2|2|1.500.000,00|
|29/06/2021|R|750.000,00|750.000,00|750.000,00|700.000,00|2|16|11.500.000,00|
|30/06/2021|R|750.000,00|750.000,00|750.000,00|750.000,00|4|24|18.000.000,00|
|07/07/2021|R|750.000,00|700.000,00|700.000,00|700.000,00|2|250|175.000.000,00|
|08/07/2021|R|700.000,00|700.000,00|690.000,00|690.000,00|1|1|690.000,00|
|09/07/2021|R|700.000,00|700.000,00|700.000,00|690.000,00|3|130|90.340.000,00|
|15/07/2021|R|700.000,00|700.000,00|750.000,00|700.000,00|2|131|91.800.000,00|
|19/07/2021|R|700.000,00|700.000,00|700.000,00|700.000,00|1|100|70.000.000,00|
|20/07/2021|R|700.000,00|839.000,00|839.000,00|700.000,00|2|183|128.517.000,00|
|21/07/2021|R|839.000,00|1.005.000,00|1.005.000,00|1.005.000,00|1|3|3.015.000,00|
|22/07/2021|R|1.005.000,00|1.005.000,00|1.005.000,00|1.005.000,00|4|1.005|1.010.025.000,00|
|26/07/2021|R|1.005.000,00|1.050.000,00|1.050.000,00|1.050.000,00|1|3|3.150.000,00|
|27/07/2021|R|1.050.000,00|1.050.000,00|1.050.000,00|1.050.000,00|1|46|48.300.000,00|
|28/07/2021|R|1.050.000,00|1.050.000,00|840.000,00|840.000,00|1|2|1.680.000,00|
|30/07/2021|R|1.050.000,00|841.000,00|841.000,00|841.000,00|1|8|6.728.000,00|
|16/08/2021|R|841.000,00|841.000,00|841.000,00|841.000,00|1|1.008|847.728.000,00|









   




 
 


 




 

   


























