   


|16/06/2017|R|1.005,00|1.005,00|1.005,00|1.005,00|33|2.810.910|2.824.964.550,00|
|20/06/2017|R|1.005,00|1.100,00|1.100,00|1.100,00|1|1.200|1.320.000,00|
|21/06/2017|R|1.100,00|2.900,00|2.960,00|1.330,00|12|3.658|8.811.630,00|
|22/06/2017|R|2.900,00|3.350,00|3.480,00|3.100,00|7|830|2.737.400,00|
|23/06/2017|R|3.350,00|2.681,00|3.480,00|2.681,00|3|800|2.420.200,00|
|26/06/2017|R|2.681,00|2.300,00|2.300,00|2.144,80|11|11.925|25.994.480,00|
|27/06/2017|R|2.300,00|1.840,00|2.350,00|1.500,00|13|11.650|21.968.600,00|
|28/06/2017|R|1.840,00|1.506,00|2.000,00|1.506,00|19|26.445|41.672.278,00|
|29/06/2017|R|1.506,00|1.205,01|1.807,19|1.205,01|13|24.258|32.801.711,40|
|30/06/2017|R|1.205,01|1.700,00|1.700,00|1.008,00|8|9.315|9.767.221,00|
|06/07/2017|R|1.700,00|1.700,00|1.850,00|1.600,00|6|5.200|8.380.000,00|
|07/07/2017|R|1.700,00|1.900,00|1.900,00|1.500,00|7|5.813|8.900.400,00|
|11/07/2017|R|1.900,00|1.800,00|1.800,00|1.800,00|1|1.000|1.800.000,00|
|12/07/2017|R|1.800,00|1.889,00|1.899,00|1.889,00|2|390|739.210,00|
|13/07/2017|R|1.889,00|1.799,99|1.799,99|1.799,99|4|683|1.229.393,17|
|17/07/2017|R|1.799,99|1.799,99|1.799,99|1.799,99|1|13|23.399,87|
|18/07/2017|R|1.799,99|1.999,99|1.999,99|1.999,99|1|100|199.999,00|
|21/07/2017|R|1.999,99|2.150,00|2.150,00|2.150,00|1|200|430.000,00|
|25/07/2017|R|2.150,00|2.300,00|2.300,00|2.300,00|1|100|230.000,00|
|28/07/2017|R|2.300,00|2.600,00|2.600,00|2.400,00|3|6.571|16.524.600,00|
|31/07/2017|R|2.600,00|2.600,00|0,00|0,00|1|6.000|15.600.000,00|
|02/08/2017|R|2.600,00|2.400,00|2.600,00|2.400,00|2|10.010|24.026.000,00|
|03/08/2017|R|2.400,00|2.500,00|2.500,00|2.101,00|5|17.070|41.047.070,00|
|04/08/2017|R|2.500,00|3.400,00|3.400,00|2.600,00|4|20.290|60.914.000,00|
|07/08/2017|R|3.400,00|3.600,00|3.600,00|3.600,00|1|1.071|3.855.600,00|
|08/08/2017|R|3.600,00|3.600,00|3.600,00|3.600,00|1|6.000|21.600.000,00|
|09/08/2017|R|3.600,00|3.500,00|3.500,00|3.500,00|3|1.307|4.574.500,00|
|11/08/2017|R|3.500,00|3.000,00|3.345,00|3.000,00|5|27.693|84.784.175,00|
|15/08/2017|R|3.000,00|3.000,00|3.000,00|3.000,00|3|10.100|30.300.000,00|
|16/08/2017|R|3.000,00|3.000,00|3.599,99|3.000,00|3|7.130|21.390.599,99|
|18/08/2017|R|3.000,00|3.449,00|3.449,00|3.449,00|1|100|344.900,00|
|22/08/2017|R|3.449,00|3.449,00|0,00|0,00|1|1.800|6.208.200,00|
|23/08/2017|R|3.449,00|3.400,00|3.400,00|3.400,00|3|3.600|12.240.000,00|
|24/08/2017|R|3.400,00|3.000,00|3.100,00|3.000,00|3|1.220|3.710.000,00|
|25/08/2017|R|3.000,00|3.000,00|3.000,00|3.000,00|2|595|1.785.000,00|
|28/08/2017|R|3.000,00|3.000,00|3.000,00|2.900,00|4|1.544|4.619.600,00|
|29/08/2017|R|3.000,00|3.000,00|3.000,00|3.000,00|1|3.680|11.040.000,00|
|31/08/2017|R|3.000,00|3.000,00|3.399,99|3.000,00|2|37|112.999,95|
|05/09/2017|R|3.000,00|3.000,00|3.000,00|3.000,00|2|3.000|9.000.000,00|
|07/09/2017|R|3.000,00|3.599,99|3.599,99|3.599,99|2|80|287.999,20|
|12/09/2017|R|3.599,99|3.500,00|3.500,00|3.500,00|1|570|1.995.000,00|
|13/09/2017|R|3.500,00|3.400,00|4.199,00|3.400,00|2|459|1.564.595,00|
|14/09/2017|R|3.400,00|4.000,00|4.000,00|3.800,00|3|1.050|4.140.000,00|
|15/09/2017|R|4.000,00|4.799,00|4.799,00|4.000,00|10|22.490|97.847.800,00|
|18/09/2017|R|4.799,00|5.695,00|5.695,00|5.000,00|2|2.292|11.649.040,00|
|19/09/2017|R|5.695,00|5.500,00|5.500,00|5.500,00|1|70|385.000,00|
|20/09/2017|R|5.500,00|5.000,00|6.499,00|4.800,01|8|2.745|14.145.486,10|
|21/09/2017|R|5.000,00|4.800,00|4.800,00|4.800,00|1|983|4.718.400,00|
|28/09/2017|R|4.800,00|5.000,00|5.000,00|5.000,00|1|700|3.500.000,00|
|02/10/2017|R|5.000,00|5.500,00|5.500,00|5.500,00|1|300|1.650.000,00|
|03/10/2017|R|5.500,00|4.800,00|5.000,00|4.800,00|3|1.540|7.592.000,00|
|04/10/2017|R|4.800,00|4.201,00|4.800,00|4.201,00|2|1.556|7.169.300,00|
|05/10/2017|R|4.201,00|4.800,00|4.900,00|4.800,00|3|3.623|17.691.400,00|
|06/10/2017|R|4.800,00|4.800,00|4.800,00|4.800,00|2|1.824|8.185.600,00|
|10/10/2017|R|4.800,00|4.600,00|4.600,00|4.600,00|2|66|303.600,00|
|11/10/2017|R|4.600,00|4.600,00|4.600,00|4.600,00|1|50|230.000,00|
|13/10/2017|R|4.600,00|4.600,00|4.999,99|4.999,99|1|6|29.999,94|
|18/10/2017|R|4.600,00|4.800,00|4.800,00|4.800,00|1|1.000|4.800.000,00|
|19/10/2017|R|4.800,00|4.500,00|4.500,00|4.500,00|1|300|1.350.000,00|
|23/10/2017|R|4.500,00|4.600,00|4.600,00|4.500,00|2|305|1.402.500,00|
|25/10/2017|R|4.600,00|4.600,00|0,00|0,00|1|70|308.000,00|
|26/10/2017|R|4.600,00|4.550,00|4.550,00|4.550,00|1|570|2.593.500,00|
|27/10/2017|R|4.550,00|4.900,00|4.900,00|4.550,00|3|2.050|9.345.000,00|
|01/11/2017|R|4.900,00|4.500,00|4.500,00|4.000,00|2|423|1.887.000,00|
|03/11/2017|R|4.500,00|5.000,00|5.000,00|4.999,99|3|1.577|7.884.985,00|
|09/11/2017|R|5.000,00|5.000,00|0,00|0,00|1|2.000|10.000.000,00|
|21/11/2017|R|5.000,00|5.199,00|5.199,00|4.700,00|3|1.800|8.795.800,00|
|27/11/2017|R|5.199,00|4.700,00|5.199,99|4.700,00|2|1.019|4.798.799,81|
|28/11/2017|R|4.700,00|4.700,00|4.700,00|4.700,00|1|20|94.000,00|
|29/11/2017|R|4.700,00|4.700,00|4.700,00|4.700,00|2|60|282.000,00|
|30/11/2017|R|4.700,00|5.199,99|5.199,99|5.199,99|1|91|473.199,09|
|01/12/2017|R|5.199,99|6.200,00|6.200,00|6.200,00|1|130|806.000,00|
|04/12/2017|R|6.200,00|7.420,00|7.420,00|7.420,00|1|100|742.000,00|
|05/12/2017|R|7.420,00|7.420,00|8.000,00|8.000,00|1|2|16.000,00|
|06/12/2017|R|7.420,00|10.000,00|10.000,00|8.800,00|4|1.450|13.090.400,00|
|07/12/2017|R|10.000,00|11.000,00|11.000,00|11.000,00|2|49|539.000,00|
|08/12/2017|R|11.000,00|10.000,00|11.000,00|9.800,00|12|27.675|278.585.000,00|
|12/12/2017|R|10.000,00|11.500,00|11.500,00|11.500,00|1|50|575.000,00|
|13/12/2017|R|11.500,00|12.000,00|12.000,00|10.200,00|8|7.263|83.829.500,00|
|15/12/2017|R|12.000,00|11.500,00|11.500,00|11.500,00|1|2.877|33.085.500,00|
|18/12/2017|R|11.500,00|11.800,00|11.800,00|11.800,00|2|2.297|27.104.600,00|
|20/12/2017|R|11.800,00|11.000,00|11.000,00|10.000,00|2|1.338|14.710.000,00|
|21/12/2017|R|11.000,00|11.000,00|11.000,00|11.000,00|1|50|550.000,00|
|22/12/2017|R|11.000,00|11.000,00|11.000,00|11.000,00|2|3.446|37.906.000,00|
|26/12/2017|R|11.000,00|11.000,00|13.100,00|13.100,00|1|1|13.100,00|
|29/12/2017|R|11.000,00|12.500,00|12.500,00|12.500,00|2|200|2.500.000,00|
|03/01/2018|R|12.500,00|10.001,00|10.001,00|10.001,00|1|20|200.020,00|
|05/01/2018|R|10.001,00|12.000,00|12.000,00|12.000,00|2|100|1.200.000,00|
|08/01/2018|R|12.000,00|14.000,00|14.000,00|14.000,00|1|100|1.400.000,00|
|11/01/2018|R|14.000,00|15.000,00|15.000,00|15.000,00|1|228|3.420.000,00|
|16/01/2018|R|15.000,00|17.900,00|17.900,00|16.000,01|4|530|9.430.000,30|
|17/01/2018|R|17.900,00|17.900,00|0,00|0,00|1|50|1.000.000,00|
|29/01/2018|R|17.900,00|17.900,00|21.480,00|21.480,00|2|101|2.521.480,00|
|02/02/2018|R|17.900,00|17.900,00|0,00|0,00|3|346|7.432.080,00|
|06/02/2018|R|17.900,00|21.475,00|21.475,00|21.475,00|2|2.000|42.950.000,00|
|19/02/2018|R|21.475,00|30.700,00|30.700,00|25.770,00|2|137|4.023.490,00|
|20/02/2018|R|30.700,00|36.840,00|36.840,00|36.840,00|1|1.000|36.840.000,00|
|21/02/2018|R|36.840,00|43.000,00|43.000,00|42.800,00|2|860|36.880.000,00|
|22/02/2018|R|43.000,00|50.000,00|50.000,00|50.000,00|1|8|400.000,00|
|23/02/2018|R|50.000,00|50.000,00|50.000,00|50.000,00|1|774|38.700.000,00|
|27/02/2018|R|50.000,00|60.000,00|60.000,00|60.000,00|1|29|1.740.000,00|
|28/02/2018|R|60.000,00|56.000,00|56.000,00|55.000,00|3|970|53.750.000,00|
|01/03/2018|R|56.000,00|55.000,00|55.000,00|55.000,00|1|56|3.080.000,00|
|06/03/2018|R|55.000,00|65.999,00|65.999,00|65.999,00|1|35|2.309.965,00|
|09/03/2018|R|65.999,00|68.000,00|68.000,00|68.000,00|1|2|136.000,00|
|12/03/2018|R|68.000,00|81.605,00|81.605,00|80.000,00|3|330|26.721.000,00|
|13/03/2018|R|81.605,00|85.000,00|85.000,00|85.000,00|3|18|1.530.000,00|
|15/03/2018|R|85.000,00|85.000,00|85.000,00|84.900,00|7|1.251|106.285.000,00|
|16/03/2018|R|85.000,00|85.000,00|85.000,00|85.000,00|3|187|15.895.000,00|
|21/03/2018|R|85.000,00|85.000,00|85.000,00|85.000,00|2|31|2.635.000,00|
|22/03/2018|R|85.000,00|85.000,00|85.000,00|81.610,00|3|1.204|98.950.000,00|
|27/03/2018|R|85.000,00|75.000,00|75.000,00|75.000,00|1|29|2.175.000,00|
|28/03/2018|R|75.000,00|100.000,00|100.000,00|90.000,00|2|65|6.400.000,00|
|02/04/2018|R|100.000,00|100.000,00|100.000,00|100.000,00|1|82|8.200.000,00|
|04/04/2018|R|100.000,00|120.000,00|120.000,00|115.000,00|2|112|13.190.000,00|
|10/04/2018|R|120.000,00|143.500,00|143.500,00|120.000,00|4|68|9.295.000,00|
|11/04/2018|R|143.500,00|160.000,00|170.000,00|160.000,00|2|710|113.700.000,00|
|12/04/2018|R|160.000,00|201.000,01|201.000,01|201.000,01|2|120|23.940.001,00|
|17/04/2018|R|201.000,01|472.000,00|472.000,00|289.440,01|6|13.132|6.166.274.401,10|
|18/04/2018|R|472.000,00|472.000,00|0,00|0,00|1|13.059|5.484.780.000,00|
|25/04/2018|R|472.000,00|378.000,00|400.000,00|378.000,00|4|58|22.848.000,00|
|26/04/2018|R|378.000,00|400.000,00|400.000,00|400.000,00|1|10|4.000.000,00|
|30/04/2018|R|400.000,00|410.000,00|410.000,00|400.000,00|6|1.030|422.000.000,00|
|02/05/2018|R|410.000,00|413.000,00|413.000,00|400.000,00|8|4.050|1.664.000.000,00|
|03/05/2018|R|413.000,00|418.000,00|418.000,00|418.000,00|2|2.675|1.118.150.000,00|
|07/05/2018|R|418.000,00|389.000,00|389.000,00|380.000,00|3|906|344.334.000,00|
|08/05/2018|R|389.000,00|365.000,00|365.000,00|350.000,00|3|76|26.990.000,00|
|09/05/2018|R|365.000,00|385.000,00|385.000,00|365.000,00|5|2.500|939.000.000,00|
|10/05/2018|R|385.000,00|385.000,00|389.000,00|385.000,00|4|1.134|435.686.000,00|
|11/05/2018|R|385.000,00|385.000,00|385.000,00|385.000,00|3|2.945|1.133.825.000,00|
|15/05/2018|R|385.000,00|385.000,00|385.000,00|385.000,00|1|500|192.500.000,00|
|16/05/2018|R|385.000,00|385.000,00|385.000,00|385.000,00|5|661|254.485.000,00|
|17/05/2018|R|385.000,00|385.000,00|385.000,00|385.000,00|1|1.000|385.000.000,00|
|18/05/2018|R|385.000,00|385.000,00|385.000,00|385.000,00|1|1.000|385.000.000,00|
|21/05/2018|R|385.000,00|390.000,00|390.000,00|385.010,00|3|2.491|965.746.510,00|
|22/05/2018|R|390.000,00|405.000,00|405.000,00|405.000,00|1|90|36.450.000,00|
|23/05/2018|R|405.000,00|410.000,00|410.000,00|410.000,00|2|2.000|820.000.000,00|
|24/05/2018|R|410.000,00|415.000,00|415.000,00|415.000,00|3|12|4.980.000,00|
|25/05/2018|R|415.000,00|420.000,00|420.000,00|420.000,00|1|1|420.000,00|
|28/05/2018|R|420.000,00|440.000,00|440.000,00|440.000,00|1|6|2.640.000,00|
|29/05/2018|R|440.000,00|430.000,00|430.000,00|430.000,00|2|26|11.180.000,00|
|30/05/2018|R|430.000,00|440.000,00|440.000,00|430.000,00|3|1.500|655.240.000,00|
|31/05/2018|R|440.000,00|445.000,00|445.000,00|445.000,00|1|10|4.450.000,00|
|01/06/2018|R|445.000,00|430.000,00|450.000,00|430.000,00|4|656|282.300.000,00|
|05/06/2018|R|430.000,00|430.000,00|430.000,00|430.000,00|5|1.373|590.390.000,00|
|06/06/2018|R|430.000,00|430.000,00|430.000,00|430.000,00|15|1.270|546.100.000,00|
|07/06/2018|R|430.000,00|442.000,00|442.000,00|430.000,00|17|2.848|1.241.584.000,00|
|08/06/2018|R|442.000,00|470.000,00|470.000,00|470.000,00|9|868|401.210.000,00|
|11/06/2018|R|470.000,00|475.000,00|475.000,00|470.000,00|4|1.080|507.900.000,00|
|12/06/2018|R|475.000,00|460.000,00|460.000,00|460.000,00|3|6.606|2.921.760.000,00|
|13/06/2018|R|460.000,00|435.000,00|450.000,00|435.000,00|12|3.100|1.359.330.000,00|
|14/06/2018|R|435.000,00|435.000,00|435.000,00|435.000,00|11|3.028|1.317.180.000,00|
|15/06/2018|R|435.000,00|470.000,00|470.000,00|430.000,00|14|14.243|6.357.163.000,00|
|18/06/2018|R|470.000,00|520.000,00|520.000,00|470.000,00|17|14.700|7.456.000.000,00|
|19/06/2018|R|520.000,00|560.000,00|560.000,00|501.000,00|14|5.396|2.929.296.000,00|
|20/06/2018|R|560.000,00|800.000,00|800.000,00|620.000,00|4|1.452|1.081.250.000,00|
|21/06/2018|R|800.000,00|895.000,00|900.000,00|895.000,00|3|250|212.080.000,00|
|22/06/2018|R|895.000,00|850.000,00|880.000,00|800.000,00|11|778|640.220.000,00|
|25/06/2018|R|850.000,00|850.000,00|900.000,00|850.000,00|6|582|497.011.070,00|
|26/06/2018|R|850.000,00|800.000,00|800.000,00|800.000,00|3|6.501|5.136.750.000,00|
|28/06/2018|R|800.000,00|779.900,00|779.990,00|779.900,00|8|4.140|3.229.030.500,00|
|29/06/2018|R|779.900,00|710.000,00|750.000,00|710.000,00|6|2.049|1.461.690.000,00|
|03/07/2018|R|710.000,00|760.000,00|760.000,00|720.000,00|12|9.272|6.815.330.000,00|
|04/07/2018|R|760.000,00|800.000,00|830.000,00|780.000,00|10|9.751|7.779.020.000,00|
|06/07/2018|R|800.000,00|800.000,00|800.000,00|800.000,00|3|2.582|2.065.600.000,00|
|09/07/2018|R|800.000,00|750.000,00|850.000,00|750.000,00|8|4.036|3.262.019.400,00|
|10/07/2018|R|750.000,00|750.000,00|750.000,00|750.000,00|1|60|45.000.000,00|
|11/07/2018|R|750.000,00|750.000,00|750.000,00|750.000,00|6|103|74.350.000,00|
|12/07/2018|R|750.000,00|730.000,00|730.000,00|730.000,00|5|4.860|3.547.800.000,00|
|13/07/2018|R|730.000,00|820.000,00|820.000,00|820.000,00|1|4|3.280.000,00|
|16/07/2018|R|820.000,00|800.000,00|800.000,00|800.000,00|2|30|24.000.000,00|
|18/07/2018|R|800.000,00|780.000,00|780.000,00|780.000,00|1|5.175|4.036.500.000,00|
|19/07/2018|R|780.000,00|850.000,00|850.000,00|850.000,00|1|2|1.700.000,00|
|20/07/2018|R|850.000,00|720.000,00|720.000,00|720.000,00|6|3.575|2.574.000.000,00|
|25/07/2018|R|720.000,00|840.000,00|840.000,00|720.000,00|2|351|252.840.000,00|
|26/07/2018|R|840.000,00|699.980,00|750.000,00|699.980,00|2|40|28.499.400,00|
|27/07/2018|R|699.980,00|750.000,00|750.000,00|737.000,00|2|376|281.974.000,00|
|30/07/2018|R|750.000,00|750.000,00|0,00|0,00|1|1|750.000,00|
|01/08/2018|R|750.000,00|800.000,00|800.000,00|800.000,00|1|41|32.800.000,00|
|03/08/2018|R|800.000,00|750.000,00|750.000,00|750.000,00|1|18|13.500.000,00|
|07/08/2018|R|750.000,00|800.000,00|800.000,00|800.000,00|2|110|88.000.000,00|
|08/08/2018|R|800.000,00|800.000,00|||3|1.564|1.235.560.000,00|
|09/08/2018|R|800.000,00|800.000,00|800.000,00|800.000,00|3|2.828|2.262.400.000,00|
|10/08/2018|R|800.000,00|800.000,00|800.000,00|800.000,00|2|1.010|808.000.000,00|
|14/08/2018|R|800.000,00|800.000,00|800.000,00|760.000,00|2|177|141.520.000,00|
|15/08/2018|R|800.000,00|880.000,00|880.000,00|880.000,00|1|132|116.160.000,00|
|16/08/2018|R|880.000,00|1.050.000,00|1.050.000,00|1.050.000,00|1|700|735.000.000,00|
|22/08/2018|R|10,50|19,82|19,82|13,00|4|25|394,10|
|23/08/2018|R|19,82|28,50|28,50|23,78|5|34|899,30|
|24/08/2018|R|28,50|33,98|33,98|33,98|1|1|33,98|
|28/08/2018|R|33,98|30,00|31,99|30,00|2|4|125,97|
|29/08/2018|R|30,00|26,00|29,98|26,00|3|135|3.734,30|
|30/08/2018|R|26,00|23,00|23,00|23,00|1|200|4.600,00|
|31/08/2018|R|23,00|18,00|21,00|18,00|12|6.025|108.735,80|
|03/09/2018|R|18,00|20,00|20,00|20,00|7|6.250|125.000,00|
|04/09/2018|R|20,00|20,00|20,00|20,00|1|1|20,00|
|05/09/2018|R|20,00|20,00|20,00|20,00|2|2.500|50.000,00|
|06/09/2018|R|20,00|21,00|21,00|21,00|1|1.093|22.953,00|
|07/09/2018|R|21,00|23,00|23,00|23,00|3|131|3.013,00|
|11/09/2018|R|23,00|26,00|26,00|26,00|2|115|2.990,00|
|12/09/2018|R|26,00|30,99|30,99|30,99|1|3|92,97|
|13/09/2018|R|30,99|31,00|31,00|31,00|1|40|1.240,00|
|14/09/2018|R|31,00|24,80|29,00|24,80|8|2.053|51.160,40|
|19/09/2018|R|24,80|20,00|20,00|20,00|2|130|2.600,00|
|20/09/2018|R|20,00|19,00|21,50|19,00|4|1.003|19.079,50|
|21/09/2018|R|19,00|19,00|19,00|19,00|1|58|1.102,00|
|24/09/2018|R|19,00|19,00|19,00|19,00|3|448|8.512,00|
|25/09/2018|R|19,00|18,50|18,50|18,50|2|128|2.368,00|
|26/09/2018|R|18,50|19,00|19,00|19,00|3|2.064|39.216,00|
|27/09/2018|R|19,00|19,00|19,00|19,00|1|10|190,00|
|02/10/2018|R|19,00|20,50|22,80|20,50|5|96|1.993,10|
|03/10/2018|R|20,50|20,00|20,00|20,00|1|2|40,00|
|04/10/2018|R|20,00|21,50|21,50|21,50|1|101|2.171,50|
|08/10/2018|R|21,50|22,00|22,00|22,00|1|5|110,00|
|10/10/2018|R|22,00|22,00|22,00|22,00|2|15|330,00|
|15/10/2018|R|22,00|20,00|20,00|20,00|3|1.669|33.380,00|
|23/10/2018|R|20,00|20,00|0,00|0,00|1|593|11.860,00|
|24/10/2018|R|20,00|18,00|20,00|18,00|2|1.700|31.000,00|
|25/10/2018|R|18,00|20,00|20,00|19,00|3|94|1.877,00|
|26/10/2018|R|20,00|22,00|22,50|22,00|3|1.850|40.975,00|
|29/10/2018|R|22,00|21,00|21,00|21,00|1|500|10.500,00|
|31/10/2018|R|21,00|24,00|24,00|22,00|2|105|2.320,00|
|02/11/2018|R|24,00|23,50|23,50|23,50|4|777|18.121,00|
|08/11/2018|R|23,50|28,00|28,00|28,00|2|431|12.068,00|
|09/11/2018|R|28,00|28,00|28,00|28,00|1|500|14.000,00|
|13/11/2018|R|28,00|33,50|33,50|33,50|2|153|5.125,50|
|15/11/2018|R|33,50|33,50|33,50|33,50|1|50|1.675,00|
|16/11/2018|R|33,50|32,00|33,50|32,00|2|115|3.702,50|
|19/11/2018|R|32,00|30,00|30,00|30,00|3|2.205|66.170,00|
|20/11/2018|R|30,00|30,00|30,00|30,00|3|110|3.300,00|
|21/11/2018|R|30,00|28,00|28,00|28,00|1|5|140,00|
|26/11/2018|R|28,00|27,00|28,00|27,00|6|1.360|37.830,00|
|28/11/2018|R|27,00|32,40|32,40|32,40|2|72|2.118,30|
|29/11/2018|R|32,40|38,88|38,88|38,87|2|96|3.731,99|
|30/11/2018|R|38,88|46,05|46,05|46,05|1|28|1.289,40|
|03/12/2018|R|46,05|55,25|55,25|55,25|1|27|1.491,75|
|04/12/2018|R|55,25|70,00|76,90|69,00|4|217|15.252,00|
|05/12/2018|R|70,00|78,00|80,00|78,00|4|9.624|683.759,00|
|07/12/2018|R|78,00|62,41|62,41|62,41|1|72|4.493,52|
|10/12/2018|R|62,41|58,00|58,00|58,00|1|10|580,00|
|13/12/2018|R|58,00|60,00|60,00|59,50|3|535|32.097,50|
|14/12/2018|R|60,00|65,00|65,00|61,00|3|175|11.095,00|
|18/12/2018|R|65,00|65,00|65,00|65,00|1|2.000|130.000,00|
|19/12/2018|R|65,00|65,00|70,00|65,00|4|628|40.945,00|
|26/12/2018|R|65,00|65,00|65,00|64,00|8|1.968|126.926,00|
|28/12/2018|R|65,00|70,00|70,00|70,00|1|4.712|329.840,00|
|02/01/2019|R|70,00|84,00|84,00|84,00|1|35|2.940,00|
|03/01/2019|R|84,00|103,00|103,00|103,00|1|5|515,00|
|04/01/2019|R|103,00|150,00|150,00|126,00|3|266|37.500,00|
|07/01/2019|R|150,00|179,97|179,97|179,97|1|34|6.118,98|
|08/01/2019|R|179,97|56,20|215,96|215,96|1|17|3.671,32|
|09/01/2019|R|56,20|60,00|60,00|60,00|2|90|5.400,00|
|10/01/2019|R|60,00|71,00|71,00|71,00|1|13|923,00|
|14/01/2019|R|71,00|126,00|126,00|85,20|5|60|6.822,00|
|16/01/2019|R|126,00|135,00|135,00|135,00|2|48|6.480,00|
|17/01/2019|R|135,00|140,00|155,00|140,00|4|4.059|572.145,00|
|18/01/2019|R|140,00|112,00|112,00|112,00|2|36.519|4.090.128,00|
|22/01/2019|R|112,00|112,00|125,00|108,00|7|431|49.295,00|
|25/01/2019|R|112,00|112,00|134,35|134,35|1|2|268,70|
|28/01/2019|R|112,00|114,00|114,00|114,00|1|38|4.332,00|
|29/01/2019|R|114,00|135,00|135,00|115,00|5|916|106.770,00|
|30/01/2019|R|135,00|132,00|132,00|131,98|3|730|96.357,32|
|31/01/2019|R|132,00|110,00|110,00|106,00|2|175|18.750,00|
|01/02/2019|R|110,00|131,18|131,18|131,18|1|116|15.216,88|
|04/02/2019|R|131,18|104,95|130,00|104,95|3|118|12.885,10|
|05/02/2019|R|104,95|120,00|120,00|120,00|4|852|98.400,00|
|06/02/2019|R|120,00|135,00|143,98|135,00|11|4.718|649.930,34|
|07/02/2019|R|135,00|130,00|135,00|130,00|2|209|27.215,00|
|11/02/2019|R|130,00|120,00|120,00|119,98|2|578|69.358,44|
|12/02/2019|R|120,00|118,00|118,00|118,00|3|66|7.788,00|
|13/02/2019|R|118,00|100,00|110,00|100,00|2|51|5.270,00|
|14/02/2019|R|100,00|100,00|109,98|100,00|5|342|36.502,00|
|15/02/2019|R|100,00|108,98|109,00|100,00|4|549|55.889,82|
|18/02/2019|R|108,98|109,00|109,00|109,00|2|191|20.819,00|
|19/02/2019|R|109,00|124,00|124,00|124,00|1|17|2.108,00|
|20/02/2019|R|124,00|130,00|130,00|130,00|2|1.100|143.000,00|
|21/02/2019|R|130,00|145,00|145,00|145,00|1|50|7.250,00|
|22/02/2019|R|145,00|173,00|173,00|173,00|3|2.255|390.115,00|
|26/02/2019|R|173,00|200,00|207,60|200,00|2|539|108.096,40|
|27/02/2019|R|200,00|210,00|241,00|210,00|5|401|85.774,00|
|06/03/2019|R|210,00|210,00|252,00|252,00|1|1|252,00|
|07/03/2019|R|210,00|300,00|300,00|252,00|2|20|5.520,00|
|15/03/2019|R|300,00|280,00|280,00|280,00|1|212|59.360,00|
|18/03/2019|R|280,00|320,00|335,00|320,00|3|695|225.325,00|
|20/03/2019|R|320,00|319,00|319,00|318,00|5|2.049|653.231,00|
|21/03/2019|R|319,00|315,00|315,00|310,00|4|73|22.880,00|
|22/03/2019|R|315,00|315,00|315,00|315,00|1|500|157.500,00|
|25/03/2019|R|315,00|299,00|310,00|299,00|3|662|199.610,00|
|29/03/2019|R|299,00|298,97|298,97|298,97|1|349|104.340,53|
|01/04/2019|R|298,97|298,97|279,99|279,99|1|13|3.639,87|
|02/04/2019|R|298,97|275,00|300,00|275,00|5|1.135|337.675,00|
|03/04/2019|R|275,00|221,00|250,00|221,00|4|997|223.237,00|
|04/04/2019|R|221,00|240,00|240,00|240,00|3|990|237.600,00|
|05/04/2019|R|240,00|235,00|235,00|234,97|2|53|12.454,61|
|08/04/2019|R|235,00|235,00|235,00|235,00|3|45|10.575,00|
|10/04/2019|R|235,00|230,00|230,00|230,00|1|48|11.040,00|
|11/04/2019|R|230,00|230,00|0,00|0,00|3|462|86.865,24|
|12/04/2019|R|230,00|230,00|235,00|230,00|3|40|9.350,00|
|22/04/2019|R|230,00|235,00|240,00|235,00|4|2.309|542.660,00|
|23/04/2019|R|235,00|236,00|236,00|236,00|3|188|44.368,00|
|24/04/2019|R|236,00|285,00|285,00|240,00|6|356|100.235,00|
|25/04/2019|R|285,00|300,00|320,00|300,00|3|400|121.000,00|
|26/04/2019|R|300,00|320,00|320,00|300,00|4|43.285|13.821.200,00|
|29/04/2019|R|320,00|301,00|383,98|301,00|6|41.700|12.924.738,88|
|02/05/2019|R|301,00|300,00|315,00|300,00|4|257|77.475,00|
|03/05/2019|R|300,00|300,00|300,00|300,00|3|745|223.500,00|
|09/05/2019|R|350,00|350,00|350,00|349,00|2|1.256|439.344,00|
|10/05/2019|R|350,00|350,00|350,00|350,00|1|50|17.500,00|
|13/05/2019|R|350,00|300,00|349,97|300,00|6|11.412|3.435.735,95|
|14/05/2019|R|300,00|300,00|300,00|300,00|2|598|179.400,00|
|15/05/2019|R|300,00|349,95|350,00|330,00|12|9.739|3.402.127,00|
|16/05/2019|R|349,95|354,97|359,97|354,97|4|786|281.300,23|
|17/05/2019|R|354,97|354,00|355,00|354,00|2|58|20.571,00|
|28/05/2019|R|102,60|109,97|110,00|105,00|4|1.373|150.892,41|
|29/05/2019|R|109,97|110,00|110,00|109,97|7|3.596|395.497,71|
|30/05/2019|R|110,00|109,96|109,96|109,96|3|596|65.536,16|
|31/05/2019|R|109,96|105,00|105,00|105,00|2|2.530|265.650,00|
|04/06/2019|R|105,00|104,00|109,00|104,00|3|246|25.814,00|
|05/06/2019|R|104,00|100,00|104,00|100,00|3|930|93.800,00|
|06/06/2019|R|100,00|99,98|99,98|98,00|8|450|44.585,30|
|07/06/2019|R|99,98|95,00|99,98|95,00|6|1.889|181.845,40|
|10/06/2019|R|95,00|92,00|95,00|90,00|8|5.818|531.855,00|
|11/06/2019|R|92,00|90,00|90,00|90,00|1|205|18.450,00|
|12/06/2019|R|90,00|90,00|90,00|89,99|9|15.492|1.370.274,24|
|13/06/2019|R|90,00|89,00|90,00|89,00|7|7.099|633.396,00|
|14/06/2019|R|89,00|90,00|90,00|89,00|11|95.203|8.544.265,00|
|18/06/2019|R|90,00|90,00|100,00|95,00|3|50|4.775,00|
|19/06/2019|R|90,00|100,01|100,01|100,01|1|1.120|112.011,20|
|20/06/2019|R|100,01|109,50|109,50|109,50|5|394|43.143,00|
|21/06/2019|R|109,50|109,95|109,95|109,95|4|380|41.781,00|
|25/06/2019|R|109,95|110,00|110,00|109,95|3|756|83.127,50|
|26/06/2019|R|110,00|105,00|105,00|105,00|4|1.350|141.750,00|
|27/06/2019|R|105,00|99,99|119,00|99,99|6|11.050|1.106.081,00|
|02/07/2019|R|99,99|105,00|107,00|105,00|3|1.261|132.585,00|
|03/07/2019|R|105,00|100,00|100,00|100,00|7|812|81.200,00|
|04/07/2019|R|100,00|100,00|100,00|100,00|10|43.785|4.378.500,00|
|08/07/2019|R|100,00|100,00|108,00|100,00|4|1.301|132.235,00|
|09/07/2019|R|100,00|100,00|100,00|100,00|5|26.862|2.686.200,00|
|10/07/2019|R|100,00|100,00|100,00|100,00|10|15.000|1.500.000,00|
|11/07/2019|R|100,00|100,00|100,00|100,00|5|5.388|538.800,00|
|12/07/2019|R|100,00|100,00|100,00|100,00|6|5.600|560.000,00|
|15/07/2019|R|100,00|100,00|100,00|100,00|15|118.886|11.888.600,00|
|16/07/2019|R|100,00|116,00|116,00|116,00|2|33.820|3.923.120,00|
|17/07/2019|R|116,00|120,00|120,00|120,00|1|3.232|387.840,00|
|18/07/2019|R|120,00|140,00|140,00|140,00|4|1.041|145.740,00|
|19/07/2019|R|140,00|140,00|140,00|140,00|3|705|98.700,00|
|22/07/2019|R|140,00|140,00|140,00|140,00|3|249|34.860,00|
|25/07/2019|R|140,00|140,00|140,00|140,00|4|1.046|146.440,00|
|26/07/2019|R|140,00|144,00|144,00|144,00|2|215|30.960,00|
|29/07/2019|R|144,00|144,00|140,00|135,00|2|182|25.070,00|
|30/07/2019|R|144,00|139,00|139,00|139,00|5|2.385|331.515,00|
|31/07/2019|R|139,00|166,79|166,79|140,00|3|944|135.053,32|
|01/08/2019|R|166,79|169,00|169,00|169,00|2|546|92.274,00|
|02/08/2019|R|169,00|169,45|169,45|169,45|4|71.698|12.118.312,00|
|05/08/2019|R|169,45|169,45|202,00|186,00|3|135|25.670,00|
|06/08/2019|R|169,45|169,45|203,00|203,00|1|100|20.300,00|
|08/08/2019|R|169,45|225,00|230,00|203,00|6|425|91.555,08|
|09/08/2019|R|225,00|220,00|240,00|220,00|3|850|189.000,00|
|12/08/2019|R|220,00|230,00|230,00|230,00|1|930|213.900,00|
|13/08/2019|R|230,00|230,00|230,00|230,00|3|10.645|2.448.350,00|
|14/08/2019|R|230,00|275,00|275,00|275,00|3|200|55.000,00|
|16/08/2019|R|275,00|275,00|275,00|275,00|3|2.432|668.800,00|
|20/08/2019|R|275,00|275,00|280,00|275,00|14|38.708|10.654.990,00|
|21/08/2019|R|275,00|275,00|280,00|275,00|5|5.300|1.466.905,00|
|23/08/2019|R|275,00|300,00|300,00|300,00|5|6.765|2.029.500,00|
|26/08/2019|R|300,00|300,00|300,00|300,00|3|935|280.500,00|
|27/08/2019|R|300,00|300,00|299,90|290,00|3|41|12.237,40|
|28/08/2019|R|300,00|300,00|300,00|290,00|4|11.080|3.259.350,00|
|29/08/2019|R|300,00|300,00|360,00|300,00|4|649|195.780,00|
|30/08/2019|R|300,00|300,00|300,00|300,00|4|20.471|6.141.300,00|
|04/09/2019|R|300,00|315,00|315,00|315,00|1|186|58.590,00|
|05/09/2019|R|315,00|370,00|370,00|370,00|4|210|77.700,00|
|06/09/2019|R|370,00|370,00|370,00|369,90|3|1.826|675.619,00|
|11/09/2019|R|370,00|370,00|370,00|360,00|2|1.010|373.600,00|
|12/09/2019|R|370,00|364,00|365,00|364,00|5|1.900|693.100,00|
|17/09/2019|R|364,00|365,00|365,00|364,00|5|10.623|3.876.845,00|
|18/09/2019|R|365,00|364,00|365,00|364,00|4|111|40.409,00|
|19/09/2019|R|364,00|300,00|300,00|300,00|2|12.507|3.752.100,00|
|20/09/2019|R|300,00|300,00|300,00|300,00|3|21.375|6.412.500,00|
|23/09/2019|R|300,00|300,00|300,00|300,00|4|64.705|19.411.500,00|
|25/09/2019|R|300,00|300,00|300,00|299,99|4|2.690|806.997,50|
|26/09/2019|R|300,00|300,00|300,00|300,00|1|4|1.200,00|
|27/09/2019|R|300,00|300,00|300,00|300,00|3|716|214.800,00|
|30/09/2019|R|300,00|300,00|320,00|320,00|1|2|640,00|
|01/10/2019|R|300,00|320,00|320,00|320,00|1|100|32.000,00|
|02/10/2019|R|320,00|320,00|320,00|320,00|1|50|16.000,00|
|07/10/2019|R|320,00|270,00|300,00|270,00|3|10.021|2.706.300,00|
|08/10/2019|R|270,00|300,00|300,00|300,00|3|291|87.300,00|
|09/10/2019|R|300,00|300,00|300,00|300,00|1|1|300,00|
|14/10/2019|R|300,00|300,00|300,00|300,00|2|8|2.400,00|
|15/10/2019|R|300,00|275,00|300,00|275,00|2|190|54.500,00|
|16/10/2019|R|275,00|299,50|300,00|299,50|2|420|125.840,00|
|17/10/2019|R|299,50|299,50|299,50|299,50|3|192|57.504,00|
|22/10/2019|R|299,50|299,50|294,00|294,00|1|5|1.470,00|
|24/10/2019|R|299,50|295,00|295,00|295,00|2|711|209.745,00|
|25/10/2019|R|295,00|295,00|300,00|300,00|2|68|20.400,00|
|28/10/2019|R|295,00|339,00|339,00|339,00|1|179|60.681,00|
|29/10/2019|R|339,00|339,00|339,00|339,00|1|100|33.900,00|
|31/10/2019|R|339,00|333,95|335,00|333,95|2|116|38.765,50|
|01/11/2019|R|333,95|333,95|333,95|333,48|2|91|30.384,28|
|05/11/2019|R|333,95|330,00|334,99|330,00|5|1.634|545.931,55|
|06/11/2019|R|330,00|293,00|348,75|291,00|6|8.560|2.838.105,00|
|07/11/2019|R|293,00|346,00|346,00|300,00|3|4.067|1.404.100,00|
|08/11/2019|R|346,00|350,00|350,00|349,00|3|6.000|2.097.207,00|
|11/11/2019|R|350,00|400,00|400,00|399,00|5|3.482|1.392.031,00|
|12/11/2019|R|400,00|450,00|450,00|450,00|6|717|322.650,00|
|13/11/2019|R|450,00|450,00|450,00|450,00|3|607|273.150,00|
|14/11/2019|R|450,00|440,00|445,00|440,00|2|340|150.500,00|
|15/11/2019|R|440,00|440,00|440,00|439,00|2|80|35.190,00|
|19/11/2019|R|440,00|425,00|438,00|425,00|2|153|66.065,00|
|20/11/2019|R|425,00|425,00|425,00|425,00|1|50|21.250,00|
|21/11/2019|R|425,00|422,00|424,00|422,00|7|1.680|711.538,00|
|22/11/2019|R|422,00|418,00|418,00|418,00|3|863|360.734,00|
|25/11/2019|R|418,00|385,00|400,00|385,00|4|2.036|784.535,00|
|26/11/2019|R|385,00|399,00|400,00|399,00|5|1.183|472.117,00|
|27/11/2019|R|399,00|400,00|415,00|370,00|14|60.263|23.154.310,00|
|28/11/2019|R|400,00|460,00|460,00|460,00|2|162|74.520,00|
|29/11/2019|R|460,00|460,00|460,00|460,00|6|5.934|2.729.640,00|
|03/12/2019|R|460,00|450,00|450,00|450,00|4|7.002|3.210.900,00|
|04/12/2019|R|450,00|500,00|500,00|450,00|3|908|448.000,00|
|05/12/2019|R|500,00|499,00|499,00|499,00|1|100|49.900,00|
|09/12/2019|R|499,00|495,00|500,00|495,00|6|1.390|692.986,00|
|10/12/2019|R|495,00|450,00|495,00|450,00|5|1.945|886.150,00|
|11/12/2019|R|450,00|361,00|450,00|361,00|10|40.399|14.634.537,15|
|12/12/2019|R|361,00|359,99|361,00|359,99|7|13.429|4.847.445,81|
|13/12/2019|R|359,99|349,99|359,99|349,99|4|683|244.583,17|
|16/12/2019|R|349,99|351,00|360,00|351,00|5|1.205|432.900,00|
|17/12/2019|R|351,00|351,00|360,00|360,00|1|50|18.000,00|
|18/12/2019|R|351,00|360,00|360,00|360,00|5|4.123|1.484.280,00|
|19/12/2019|R|360,00|385,00|385,00|360,00|12|26.982|10.005.420,00|
|20/12/2019|R|385,00|410,00|410,00|385,00|3|14.132|5.444.120,00|
|23/12/2019|R|410,00|410,00|410,00|410,00|3|267.792|110.729.892,00|
|26/12/2019|R|410,00|410,00|410,00|410,00|5|2.882|1.181.620,00|
|27/12/2019|R|410,00|410,00|449,99|410,00|5|4.864|1.995.879,59|
|30/12/2019|R|410,00|479,00|479,00|475,00|3|285|135.567,00|
|02/01/2020|R|479,00|491,00|491,00|491,00|1|100|49.100,00|
|03/01/2020|R|491,00|491,00|580,00|580,00|1|7|4.060,00|
|07/01/2020|R|491,00|549,99|549,99|500,00|3|1.178|638.990,00|
|08/01/2020|R|549,99|657,00|657,00|657,00|1|100|65.700,00|
|09/01/2020|R|657,00|610,00|658,00|600,00|4|10.673|6.417.730,00|
|10/01/2020|R|610,00|730,00|730,00|730,00|3|406|296.380,00|
|13/01/2020|R|730,00|730,00|780,00|780,00|1|10|7.800,00|
|15/01/2020|R|730,00|800,00|800,00|730,00|7|12.141|8.865.800,00|
|16/01/2020|R|800,00|800,00|800,00|800,00|3|782|625.600,00|
|17/01/2020|R|800,00|815,00|815,00|800,00|6|3.398|2.718.850,00|
|21/01/2020|R|815,00|785,00|815,00|785,00|5|898|717.620,00|
|22/01/2020|R|785,00|785,00|800,00|800,00|1|12|9.600,00|
|23/01/2020|R|785,00|780,00|780,00|780,00|2|100|78.000,00|
|24/01/2020|R|780,00|795,00|799,95|780,00|4|1.064|850.470,00|
|27/01/2020|R|795,00|637,00|780,00|637,00|5|17.473|13.764.433,00|
|28/01/2020|R|637,00|764,00|764,00|764,00|2|2.508|1.743.240,00|
|29/01/2020|R|764,00|765,00|765,00|765,00|2|1.210|925.650,00|
|30/01/2020|R|765,00|785,00|917,00|785,00|3|2.052|1.611.084,00|
|31/01/2020|R|785,00|784,00|785,00|784,00|2|2.054|1.610.390,00|
|03/02/2020|R|784,00|800,00|810,00|785,00|6|912|734.650,00|
|04/02/2020|R|800,00|800,00|800,00|800,00|3|1.056|844.800,00|
|05/02/2020|R|800,00|800,00|800,00|700,00|4|31|24.700,00|
|06/02/2020|R|800,00|795,00|795,00|795,00|4|328|260.760,00|
|07/02/2020|R|795,00|795,00|795,00|795,00|1|63|50.085,00|
|11/02/2020|R|795,00|797,00|880,00|795,00|6|1.679|1.358.673,00|
|12/02/2020|R|797,00|950,00|950,00|950,00|4|2.967|2.818.650,00|
|17/02/2020|R|950,00|950,00|1.000,00|900,00|9|8.540|8.111.000,00|
|19/02/2020|R|950,00|950,00|950,00|950,00|5|222.678|211.544.100,00|
|26/02/2020|R|950,00|949,00|950,00|949,00|2|59|56.000,00|
|27/02/2020|R|949,00|800,00|900,00|800,00|13|28.354|24.385.000,00|
|28/02/2020|R|800,00|800,00|800,00|800,00|2|197|157.600,00|
|02/03/2020|R|800,00|810,00|810,00|800,00|3|102|86.100,00|
|03/03/2020|R|810,00|795,00|800,00|795,00|2|773|614.900,00|
|04/03/2020|R|795,00|700,00|750,00|700,00|4|275|201.650,00|
|09/03/2020|R|700,00|700,00|700,00|700,00|4|1.301|910.700,00|
|10/03/2020|R|700,00|700,50|700,50|700,50|2|400|280.200,00|
|12/03/2020|R|700,50|799,00|799,00|716,00|5|2.580|1.973.855,00|
|13/03/2020|R|799,00|799,00|799,00|799,00|2|40|31.960,00|
|23/03/2020|R|799,00|640,00|799,00|640,00|2|1.120|735.880,00|
|24/03/2020|R|640,00|640,00|640,00|640,00|2|753|481.920,00|
|25/03/2020|R|640,00|638,00|638,00|638,00|1|120|76.560,00|
|26/03/2020|R|638,00|600,00|600,00|550,00|2|706|398.600,00|
|27/03/2020|R|600,00|620,00|620,00|601,00|3|4.000|2.442.000,00|
|31/03/2020|R|620,00|701,00|701,00|701,00|1|101|70.801,00|
|03/04/2020|R|701,00|840,00|840,00|840,00|1|100|84.000,00|
|06/04/2020|R|840,00|900,00|1.000,00|900,00|3|110|100.000,00|
|07/04/2020|R|900,00|1.075,00|1.075,00|1.000,00|3|1.702|1.752.900,00|
|08/04/2020|R|1.075,00|1.290,00|1.290,00|1.290,00|1|321|414.090,00|
|13/04/2020|R|1.290,00|1.548,00|1.548,00|1.545,00|4|1.621|2.506.308,00|
|14/04/2020|R|1.548,00|1.857,59|1.857,59|1.857,00|3|4.349|8.078.541,50|
|15/04/2020|R|1.857,59|2.000,00|2.000,00|1.900,00|5|620|1.231.500,00|
|16/04/2020|R|2.000,00|2.000,00|2.000,00|2.000,00|3|362|724.000,00|
|17/04/2020|R|2.000,00|1.940,00|2.000,00|1.850,00|9|289|550.120,00|
|20/04/2020|R|1.940,00|1.940,00|1.940,00|1.940,00|4|1.058|2.052.520,00|
|21/04/2020|R|1.940,00|2.300,00|2.300,00|2.000,00|2|220|446.000,00|
|22/04/2020|R|2.300,00|2.300,10|2.495,00|2.300,10|7|980|2.337.650,10|
|23/04/2020|R|2.300,10|2.759,50|2.760,00|2.750,00|7|1.582|4.365.648,00|
|24/04/2020|R|2.759,50|3.308,00|3.311,25|3.000,00|8|1.609|5.177.411,00|
|27/04/2020|R|3.308,00|3.969,00|3.969,00|3.100,00|3|195|687.055,00|
|28/04/2020|R|3.969,00|3.850,00|3.900,00|3.695,00|4|1.513|5.873.360,00|
|29/04/2020|R|3.850,00|3.500,00|3.850,00|3.500,00|3|72|259.700,00|
|30/04/2020|R|3.500,00|3.849,00|3.849,00|3.500,00|7|2.275|7.994.270,00|
|04/05/2020|R|3.849,00|3.799,00|3.849,00|3.799,00|3|1.009|3.833.641,00|
|05/05/2020|R|3.799,00|3.500,00|3.500,00|3.500,00|1|20|70.000,00|
|06/05/2020|R|3.500,00|3.500,00|3.600,00|3.500,00|8|973|3.451.100,00|
|07/05/2020|R|3.500,00|3.000,00|3.000,00|3.000,00|6|663|1.989.000,00|
|08/05/2020|R|3.000,00|3.000,00|3.599,99|3.000,00|8|4.309|13.252.194,58|
|11/05/2020|R|3.000,00|3.119,00|3.119,00|3.000,00|10|2.567|7.785.731,00|
|12/05/2020|R|3.119,00|3.200,00|3.500,00|3.200,00|5|1.492|4.780.400,00|
|13/05/2020|R|3.200,00|3.400,00|3.400,00|3.200,00|4|7.710|24.674.000,00|
|14/05/2020|R|3.400,00|3.150,00|3.300,00|3.150,00|5|328|1.052.100,00|
|15/05/2020|R|3.150,00|3.150,00|3.300,00|3.150,00|4|318|1.006.050,00|
|18/05/2020|R|3.150,00|3.149,00|3.149,00|3.149,00|3|50|157.450,00|
|19/05/2020|R|3.149,00|3.700,00|3.700,00|3.150,00|6|2.541|8.060.150,00|
|20/05/2020|R|3.700,00|3.300,00|3.500,00|3.300,00|3|41|138.900,00|
|22/05/2020|R|3.300,00|3.300,00|3.599,00|3.300,00|7|3.527|11.649.339,00|
|26/05/2020|R|3.300,00|3.300,00|3.800,00|3.300,00|2|1.400|5.120.000,00|
|28/05/2020|R|3.300,00|3.300,00|3.300,00|3.300,00|2|203|669.900,00|
|29/05/2020|R|3.300,00|3.300,00|3.900,00|3.900,00|1|5|19.500,00|
|01/06/2020|R|3.300,00|3.500,00|3.500,00|3.500,00|4|1.357|4.749.500,00|
|02/06/2020|R|3.500,00|3.500,00|3.500,00|3.500,00|3|1.377|4.819.500,00|
|03/06/2020|R|3.500,00|3.500,00|3.500,00|3.500,00|1|100|350.000,00|
|04/06/2020|R|3.500,00|3.500,00|3.500,00|3.500,00|5|1.759|6.156.500,00|
|05/06/2020|R|3.500,00|3.500,00|3.500,00|3.500,00|4|617|2.159.500,00|
|08/06/2020|R|3.500,00|3.500,00|3.800,00|3.500,00|13|19.105|66.879.500,00|
|10/06/2020|R|3.500,00|3.500,00|3.500,00|3.500,00|1|80|280.000,00|
|12/06/2020|R|3.500,00|3.500,00|3.500,00|3.500,00|3|345|1.207.500,00|
|16/06/2020|R|3.500,00|3.000,00|3.500,00|2.810,00|8|12.133|35.004.500,00|
|17/06/2020|R|3.000,00|2.800,00|2.800,00|2.800,00|3|12.837|35.943.600,00|
|18/06/2020|R|2.800,00|3.000,00|3.359,00|3.000,00|8|1.481|4.478.900,00|
|19/06/2020|R|3.000,00|3.000,00|3.000,00|3.000,00|2|7.000|21.000.000,00|
|22/06/2020|R|3.000,00|3.500,00|3.500,00|3.500,00|2|14|49.000,00|
|23/06/2020|R|3.500,00|3.515,00|4.000,00|3.300,00|21|33.726|133.739.031,10|
|25/06/2020|R|3.515,00|3.500,00|3.800,00|3.500,00|4|398|1.396.000,00|
|26/06/2020|R|3.500,00|3.300,00|3.500,00|3.300,00|4|1.131|3.911.100,00|
|30/06/2020|R|3.300,00|4.699,00|4.770,00|3.960,00|20|21.051|89.006.898,00|
|01/07/2020|R|4.699,00|4.600,00|4.700,00|4.600,00|7|1.626|7.569.793,00|
|02/07/2020|R|4.600,00|4.000,00|4.770,00|4.000,00|11|8.268|37.665.913,00|
|03/07/2020|R|4.000,00|4.000,00|4.000,00|4.000,00|8|3.582|14.328.000,00|
|06/07/2020|R|4.000,00|4.800,00|4.800,00|3.900,00|17|27.864|121.105.134,00|
|07/07/2020|R|4,40|15,98|15,98|5,28|37|788.825|5.915.886,38|
|08/07/2020|R|15,98|18,00|20,01|18,00|19|539.056|9.869.590,00|
|09/07/2020|R|18,00|11,52|21,00|11,52|25|1.279.092|18.497.759,23|
|10/07/2020|R|11,52|8,39|11,00|7,00|22|2.286.036|19.725.097,97|
|13/07/2020|R|8,39|6,99|9,50|6,99|22|2.290.412|16.281.892,12|
|14/07/2020|R|6,99|5,45|7,00|4,47|22|2.630.841|15.780.829,30|
|15/07/2020|R|5,45|4,50|5,45|4,35|13|1.487.410|6.594.830,00|
|16/07/2020|R|4,50|4,70|4,70|4,00|16|7.923.468|33.040.252,40|
|17/07/2020|R|4,70|5,50|5,60|5,49|25|4.581.502|24.989.726,95|
|20/07/2020|R|5,50|6,00|6,00|5,50|20|2.736.182|15.868.268,50|
|21/07/2020|R|6,00|5,50|5,50|5,25|15|4.426.762|24.160.807,90|
|22/07/2020|R|5,50|5,45|5,50|5,05|12|4.654.320|23.980.490,20|
|23/07/2020|R|5,45|5,49|5,49|5,49|10|1.184.705|6.504.030,45|
|27/07/2020|R|5,49|5,00|5,50|5,00|18|9.099.638|46.829.953,12|
|28/07/2020|R|5,00|5,39|5,48|5,39|14|377.225|2.058.648,93|
|29/07/2020|R|5,39|5,39|5,40|5,39|8|2.514.218|13.564.015,02|
|30/07/2020|R|5,39|6,00|6,00|5,39|17|2.497.222|14.778.372,00|
|31/07/2020|R|6,00|5,98|6,00|5,97|18|820.309|4.914.078,13|
|03/08/2020|R|5,98|5,97|5,99|5,97|34|5.353.279|32.003.716,25|
|04/08/2020|R|5,97|5,93|5,98|5,93|17|928.602|5.537.700,98|
|05/08/2020|R|5,93|6,89|6,94|5,90|26|2.324.784|13.972.532,93|
|06/08/2020|R|6,89|6,79|6,94|6,79|20|5.914.079|40.594.054,31|
|07/08/2020|R|6,79|6,78|6,93|6,78|19|5.005.157|34.018.265,02|
|10/08/2020|R|6,78|6,00|7,00|6,00|26|8.981.996|60.868.519,60|
|11/08/2020|R|6,00|6,34|6,34|5,60|20|2.572.532|15.233.526,20|
|12/08/2020|R|6,34|7,55|7,55|6,34|21|26.461.852|169.670.852,16|
|13/08/2020|R|7,55|8,05|8,05|7,55|24|3.456.455|27.549.273,90|
|14/08/2020|R|8,05|9,60|9,60|9,00|17|1.226.828|11.616.186,20|
|17/08/2020|R|9,60|9,00|9,89|8,90|19|2.198.358|20.928.501,54|
|18/08/2020|R|9,00|8,05|9,00|8,05|41|15.241.369|127.152.915,00|
|19/08/2020|R|8,05|8,50|8,99|8,50|20|8.602.940|74.003.134,66|
|20/08/2020|R|8,50|7,50|8,94|7,50|21|7.076.359|58.175.817,43|
|21/08/2020|R|7,50|8,96|8,99|8,00|20|14.208.672|117.723.610,68|
|24/08/2020|R|8,96|8,00|8,99|8,00|15|1.177.484|9.700.506,40|
|25/08/2020|R|8,00|6,95|8,24|6,95|27|4.453.787|32.636.960,40|
|26/08/2020|R|6,95|7,00|7,10|6,95|21|4.470.287|31.271.015,96|
|27/08/2020|R|7,00|6,50|7,05|6,50|13|4.997.042|32.608.061,50|
|28/08/2020|R|6,50|7,00|7,79|7,00|15|4.091.542|29.965.630,15|
|31/08/2020|R|7,00|8,39|8,40|8,00|15|1.487.492|12.279.153,80|
|01/09/2020|R|8,39|8,37|8,37|8,00|17|1.702.330|13.705.712,10|
|02/09/2020|R|8,37|7,95|8,37|7,50|16|2.876.890|22.337.822,88|
|03/09/2020|R|7,95|7,60|7,97|7,60|17|1.982.573|15.202.833,67|
|04/09/2020|R|7,60|8,93|8,95|7,60|22|6.306.917|48.498.861,15|
|07/09/2020|R|8,93|9,00|9,19|8,93|31|17.436.177|156.843.942,65|
|08/09/2020|R|9,00|9,00|9,00|8,95|12|541.850|4.853.916,25|
|09/09/2020|R|9,00|8,00|8,93|8,00|8|1.200.776|10.108.391,84|
|10/09/2020|R|8,00|7,75|8,00|7,50|18|6.511.344|49.052.401,50|
|11/09/2020|R|7,75|8,00|8,00|7,75|18|1.681.531|13.092.658,94|
|15/09/2020|R|8,00|8,00|8,00|7,50|14|12.497.806|93.962.705,00|
|16/09/2020|R|8,00|7,99|7,99|7,50|10|4.723.676|35.776.516,44|
|17/09/2020|R|7,99|7,50|7,98|7,50|5|635.736|5.009.460,00|
|18/09/2020|R|7,50|7,97|7,98|7,50|8|8.235.775|61.818.824,53|
|21/09/2020|R|7,97|7,97|7,98|7,97|14|4.066.942|32.449.633,14|
|22/09/2020|R|7,97|7,50|7,98|7,50|12|2.448.803|18.663.375,25|
|23/09/2020|R|7,50|7,50|7,50|7,50|1|6.306|47.295,00|
|24/09/2020|R|7,50|7,50|7,98|7,50|8|566.817|4.252.183,50|
|25/09/2020|R|7,50|7,50|7,50|7,50|5|936.398|7.022.985,00|
|28/09/2020|R|7,50|7,50|7,94|7,50|6|1.182.600|8.871.260,00|
|29/09/2020|R|7,50|7,84|7,94|7,84|8|1.169.379|9.186.869,26|
|30/09/2020|R|7,84|7,94|7,94|7,94|7|2.108.847|16.744.245,18|
|01/10/2020|R|7,94|7,92|7,94|7,92|11|1.130.667|8.973.495,98|
|02/10/2020|R|7,92|7,85|7,92|7,85|13|4.288.770|33.740.007,11|
|05/10/2020|R|7,85|7,88|7,89|7,85|7|494.140|3.889.136,60|
|06/10/2020|R|7,88|7,69|7,90|7,69|9|2.047.331|15.853.812,02|
|07/10/2020|R|7,69|7,45|7,63|7,45|7|583.975|4.369.109,85|
|08/10/2020|R|7,45|7,58|7,59|7,45|14|4.487.124|33.923.843,41|
|09/10/2020|R|7,58|7,59|7,59|7,50|7|2.338.939|17.564.226,42|
|13/10/2020|R|7,59|7,59|7,59|7,59|7|436.220|3.301.909,80|
|16/10/2020|R|759.000,00|750.000,00|750.000,00|750.000,00|2|301|225.750.000,00|
|20/10/2020|R|750.000,00|750.000,00|750.000,00|750.000,00|2|5|3.750.000,00|
|22/10/2020|R|750.000,00|750.000,00|750.000,00|700.000,00|2|2|1.450.000,00|
|23/10/2020|R|750.000,00|745.000,00|745.000,00|745.000,00|2|10|7.450.000,00|
|27/10/2020|R|745.000,00|745.000,00|745.000,00|745.000,00|1|2|1.490.000,00|
|28/10/2020|R|745.000,00|740.000,00|745.000,00|740.000,00|2|69|51.075.000,00|
|29/10/2020|R|740.000,00|700.000,00|700.000,00|700.000,00|6|137|95.900.000,00|
|04/11/2020|R|700.000,00|700.000,00|700.000,00|700.000,00|3|6|4.150.000,00|
|06/11/2020|R|700.000,00|600.000,00|650.000,00|600.000,00|5|11|7.050.000,00|
|09/11/2020|R|600.000,00|550.000,00|600.000,00|550.000,00|9|65|37.650.000,00|
|10/11/2020|R|550.000,00|550.000,00|550.000,00|550.000,00|1|19|10.450.000,00|
|11/11/2020|R|550.000,00|550.000,00|550.000,00|550.000,00|2|20|11.000.000,00|
|13/11/2020|R|550.000,00|600.000,00|600.000,00|600.000,00|1|1|600.000,00|
|17/11/2020|R|599.999,67|600.000,00|600.000,00|600.000,00|1|1|600.000,00|
|18/11/2020|R|600.000,00|600.000,00|600.000,00|600.000,00|1|2|1.200.000,00|
|19/11/2020|R|600.000,00|600.000,00|600.000,00|600.000,00|1|1|600.000,00|
|20/11/2020|R|600.000,00|600.000,00|600.000,00|550.001,00|7|66|36.650.039,00|
|24/11/2020|R|600.000,00|600.000,00|600.000,00|600.000,00|3|14|8.400.000,00|
|25/11/2020|R|600.000,00|600.000,00|600.000,00|600.000,00|2|30|18.000.000,00|
|26/11/2020|R|600.000,00|600.000,00|600.000,00|600.000,00|3|8|4.800.000,00|
|27/11/2020|R|600.000,00|610.000,00|610.000,00|590.000,00|10|158|95.657.000,00|
|30/11/2020|R|610.000,00|610.000,00|610.000,00|609.000,00|5|66|40.257.000,00|
|01/12/2020|R|610.000,00|580.000,00|610.000,00|580.000,00|4|20|11.750.000,00|
|02/12/2020|R|580.000,00|570.000,00|580.000,00|570.000,00|4|7|4.040.000,00|
|03/12/2020|R|570.000,00|605.000,00|605.000,00|605.000,00|5|21|12.705.000,00|
|04/12/2020|R|605.000,00|604.750,00|605.000,00|600.000,00|7|88|53.206.250,00|
|07/12/2020|R|604.750,00|604.000,00|605.000,00|603.000,00|11|374|226.125.750,00|
|08/12/2020|R|604.000,00|610.000,00|610.000,00|540.000,00|30|2.516|1.359.108.000,00|
|09/12/2020|R|610.000,00|700.000,00|700.000,00|610.010,00|5|139|86.206.000,00|
|10/12/2020|R|700.000,00|749.990,00|749.990,00|700.000,00|8|66|46.599.920,00|
|11/12/2020|R|749.990,00|780.000,00|780.000,00|745.000,00|2|29|22.270.000,00|
|15/12/2020|R|780.000,00|820.000,00|820.000,00|820.000,00|2|58|45.280.000,00|
|16/12/2020|R|820.000,00|890.000,00|890.000,00|820.000,00|2|11|9.720.000,00|
|17/12/2020|R|890.000,00|900.000,00|900.000,00|889.990,00|6|85|76.179.190,00|
|18/12/2020|R|900.000,00|900.000,00|910.000,00|900.000,00|2|284|255.620.000,00|
|21/12/2020|R|900.000,00|950.000,00|950.000,00|950.000,00|4|104|98.800.000,00|
|23/12/2020|R|950.000,00|910.000,00|950.000,00|780.000,00|6|110|87.449.950,00|
|28/12/2020|R|910.000,00|900.000,00|900.000,00|900.000,00|1|1|900.000,00|
|30/12/2020|R|900.000,00|900.000,00|939.980,00|900.000,00|3|6|5.479.960,00|
|04/01/2021|R|900.000,00|990.000,00|990.000,00|900.000,00|2|6|5.490.000,00|
|05/01/2021|R|990.000,00|990.000,00|990.000,00|990.000,00|1|1|990.000,00|
|06/01/2021|R|990.000,00|969.990,00|970.000,00|969.990,00|3|29|28.129.750,00|
|07/01/2021|R|969.990,00|1.099.990,00|1.099.990,00|1.099.990,00|1|6|6.599.940,00|
|08/01/2021|R|1.099.990,00|1.200.000,00|1.200.000,00|1.100.000,00|4|122|145.399.050,00|
|13/01/2021|R|1.200.000,00|1.100.000,00|1.100.000,00|1.100.000,00|2|6|6.600.000,00|
|14/01/2021|R|1.100.000,00|1.100.000,00|1.100.000,00|900.000,00|3|97|87.700.000,00|
|15/01/2021|R|1.100.000,00|1.150.000,00|1.150.000,00|1.100.000,00|2|6|6.750.000,00|
|21/01/2021|R|1.150.000,00|1.200.000,00|1.200.000,00|1.200.000,00|1|3|3.600.000,00|
|22/01/2021|R|1.200.000,00|1.200.000,00|0,00|0,00|1|9|10.800.000,00|
|25/01/2021|R|1.200.000,00|1.200.000,00|1.200.000,00|1.200.000,00|2|16|19.605.000,00|
|26/01/2021|R|1.200.000,00|1.199.000,00|1.200.000,00|1.199.000,00|4|125|149.935.000,00|
|27/01/2021|R|1.199.000,00|1.200.000,00|1.200.000,00|1.199.000,00|6|170|203.842.000,00|
|28/01/2021|R|1.200.000,00|1.200.000,00|1.200.000,00|1.200.000,00|1|4|4.800.000,00|
|29/01/2021|R|1.200.000,00|1.390.000,00|1.399.000,00|1.390.000,00|2|50|69.689.000,00|
|01/02/2021|R|1.390.000,00|1.300.000,00|1.300.000,00|1.300.000,00|4|124|161.200.000,00|
|02/02/2021|R|1.300.000,00|1.300.000,00|1.300.000,00|1.040.050,00|2|57|59.802.750,00|
|03/02/2021|R|1.300.000,00|1.369.990,00|1.369.990,00|1.250.000,00|3|602|752.739.980,00|
|04/02/2021|R|1.369.990,00|1.239.000,00|1.239.000,00|1.239.000,00|1|10|12.390.000,00|
|05/02/2021|R|1.239.000,00|1.230.000,00|1.230.000,00|1.230.000,00|2|6|7.380.000,00|
|08/02/2021|R|1.230.000,00|1.220.000,00|1.220.000,00|1.220.000,00|1|6|7.320.000,00|
|10/02/2021|R|1.220.000,00|1.208.000,00|1.208.000,00|1.208.000,00|2|3|3.624.000,00|
|11/02/2021|R|1.208.000,00|1.200.000,00|1.208.000,00|1.200.000,00|2|21|25.360.000,00|
|12/02/2021|R|1.200.000,00|1.100.000,00|1.180.000,00|1.100.000,00|3|7|7.976.000,00|
|17/02/2021|R|1.100.000,00|1.100.000,00|1.100.000,00|1.100.000,00|1|5|5.500.000,00|
|19/02/2021|R|1.100.000,00|1.100.000,00|1.100.000,00|1.050.000,00|10|377|404.850.000,00|
|23/02/2021|R|1.100.000,00|1.180.000,00|1.280.000,00|1.180.000,00|6|295|348.700.000,00|
|24/02/2021|R|1.180.000,00|1.180.000,00|1.180.000,00|1.180.000,00|7|794|936.920.000,00|
|25/02/2021|R|1.180.000,00|1.200.000,00|1.200.000,00|1.200.000,00|1|50|60.000.000,00|
|26/02/2021|R|1.200.000,00|1.200.000,00|1.200.000,00|1.200.000,00|3|89|106.800.000,00|
|01/03/2021|R|1.200.000,00|1.200.100,00|1.200.100,00|1.200.100,00|1|25|30.002.500,00|
|02/03/2021|R|1.200.100,00|1.250.000,00|1.250.000,00|1.250.000,00|1|10|12.500.000,00|
|03/03/2021|R|1.250.000,00|1.350.000,00|1.350.000,00|1.250.000,00|10|182|242.950.090,00|
|08/03/2021|R|1.350.000,00|1.350.000,00|1.350.000,00|1.350.000,00|4|21|28.350.000,00|
|10/03/2021|R|1.350.000,00|1.425.000,00|1.425.000,00|1.350.000,00|2|16|22.050.000,00|
|12/03/2021|R|1.425.000,00|1.619.990,00|1.619.990,00|1.619.990,00|4|27|43.739.730,00|
|23/03/2021|R|1.619.990,00|1.619.000,00|1.619.000,00|1.619.000,00|1|3|4.857.000,00|
|24/03/2021|R|1.619.000,00|1.618.000,00|1.618.000,00|1.618.000,00|3|7|11.326.000,00|
|25/03/2021|R|1.618.000,00|1.618.000,00|1.618.000,00|1.618.000,00|2|7|11.326.000,00|
|26/03/2021|R|1.618.000,00|1.618.000,00|1.618.000,00|1.618.000,00|1|20|32.360.000,00|
|05/04/2021|R|1.618.000,00|1.941.000,00|1.941.000,00|1.941.000,00|4|26|47.577.000,00|
|06/04/2021|R|1.941.000,00|1.941.000,00|1.941.000,00|1.941.000,00|7|162|314.442.000,00|
|07/04/2021|R|1.941.000,00|1.941.000,00|1.941.000,00|1.941.000,00|4|166|321.387.000,00|
|08/04/2021|R|1.941.000,00|1.935.000,00|1.942.000,00|1.935.000,00|5|35|67.746.000,00|
|12/04/2021|R|1.935.000,00|2.320.000,00|2.320.000,00|2.320.000,00|1|2|4.640.000,00|
|13/04/2021|R|2.320.000,00|2.320.000,00|2.320.000,00|2.320.000,00|3|12|27.840.000,00|
|14/04/2021|R|2.320.000,00|2.320.000,00|2.320.000,00|2.320.000,00|1|14|32.480.000,00|
|15/04/2021|R|2.320.000,00|2.500.000,00|2.500.000,00|2.500.000,00|3|61|152.500.000,00|
|16/04/2021|R|2.500.000,00|2.600.000,00|2.600.000,00|2.600.000,00|1|15|39.000.000,00|
|21/04/2021|R|2.600.000,00|3.118.000,00|3.118.000,00|3.118.000,00|2|19|59.242.000,00|
|22/04/2021|R|3.118.000,00|3.741.000,00|3.741.000,00|3.741.000,00|1|4|14.964.000,00|
|23/04/2021|R|3.741.000,00|4.395.000,00|4.395.000,00|4.395.000,00|1|2|8.790.000,00|
|26/04/2021|R|4.395.000,00|5.000.000,00|5.000.000,00|4.500.000,00|3|99|483.000.000,00|
|27/04/2021|R|5.000.000,00|5.100.000,00|5.100.000,00|5.100.000,00|1|2|10.200.000,00|
|28/04/2021|R|5.100.000,00|5.100.000,00|5.103.000,00|5.100.000,00|6|40|204.021.000,00|
|29/04/2021|R|5.100.000,00|5.100.000,00|5.100.000,00|5.100.000,00|2|35|178.500.000,00|
|04/05/2021|R|5.100.000,00|5.100.000,00|5.100.000,00|5.100.000,00|2|5|25.500.000,00|
|05/05/2021|R|5.100.000,00|5.100.000,00|5.100.000,00|5.100.000,00|1|1|5.100.000,00|
|06/05/2021|R|5.100.000,00|5.100.000,00|5.100.000,00|5.100.000,00|6|92|469.200.000,00|
|07/05/2021|R|5.100.000,00|5.499.000,00|5.499.000,00|5.499.000,00|1|1|5.499.000,00|
|11/05/2021|R|5.499.000,00|5.500.000,00|5.500.000,00|5.500.000,00|1|15|82.500.000,00|
|12/05/2021|R|5.500.000,00|5.500.000,00|5.500.000,00|5.500.000,00|1|6|33.000.000,00|
|17/05/2021|R|5.500.000,00|6.000.000,00|6.000.000,00|6.000.000,00|1|1|6.000.000,00|
|18/05/2021|R|6.000.000,00|6.000.000,00|6.200.000,00|6.000.000,00|5|94|564.800.000,00|
|21/05/2021|R|6.000.000,00|6.000.000,00|6.000.000,00|6.000.000,00|2|5|30.000.000,00|
|26/05/2021|R|6.000.000,00|6.000.000,00|6.000.000,00|6.000.000,00|1|9|54.000.000,00|
|27/05/2021|R|6.000.000,00|6.000.000,00|6.000.000,00|6.000.000,00|2|5|30.000.000,00|
|28/05/2021|R|6.000.000,00|6.000.000,00|6.000.000,00|6.000.000,00|1|13|78.000.000,00|
|01/06/2021|R|6.000.000,00|5.700.000,00|6.000.000,00|5.700.000,00|4|31|179.100.000,00|
|02/06/2021|R|5.700.000,00|5.897.000,00|5.897.000,00|5.500.000,00|4|70|385.794.000,00|
|03/06/2021|R|5.897.000,00|5.900.000,00|5.900.000,00|5.900.000,00|1|48|283.200.000,00|
|04/06/2021|R|5.900.000,00|7.000.000,00|7.000.000,00|5.900.000,00|2|5|30.600.000,00|
|07/06/2021|R|7.000.000,00|6.500.000,00|6.999.000,00|6.500.000,00|7|124|862.387.000,00|
|08/06/2021|R|6.500.000,00|6.000.000,00|6.000.010,00|6.000.000,00|4|112|672.000.020,00|
|09/06/2021|R|6.000.000,00|5.800.000,00|5.800.000,00|5.800.000,00|4|31|179.800.000,00|
|10/06/2021|R|5.800.000,00|5.800.000,00|5.800.000,00|5.800.000,00|2|175|1.015.000.000,00|
|11/06/2021|R|5.800.000,00|4.721.000,00|5.000.000,00|4.719.000,00|5|69|341.086.000,00|
|15/06/2021|R|4.721.000,00|4.500.000,00|4.720.000,00|4.500.000,00|6|100|452.200.000,00|
|16/06/2021|R|4.500.000,00|4.600.000,00|4.600.000,00|4.600.000,00|5|39|179.400.000,00|
|18/06/2021|R|4.600.000,00|5.500.000,00|5.519.000,00|5.490.000,00|6|117|643.314.950,00|
|21/06/2021|R|5.500.000,00|6.000.000,00|6.000.000,00|6.000.000,00|1|2|12.000.000,00|
|22/06/2021|R|6.000.000,00|6.000.000,00|6.000.000,00|6.000.000,00|1|1|6.000.000,00|
|25/06/2021|R|6.000.000,00|6.000.000,00|0,00|0,00|1|477|2.565.878.400,00|
|30/06/2021|R|6.000.000,00|6.000.000,00|6.001.000,00|6.000.000,00|6|190|1.140.021.000,00|
|07/07/2021|R|6.000.000,00|6.000.010,00|6.000.010,00|6.000.010,00|3|11|66.000.110,00|
|08/07/2021|R|6.000.010,00|6.003.000,00|6.003.000,00|6.003.000,00|3|7|42.021.000,00|
|09/07/2021|R|6.003.000,00|6.003.050,00|6.003.050,00|6.003.050,00|1|3|18.009.150,00|
|15/07/2021|R|6.003.050,00|6.000.000,00|6.000.000,00|6.000.000,00|4|11|66.000.000,00|
|19/07/2021|R|6.000.000,00|6.000.000,00|6.000.000,00|6.000.000,00|5|43|258.000.000,00|
|23/07/2021|R|6.000.000,00|6.000.000,00|6.000.000,00|6.000.000,00|1|9|54.000.000,00|
|26/07/2021|R|6.000.000,00|6.000.000,00|6.000.000,00|6.000.000,00|5|102|612.000.000,00|
|02/08/2021|R|6.000.000,00|6.000.000,00|6.000.000,00|6.000.000,00|2|4|24.000.000,00|
|09/08/2021|R|6.000.000,00|6.000.000,00|6.000.000,00|6.000.000,00|1|1|6.000.000,00|
|10/08/2021|R|6.000.000,00|6.000.000,00|6.000.000,00|6.000.000,00|5|96|576.000.000,00|
|16/08/2021|R|6.000.000,00|6.000.000,00|6.000.000,00|6.000.000,00|1|3|18.000.000,00|
|17/08/2021|R|6.000.000,00|5.500.000,00|5.999.000,00|5.500.000,00|2|15|83.498.000,00|
|19/08/2021|R|5.500.000,00|5.999.000,00|5.999.000,00|5.999.000,00|1|3|17.997.000,00|
|23/08/2021|R|5.999.000,00|6.000.000,00|6.000.000,00|6.000.000,00|1|1|6.000.000,00|
|25/08/2021|R|6.000.000,00|6.100.000,00|6.105.000,00|6.100.000,00|4|13|79.325.000,00|
|26/08/2021|R|6.100.000,00|6.100.000,00|6.100.000,00|6.100.000,00|1|2|12.200.000,00|
|27/08/2021|R|6.100.000,00|6.102.000,00|6.102.000,00|6.100.000,00|3|129|786.902.000,00|
|01/09/2021|R|6.102.000,00|7.319.000,00|7.319.000,00|6.800.000,00|3|8|58.033.000,00|












 



 
 






   


 

     


   
   





















