 
|07/01/2013|R|6,50|6,50|6,25|6,25|1|20|125,00|
|08/01/2013|R|6,50|6,25|6,25|6,25|2|9.980|62.375,00|
|15/01/2013|R|6,25|6,50|6,50|6,50|1|7.500|48.750,00|
|18/01/2013|R|6,50|6,50|5,20|5,20|1|86|447,20|
|21/01/2013|R|6,50|6,25|6,25|6,25|1|5.320|33.250,00|
|28/01/2013|R|6,25|6,49|6,49|6,49|1|980|6.360,20|
|29/01/2013|R|6,49|6,75|6,75|6,74|2|7.400|49.900,00|
|31/01/2013|R|6,75|6,74|6,74|6,50|4|6.271|42.218,54|
|01/02/2013|R|6,74|6,50|6,50|6,50|1|1.100|7.150,00|
|06/02/2013|R|6,50|6,25|6,51|6,25|3|1.451|9.316,01|
|07/02/2013|R|6,25|6,25|0,00|0,00|2|57.600|374.400,00|
|13/02/2013|R|6,25|6,25|6,26|6,25|4|24.904|155.663,66|
|14/02/2013|R|6,25|6,25|6,35|6,25|2|4.370|27.327,70|
|18/02/2013|R|6,25|6,50|6,50|6,50|1|3.500|22.750,00|
|19/02/2013|R|6,50|6,50|6,25|6,23|2|234|1.458,70|
|26/02/2013|R|6,50|6,69|6,69|6,69|1|1.793|11.995,17|
|28/02/2013|R|6,69|6,70|6,70|6,69|3|24.200|162.107,00|
|01/03/2013|R|6,70|6,80|6,80|6,80|3|10.000|68.000,00|
|04/03/2013|R|6,80|6,80|6,80|6,80|1|6.866|46.688,80|
|05/03/2013|R|6,80|6,80|6,80|6,80|1|526|3.576,80|
|11/03/2013|R|6,80|6,80|6,89|6,89|1|70|482,30|
|13/03/2013|R|6,80|6,80|6,80|6,80|4|8.098|55.066,40|
|18/03/2013|R|6,80|6,89|6,89|6,89|1|500|3.445,00|
|20/03/2013|R|6,89|6,89|6,89|6,89|1|144|992,16|
|25/03/2013|R|6,89|6,70|6,89|6,70|2|54.020|361.937,80|
|02/04/2013|R|6,70|6,70|6,89|6,89|1|200|1.378,00|
|03/04/2013|R|6,70|6,50|6,50|6,50|1|20.000|130.000,00|
|04/04/2013|R|6,50|6,50|6,89|6,89|2|1.144|7.882,16|
|08/04/2013|R|6,50|6,88|6,88|6,88|2|590|4.059,20|
|10/04/2013|R|6,88|6,89|6,89|6,88|3|20.110|138.546,80|
|11/04/2013|R|6,89|6,90|6,90|6,90|1|8.000|55.200,00|
|12/04/2013|R|6,90|6,90|6,90|6,90|1|1.000|6.900,00|
|15/04/2013|R|6,90|6,90|6,90|6,89|4|11.250|77.622,50|
|25/04/2013|R|6,90|6,90|7,25|7,25|1|30|217,50|
|29/04/2013|R|6,90|6,90|6,90|6,90|2|10.050|69.345,00|
|02/05/2013|R|6,90|6,90|6,90|6,80|3|20.000|137.677,70|
|09/05/2013|R|6,90|6,90|6,90|6,90|1|150|1.035,00|
|10/05/2013|R|6,90|6,90|6,90|6,90|1|130|897,00|
|14/05/2013|R|6,90|6,90|6,90|6,90|1|40|276,00|
|21/05/2013|R|6,60|6,30|6,90|6,30|3|29.970|190.923,00|
|28/05/2013|R|6,30|6,90|6,90|6,90|2|9.760|67.344,00|
|29/05/2013|R|6,90|6,90|6,90|6,90|2|371|2.559,90|
|30/05/2013|R|6,90|6,90|6,90|6,90|3|429|2.960,10|
|12/06/2013|R|6,90|6,90|6,90|6,90|1|5.700|39.330,00|
|13/06/2013|R|6,90|6,30|6,35|6,30|2|15.000|94.750,00|
|18/06/2013|R|6,30|6,30|7,25|7,25|1|45|326,25|
|19/06/2013|R|6,30|6,30|7,25|7,25|1|400|2.900,00|
|20/06/2013|R|6,30|6,30|7,25|7,25|1|350|2.537,50|
|28/06/2013|R|6,30|7,00|7,00|7,00|2|10.000|70.000,00|
|01/07/2013|R|7,00|7,25|7,25|7,25|1|29.175|211.518,75|
|02/07/2013|R|7,25|7,50|7,50|7,50|1|6.875|51.562,50|
|03/07/2013|R|7,50|7,80|7,80|7,50|4|47.775|359.707,50|
|04/07/2013|R|7,80|7,80|7,80|7,80|3|30.020|234.156,00|
|08/07/2013|R|7,80|7,80|7,80|7,80|1|24.330|189.774,00|
|09/07/2013|R|7,80|8,00|8,00|8,00|1|380|3.040,00|
|12/07/2013|R|8,00|7,80|7,80|7,80|1|30.000|234.000,00|
|15/07/2013|R|7,80|7,80|7,90|7,80|4|29.951|233.691,80|
|16/07/2013|R|7,80|7,80|8,00|8,00|1|150|1.200,00|
|17/07/2013|R|7,80|7,81|7,81|7,81|2|1.800|14.058,00|
|18/07/2013|R|7,81|8,00|8,00|8,00|3|45.000|360.000,00|
|19/07/2013|R|8,00|8,00|8,00|8,00|2|9.470|75.760,00|
|22/07/2013|R|8,00|8,00|8,00|8,00|1|370|2.960,00|
|23/07/2013|R|8,00|8,00|8,50|8,50|2|140|1.190,00|
|25/07/2013|R|8,00|8,00|8,50|8,50|2|300|2.550,00|
|26/07/2013|R|8,00|8,50|8,50|8,50|1|9.400|79.900,00|
|29/07/2013|R|8,50|8,50|8,50|8,50|1|200|1.700,00|
|31/07/2013|R|8,50|8,00|8,30|8,00|2|15.000|120.600,00|
|01/08/2013|R|8,00|8,50|8,50|8,50|1|900|7.650,00|
|02/08/2013|R|8,50|8,50|8,50|8,50|1|100|850,00|
|05/08/2013|R|8,50|8,50|8,50|8,50|2|33.000|280.500,00|
|06/08/2013|R|8,50|8,50|8,50|8,50|4|13.460|114.410,00|
|07/08/2013|R|8,50|9,00|9,00|9,00|2|22.000|198.000,00|
|08/08/2013|R|9,00|9,00|9,00|9,00|2|5.722|51.498,00|
|09/08/2013|R|9,00|9,00|9,00|9,00|1|23.000|207.000,00|
|12/08/2013|R|9,00|9,00|9,00|9,00|1|3.422|30.798,00|
|13/08/2013|R|9,00|9,00|9,00|9,00|1|1.000|9.000,00|
|14/08/2013|R|9,00|9,00|9,00|9,00|2|46.856|421.704,00|
|15/08/2013|R|9,00|9,50|9,50|9,50|1|853|8.103,50|
|20/08/2013|R|9,50|9,50|10,00|10,00|1|20|200,00|
|23/08/2013|R|9,50|9,50|10,00|10,00|2|200|2.000,00|
|26/08/2013|R|9,50|11,00|11,00|11,00|2|900|9.900,00|
|27/08/2013|R|11,00|11,00|11,00|11,00|2|13.000|143.000,00|
|28/08/2013|R|11,00|11,00|11,00|11,00|1|14.500|159.500,00|
|03/09/2013|R|11,00|13,20|13,20|13,20|3|1.275|16.830,00|
|10/09/2013|R|13,20|13,00|13,00|13,00|1|8.000|104.000,00|
|12/09/2013|R|13,00|13,00|13,00|12,75|2|3.997|51.949,75|
|13/09/2013|R|13,00|12,00|12,00|12,00|2|13.000|156.000,00|
|18/09/2013|R|12,00|12,50|12,50|12,50|3|10.000|125.000,00|
|19/09/2013|R|12,50|12,50|12,50|12,50|3|8.750|109.375,00|
|20/09/2013|R|12,50|12,50|12,50|12,50|2|9.500|118.750,00|
|23/09/2013|R|12,50|10,00|10,00|10,00|3|19.591|195.910,00|
|24/09/2013|R|10,00|10,00|10,00|10,00|5|50.559|505.590,00|
|27/09/2013|R|10,00|10,00|10,00|10,00|2|500|5.000,00|
|01/10/2013|R|10,00|10,00|0,00|0,00|2|1.300|13.650,00|
|02/10/2013|R|10,00|10,50|10,50|10,50|1|1.000|10.500,00|
|10/10/2013|R|10,50|10,50|10,50|10,50|1|4.000|42.000,00|
|15/10/2013|R|10,50|12,00|12,00|12,00|3|9.400|112.800,00|
|23/10/2013|R|12,00|12,00|0,00|0,00|1|4.300|47.300,00|
|25/10/2013|R|12,00|12,00|12,00|12,00|2|40.600|487.200,00|
|29/10/2013|R|12,00|12,00|12,50|12,00|2|5.100|61.250,00|
|30/10/2013|R|12,00|12,50|12,50|12,50|2|49.900|623.750,00|
|31/10/2013|R|12,50|12,50|12,50|12,50|1|5.000|62.500,00|
|01/11/2013|R|12,50|13,00|13,00|12,50|6|73.950|949.375,00|
|05/11/2013|R|13,00|13,00|13,00|13,00|1|3.000|39.000,00|
|06/11/2013|R|13,00|14,00|14,00|14,00|2|10.700|149.800,00|
|07/11/2013|R|14,00|15,00|15,00|15,00|3|18.600|279.000,00|
|08/11/2013|R|15,00|16,00|16,00|15,00|4|12.215|184.040,00|
|11/11/2013|R|16,00|15,00|16,00|15,00|5|9.330|143.980,00|
|12/11/2013|R|15,00|15,00|15,00|15,00|3|33.300|499.500,00|
|15/11/2013|R|15,00|15,00|15,00|15,00|2|591|8.865,00|
|18/11/2013|R|15,00|15,00|15,00|15,00|2|20|300,00|
|21/11/2013|R|15,00|14,00|14,25|14,00|7|59.389|834.293,25|
|22/11/2013|R|14,00|14,00|14,00|14,00|1|10|140,00|
|25/11/2013|R|14,00|14,00|14,50|14,50|1|42|609,00|
|03/12/2013|R|14,00|13,00|13,00|13,00|1|248|3.224,00|
|04/12/2013|R|13,00|13,00|13,00|13,00|2|56.752|737.776,00|
|05/12/2013|R|13,00|12,55|12,55|12,55|1|5.000|62.750,00|
|06/12/2013|R|12,55|12,50|14,50|12,50|2|1.020|12.790,00|
|12/12/2013|R|12,50|13,00|13,00|13,00|3|7.082|92.066,00|
|13/12/2013|R|13,00|12,75|13,00|12,75|4|20.050|255.650,00|
|27/12/2013|R|12,75|14,50|14,50|14,50|3|3.000|43.500,00|
|08/01/2014|R|14,50|14,50|15,50|15,50|1|30|465,00|
|13/01/2014|R|14,50|15,50|15,50|15,50|2|670|10.385,00|
|17/01/2014|R|15,50|15,50|15,50|15,50|1|300|4.650,00|
|21/01/2014|R|15,50|15,25|15,25|15,25|1|220|3.355,00|
|23/01/2014|R|15,25|15,25|15,25|15,25|1|30|457,50|
|24/01/2014|R|15,25|15,25|15,20|15,20|1|25|380,00|
|30/01/2014|R|15,25|13,50|15,25|13,50|2|1.405|20.717,50|
|31/01/2014|R|13,50|13,50|15,25|15,25|1|30|457,50|
|05/02/2014|R|13,50|15,00|15,00|13,50|2|5.200|77.700,00|
|07/02/2014|R|15,00|15,00|14,50|14,50|2|8.000|108.032,00|
|14/02/2014|R|15,00|14,80|14,80|14,80|2|1.020|15.096,00|
|25/02/2014|R|14,80|13,50|14,90|13,50|4|26.850|362.685,00|
|07/03/2014|R|13,50|15,50|15,50|15,50|1|1.000|15.500,00|
|18/03/2014|R|15,50|14,00|14,00|14,00|2|1.200|16.800,00|
|24/03/2014|R|14,00|12,00|12,00|12,00|1|2.000|24.000,00|
|27/03/2014|R|12,00|12,00|0,00|0,00|1|154|2.002,00|
|28/03/2014|R|12,00|12,00|13,00|13,00|1|20|260,00|
|31/03/2014|R|12,00|13,00|13,00|13,00|1|1.000|13.000,00|
|09/04/2014|R|13,00|10,00|12,00|10,00|2|5.500|56.000,00|
|10/04/2014|R|10,00|10,00|10,00|10,00|1|10.000|100.000,00|
|24/04/2014|R|10,00|13,01|13,01|13,01|2|3.420|44.494,20|
|25/04/2014|R|13,01|13,05|13,05|13,05|2|5.000|65.250,00|
|07/05/2014|R|13,05|10,45|10,45|10,45|1|5.000|52.250,00|
|13/05/2014|R|10,45|10,45|12,00|12,00|1|100|1.200,00|
|14/05/2014|R|10,45|12,00|12,00|12,00|2|2.850|31.700,00|
|19/05/2014|R|12,00|11,50|12,00|11,50|3|1.355|15.610,00|
|21/05/2014|R|11,50|11,50|11,50|11,50|1|2.500|28.750,00|
|23/05/2014|R|11,50|12,00|12,00|12,00|1|5.000|60.000,00|
|30/05/2014|R|12,00|12,00|12,00|12,00|1|230|2.760,00|
|10/06/2014|R|12,00|12,00|12,00|12,00|1|167|2.004,00|
|16/06/2014|R|11,70|11,10|11,20|11,10|3|38.300|425.710,00|
|30/06/2014|R|11,10|12,00|12,00|12,00|2|620|7.440,00|
|01/07/2014|R|12,00|12,00|12,00|12,00|1|20|240,00|
|07/07/2014|R|12,00|12,00|11,99|11,99|1|30|359,70|
|10/07/2014|R|12,00|10,45|10,45|10,45|1|1.574|16.448,30|
|18/07/2014|R|10,45|10,45|0,00|0,00|1|7.000|73.500,00|
|23/07/2014|R|10,45|10,45|10,45|10,45|1|270|2.821,50|
|21/08/2014|R|10,45|12,00|12,00|11,50|2|18.200|213.400,00|
|22/08/2014|R|12,00|12,00|12,00|12,00|1|9.700|116.400,00|
|09/09/2014|R|12,00|12,54|12,54|10,45|2|324|3.759,91|
|15/09/2014|R|12,54|12,00|12,00|12,00|1|7.100|85.200,00|
|16/09/2014|R|12,00|13,00|13,00|13,00|2|45.060|585.780,00|
|17/09/2014|R|13,00|13,00|13,00|13,00|1|49.821|647.673,00|
|24/09/2014|R|13,00|13,00|13,00|13,00|2|4.200|54.600,00|
|30/09/2014|R|13,00|13,00|13,00|13,00|1|462|6.006,00|
|13/10/2014|R|13,00|13,00|15,50|15,50|1|30|465,00|
|22/10/2014|R|13,00|15,50|15,50|13,00|4|1.750|25.875,00|
|14/11/2014|R|15,50|15,50|0,00|0,00|1|1.000|15.500,00|
|20/11/2014|R|15,50|14,75|14,75|14,75|1|300|4.425,00|
|24/11/2014|R|14,75|14,75|15,50|15,50|1|150|2.325,00|
|02/12/2014|R|14,75|14,75|14,75|14,75|4|40.675|599.956,25|
|03/12/2014|R|14,75|14,75|14,75|14,75|2|11.154|164.521,50|
|09/12/2014|R|14,75|15,50|15,50|14,75|2|45.250|667.625,00|
|12/12/2014|R|15,50|15,50|15,50|15,00|2|40.000|618.750,00|
|29/12/2014|R|15,50|15,50|15,50|15,50|1|1.000|15.500,00|
|08/01/2015|R|15,50|15,50|15,50|15,50|1|7.620|118.110,00|
|20/01/2015|R|15,50|16,50|16,50|16,50|1|9.500|156.750,00|
|04/02/2015|R|16,50|16,50|16,50|15,50|2|1.800|28.900,00|
|18/02/2015|R|16,50|16,50|16,50|16,50|1|2.250|37.125,00|
|24/02/2015|R|16,50|16,50|16,50|16,50|2|10.000|165.000,00|
|17/03/2015|R|16,50|16,50|0,00|0,00|1|2.000|33.020,00|
|24/03/2015|R|16,50|17,25|17,25|17,25|1|5.238|90.355,50|
|25/03/2015|R|17,25|17,25|18,00|18,00|1|20|360,00|
|20/04/2015|R|17,25|17,25|19,00|19,00|1|20|380,00|
|29/04/2015|R|17,25|17,25|0,00|0,00|1|300|6.150,00|
|22/05/2015|R|17,25|17,25|20,70|20,70|1|1|20,70|
|25/05/2015|R|17,25|20,50|20,50|20,50|1|20.000|410.000,00|
|27/05/2015|R|20,50|29,52|29,52|24,60|3|41.000|1.013.520,00|
|28/05/2015|R|29,52|29,52|0,00|0,00|1|1.000|35.420,00|
|01/06/2015|R|29,52|35,00|35,00|35,00|1|140|4.900,00|
|02/06/2015|R|35,00|42,00|42,00|42,00|2|1.120|47.040,00|
|12/06/2015|R|42,00|50,35|50,35|50,35|1|1.000|50.350,00|
|16/06/2015|R|50,35|50,35|0,00|0,00|1|800|48.000,00|
|02/07/2015|R|50,35|60,40|60,40|60,40|1|2.000|120.800,00|
|03/07/2015|R|60,40|72,45|72,45|72,45|1|2.000|144.900,00|
|06/07/2015|R|72,45|104,00|104,00|104,00|2|1.000|104.000,00|
|07/07/2015|R|104,00|124,00|124,00|124,00|3|3.000|372.000,00|
|08/07/2015|R|124,00|160,00|160,00|148,00|3|2.700|403.500,00|
|09/07/2015|R|160,00|192,00|192,00|190,00|5|1.450|276.632,00|
|10/07/2015|R|192,00|210,00|220,00|210,00|3|591|129.055,50|
|13/07/2015|R|210,00|170,00|170,00|170,00|2|90|15.276,00|
|15/07/2015|R|170,00|170,00|170,00|170,00|2|2.949|501.330,00|
|20/07/2015|R|170,00|170,00|170,00|170,00|1|95|16.150,00|
|21/07/2015|R|170,00|170,00|168,00|168,00|2|10|1.680,00|
|04/08/2015|R|170,00|150,00|150,00|150,00|2|210|31.500,00|
|12/08/2015|R|150,00|165,00|165,00|165,00|1|50|8.250,00|
|15/09/2015|R|163,80|140,00|140,00|140,00|1|1.478|206.920,00|
|16/09/2015|R|140,00|135,00|140,00|135,00|2|2.000|275.000,00|
|18/09/2015|R|135,00|130,00|135,00|130,00|2|2.000|265.000,00|
|23/09/2015|R|130,00|130,00|130,00|130,00|2|1.500|195.000,00|
|25/09/2015|R|130,00|125,00|125,00|125,00|2|2.490|311.250,00|
|28/09/2015|R|125,00|135,00|135,00|135,00|2|1.500|202.500,00|
|05/10/2015|R|135,00|130,00|130,00|130,00|2|1.500|195.000,00|
|06/10/2015|R|130,00|129,99|129,99|129,99|1|2.000|259.980,00|
|08/10/2015|R|129,99|129,98|129,98|129,98|2|1.100|142.978,00|
|09/10/2015|R|129,98|120,00|120,00|120,00|1|6.400|768.000,00|
|14/10/2015|R|120,00|120,00|120,00|120,00|2|2.419|290.280,00|
|19/10/2015|R|120,00|128,95|128,95|128,95|1|2.350|303.032,50|
|20/10/2015|R|128,95|130,00|130,00|130,00|1|1.500|195.000,00|
|26/10/2015|R|130,00|130,00|130,00|130,00|3|65|8.450,00|
|27/10/2015|R|130,00|125,00|125,00|125,00|1|1.000|125.000,00|
|28/10/2015|R|125,00|125,00|125,00|125,00|1|56|7.000,00|
|05/11/2015|R|125,00|125,00|0,00|0,00|1|2.000|202.000,00|
|09/12/2015|R|125,00|129,99|130,00|129,99|3|1.918|249.321,62|
|10/12/2015|R|129,99|129,99|129,00|129,00|1|10|1.290,00|
|15/12/2015|R|129,99|129,99|129,00|129,00|1|10|1.290,00|
|17/12/2015|R|129,99|125,00|129,00|125,00|2|1.548|193.540,00|
|22/12/2015|R|125,00|130,00|130,00|129,00|2|3.405|442.245,00|
|30/12/2015|R|130,00|130,00|130,00|130,00|1|100|13.000,00|
|13/01/2016|R|130,00|130,00|130,00|130,00|1|50|6.500,00|
|15/01/2016|R|130,00|130,00|130,00|130,00|1|2.000|260.000,00|
|18/01/2016|R|130,00|130,00|130,00|130,00|3|115|14.950,00|
|19/01/2016|R|130,00|130,00|130,00|130,00|1|38|4.940,00|
|20/01/2016|R|130,00|130,00|130,00|130,00|1|150|19.500,00|
|21/01/2016|R|130,00|104,10|104,10|104,10|1|5.000|520.500,00|
|25/01/2016|R|104,10|124,50|124,50|124,50|1|1.100|136.950,00|
|26/01/2016|R|124,50|124,50|0,00|0,00|1|90|9.450,00|
|27/01/2016|R|124,50|106,00|106,00|105,00|5|11.000|1.156.127,50|
|10/02/2016|R|106,00|106,00|125,00|125,00|1|10|1.250,00|
|16/02/2016|R|106,00|110,00|120,00|110,00|3|23.872|2.438.020,00|
|19/02/2016|R|110,00|126,00|126,00|126,00|1|100|12.600,00|
|22/02/2016|R|126,00|126,00|0,00|0,00|1|7.362|846.630,00|
|24/02/2016|R|126,00|125,99|126,00|125,99|3|11.000|1.385.910,00|
|25/02/2016|R|125,99|125,99|125,99|125,99|4|18.360|2.236.324,70|
|26/02/2016|R|125,99|125,99|125,99|125,99|2|4.116|518.574,84|
|29/02/2016|R|110,00|110,00|115,00|110,00|2|5.000|551.500,00|
|01/03/2016|R|110,00|126,00|126,00|126,00|4|10.040|1.265.040,00|
|02/03/2016|R|126,00|125,99|125,99|125,99|1|150|18.898,50|
|03/03/2016|R|125,99|126,00|126,00|125,00|5|24.747|2.964.370,00|
|14/03/2016|R|126,00|122,00|122,00|122,00|1|199|24.278,00|
|15/03/2016|R|122,00|125,99|125,99|125,99|1|275|34.647,25|
|16/03/2016|R|125,99|125,99|125,98|125,98|1|15|1.889,70|
|21/03/2016|R|125,99|126,00|126,00|125,99|4|9.483|1.194.815,35|
|22/03/2016|R|126,00|126,00|126,00|126,00|1|42|5.292,00|
|28/03/2016|R|126,00|128,00|128,00|128,00|1|390|49.920,00|
|29/03/2016|R|128,00|125,00|125,00|125,00|1|200|25.000,00|
|01/04/2016|R|125,00|125,00|125,00|102,00|3|293|36.165,00|
|05/04/2016|R|125,00|128,00|128,00|128,00|2|1.550|198.400,00|
|07/04/2016|R|128,00|128,00|128,00|128,00|1|150|19.200,00|
|08/04/2016|R|128,00|128,00|128,00|128,00|1|20|2.560,00|
|14/04/2016|R|128,00|128,00|128,00|127,00|2|2.500|319.900,00|
|18/04/2016|R|128,00|106,00|128,00|106,00|4|14.710|1.559.480,00|
|22/04/2016|R|106,00|106,00|119,50|119,50|1|10|1.195,00|
|25/04/2016|R|106,00|105,00|105,00|105,00|3|896|94.080,00|
|27/04/2016|R|105,00|119,50|119,50|119,50|1|690|82.455,00|
|28/04/2016|R|119,50|119,50|119,50|119,50|1|365|43.617,50|
|29/04/2016|R|119,50|128,00|128,00|124,00|5|10.500|1.330.400,00|
|02/05/2016|R|128,00|130,00|130,00|128,00|4|19.818|2.536.940,00|
|03/05/2016|R|130,00|130,00|130,00|130,00|3|2.618|340.340,00|
|06/05/2016|R|130,00|129,50|129,50|129,50|1|155|20.072,50|
|10/05/2016|R|119,00|105,00|105,00|105,00|1|400|42.000,00|
|13/05/2016|R|105,00|123,99|123,99|123,99|1|102|12.646,98|
|17/05/2016|R|123,99|123,99|0,00|0,00|1|32.636|3.263.600,00|
|18/05/2016|R|123,99|123,99|0,00|0,00|2|9.611|966.300,00|
|19/05/2016|R|123,99|112,00|112,00|112,00|1|700|78.400,00|
|20/05/2016|R|120,99|120,99|120,99|112,00|4|20.013|2.185.663,50|
|23/05/2016|R|120,99|120,99|121,00|120,99|5|1.800|217.795,68|
|25/05/2016|R|120,99|120,99|125,95|125,95|2|7.100|845.247,50|
|26/05/2016|R|120,99|125,99|125,99|125,98|6|20.345|2.563.066,55|
|27/05/2016|R|125,99|125,99|125,98|125,98|1|50|6.299,00|
|31/05/2016|R|125,99|125,99|0,00|0,00|2|10.038|1.205.061,90|
|01/06/2016|R|125,99|125,99|125,99|125,99|1|4.000|503.960,00|
|02/06/2016|R|125,99|125,98|125,98|125,98|1|100|12.598,00|
|03/06/2016|R|125,98|119,99|119,99|119,99|3|4.000|479.960,00|
|06/06/2016|R|119,99|119,99|119,99|119,99|1|120|14.398,80|
|07/06/2016|R|119,99|119,99|0,00|0,00|1|5.407|567.735,00|
|08/06/2016|R|119,99|119,50|119,50|119,00|2|1.924|229.827,00|
|09/06/2016|R|119,50|118,00|118,00|118,00|1|500|59.000,00|
|15/06/2016|R|118,00|100,00|105,00|100,00|10|69.052|6.908.950,00|
|16/06/2016|R|100,00|100,00|0,00|0,00|1|2.000|200.000,00|
|17/06/2016|R|100,00|100,00|100,00|100,00|4|18.000|1.800.000,00|
|29/06/2016|R|100,00|101,00|101,00|101,00|1|2.400|242.400,00|
|30/06/2016|R|101,00|101,00|0,00|0,00|1|408|36.720,00|
|06/07/2016|R|101,00|101,00|105,00|86,00|2|50|4.870,00|
|12/07/2016|R|101,00|100,00|100,00|100,00|1|5.000|500.000,00|
|13/07/2016|R|100,00|100,00|100,00|100,00|4|28.300|2.830.000,00|
|14/07/2016|R|100,00|102,00|102,00|100,00|4|19.000|1.918.800,00|
|18/07/2016|R|102,00|100,00|104,00|100,00|5|3.330|334.314,00|
|19/07/2016|R|100,00|103,98|103,98|100,00|4|11.265|1.168.080,70|
|22/07/2016|R|103,98|103,97|103,97|102,00|4|4.700|482.749,00|
|25/07/2016|R|103,97|100,00|100,00|100,00|4|2.900|290.000,00|
|26/07/2016|R|100,00|102,99|102,99|102,99|2|11.000|1.132.890,00|
|27/07/2016|R|102,99|102,99|102,99|100,00|3|10.117|1.041.585,00|
|29/07/2016|R|102,99|102,99|102,99|102,99|2|11.633|1.198.082,67|
|01/08/2016|R|102,99|102,99|0,00|0,00|1|15.263|1.526.300,00|
|03/08/2016|R|102,99|102,99|102,99|102,99|1|500|51.495,00|
|04/08/2016|R|102,99|102,99|102,99|102,99|2|9.604|963.390,00|
|09/08/2016|R|102,99|102,99|102,99|102,99|1|331|34.089,69|
|12/08/2016|R|102,99|102,99|102,99|102,99|2|250|25.747,50|
|19/08/2016|R|102,99|102,99|102,99|102,99|1|500|51.495,00|
|24/08/2016|R|102,99|102,00|102,00|102,00|1|1.000|102.000,00|
|25/08/2016|R|102,00|102,99|102,99|102,99|1|450|46.345,50|
|29/08/2016|R|102,99|93,05|93,05|93,05|2|11.500|1.070.075,00|
|30/08/2016|R|93,05|93,05|102,99|102,99|1|60|6.179,40|
|31/08/2016|R|93,05|102,99|102,99|102,00|3|20.000|2.057.251,00|
|01/09/2016|R|102,99|102,99|0,00|0,00|1|5.736|544.920,00|
|06/09/2016|R|102,99|102,99|102,99|102,99|1|50|5.149,50|
|14/09/2016|R|102,99|102,99|102,99|102,99|1|3.861|397.644,39|
|16/09/2016|R|102,99|102,99|102,99|102,98|2|8.500|875.410,00|
|19/09/2016|R|102,99|104,00|104,00|104,00|1|100|10.400,00|
|22/09/2016|R|104,00|104,00|104,00|104,00|1|8.970|932.880,00|
|23/09/2016|R|104,00|104,00|104,00|104,00|1|2.000|208.000,00|
|26/09/2016|R|104,00|104,00|104,00|104,00|1|100|10.400,00|
|29/09/2016|R|104,00|103,00|104,00|103,00|3|9.200|956.300,00|
|30/09/2016|R|103,00|103,00|103,00|103,00|1|30|3.090,00|
|04/10/2016|R|103,00|103,00|103,00|103,00|1|100|10.300,00|
|05/10/2016|R|103,00|103,00|103,00|103,00|1|3.900|401.700,00|
|07/10/2016|R|103,00|103,00|103,99|103,99|2|74|7.695,26|
|11/10/2016|R|103,00|103,00|104,00|104,00|1|70|7.280,00|
|13/10/2016|R|103,00|104,00|104,00|104,00|1|7.930|824.720,00|
|14/10/2016|R|104,00|109,00|109,00|105,00|14|29.500|3.153.500,00|
|17/10/2016|R|109,00|110,00|110,00|102,00|3|4.402|470.612,00|
|18/10/2016|R|110,00|110,00|110,00|110,00|3|4.595|505.450,00|
|19/10/2016|R|110,00|112,00|112,00|111,00|2|2.000|223.000,00|
|20/10/2016|R|112,00|130,00|130,00|113,00|7|5.180|598.400,00|
|21/10/2016|R|130,00|132,00|132,00|130,00|4|3.100|406.200,00|
|25/10/2016|R|132,00|134,00|134,00|133,00|3|6.750|898.750,00|
|26/10/2016|R|134,00|134,00|135,00|135,00|1|10|1.350,00|
|27/10/2016|R|134,00|136,00|136,00|135,00|2|4.290|581.150,00|
|28/10/2016|R|136,00|138,00|138,00|138,00|2|310|42.780,00|
|31/10/2016|R|138,00|130,00|138,00|130,00|4|1.280|175.200,00|
|01/11/2016|R|130,00|140,00|140,00|130,00|5|7.630|1.040.620,00|
|02/11/2016|R|140,00|142,00|142,00|140,00|2|3.600|508.000,00|
|03/11/2016|R|142,00|144,00|144,00|144,00|2|2.000|288.000,00|
|04/11/2016|R|144,00|172,50|172,50|144,00|13|32.312|4.928.626,00|
|08/11/2016|R|172,50|207,00|207,00|175,00|7|9.100|1.718.700,00|
|09/11/2016|R|207,00|235,00|235,00|210,00|9|7.800|1.735.500,00|
|10/11/2016|R|235,00|281,00|281,00|280,00|3|3.100|869.100,00|
|11/11/2016|R|281,00|334,00|337,20|334,00|8|10.139|3.290.660,00|
|14/11/2016|R|334,00|333,00|333,00|320,00|7|15.606|4.950.780,00|
|15/11/2016|R|333,00|330,00|333,00|320,01|11|10.461|3.429.473,16|
|16/11/2016|R|330,00|320,00|332,99|320,00|6|9.010|2.953.157,00|
|17/11/2016|R|320,00|319,99|319,99|319,99|1|884|282.871,16|
|18/11/2016|R|319,99|300,00|300,00|300,00|3|1.100|330.000,00|
|21/11/2016|R|300,00|300,00|300,00|300,00|1|20|6.000,00|
|22/11/2016|R|300,00|298,00|299,00|298,00|3|1.037|309.043,00|
|24/11/2016|R|298,00|294,98|294,99|294,98|2|250|73.746,00|
|25/11/2016|R|294,98|294,98|0,00|0,00|1|441|108.045,00|
|28/11/2016|R|294,98|290,00|295,00|290,00|3|2.299|667.205,00|
|29/11/2016|R|290,00|296,00|296,00|296,00|1|65|19.240,00|
|30/11/2016|R|296,00|300,00|300,00|296,00|7|14.500|4.089.732,00|
|01/12/2016|R|300,00|340,00|340,00|340,00|2|2.300|782.000,00|
|02/12/2016|R|340,00|310,00|340,00|300,00|5|3.690|1.153.000,00|
|05/12/2016|R|310,00|250,00|250,00|250,00|2|33.144|8.286.000,00|
|06/12/2016|R|250,00|300,00|338,00|300,00|3|980|294.380,00|
|08/12/2016|R|300,00|300,00|300,00|300,00|2|4.100|1.230.000,00|
|13/12/2016|R|300,00|300,00|300,00|300,00|1|2.030|609.000,00|
|14/12/2016|R|300,00|299,99|299,99|299,99|1|500|149.995,00|
|16/12/2016|R|299,99|299,99|275,00|275,00|2|310|77.750,00|
|20/12/2016|R|299,99|275,00|275,00|275,00|3|5.860|1.611.500,00|
|22/12/2016|R|275,00|275,00|275,00|275,00|1|1.300|357.500,00|
|26/12/2016|R|275,00|275,00|0,00|0,00|1|300|84.000,00|
|27/12/2016|R|275,00|275,00|280,00|280,00|1|12|3.360,00|
|28/12/2016|R|275,00|282,00|282,00|280,00|3|7.188|2.019.840,00|
|03/01/2017|R|282,00|282,00|290,00|290,00|1|28|8.120,00|
|05/01/2017|R|282,00|290,00|290,00|290,00|1|3.472|1.006.880,00|
|10/01/2017|R|290,00|290,00|299,99|290,00|7|14.111|4.228.128,89|
|11/01/2017|R|290,00|290,00|0,00|0,00|1|512|148.480,00|
|12/01/2017|R|290,00|290,00|290,00|290,00|2|1.500|439.860,00|
|13/01/2017|R|290,00|290,00|0,00|0,00|1|46|13.340,00|
|16/01/2017|R|290,00|290,00|290,00|232,06|3|63|17.690,60|
|25/01/2017|R|290,00|285,00|290,00|285,00|6|4.630|1.322.546,00|
|26/01/2017|R|285,00|285,00|235,00|235,00|1|20|4.700,00|
|30/01/2017|R|285,00|290,00|290,00|290,00|1|2.747|796.630,00|
|02/02/2017|R|290,00|300,00|300,00|299,99|4|10.050|3.014.900,00|
|03/02/2017|R|300,00|290,00|299,99|290,00|2|100|29.199,80|
|07/02/2017|R|290,00|261,00|261,00|261,00|1|90|23.490,00|
|10/02/2017|R|261,00|300,00|300,00|270,00|4|12.980|3.803.950,20|
|15/02/2017|R|300,00|299,99|299,99|299,99|1|300|89.997,00|
|16/02/2017|R|299,99|300,00|300,00|299,99|2|7.550|2.264.974,50|
|17/02/2017|R|300,00|300,00|310,00|300,00|4|6.730|2.029.000,00|
|20/02/2017|R|300,00|310,00|310,00|310,00|2|350|108.500,00|
|21/02/2017|R|310,00|310,00|310,00|310,00|3|5.200|1.612.000,00|
|22/02/2017|R|310,00|310,00|310,00|310,00|3|9.850|3.053.500,00|
|23/02/2017|R|310,00|330,00|330,00|320,00|6|21.550|6.971.000,00|
|24/02/2017|R|330,00|330,00|330,00|330,00|3|8.470|2.795.100,00|
|01/03/2017|R|330,00|340,00|340,00|340,00|2|16.400|5.576.000,00|
|02/03/2017|R|340,00|360,00|360,00|340,00|6|32.300|11.288.000,00|
|03/03/2017|R|360,00|370,00|370,00|350,00|6|37.890|13.350.500,00|
|06/03/2017|R|370,00|370,00|370,00|370,00|1|131|48.470,00|
|07/03/2017|R|370,00|370,00|370,00|369,99|6|2.546|942.019,01|
|08/03/2017|R|370,00|370,00|370,00|350,01|7|20.500|7.505.020,00|
|09/03/2017|R|370,00|380,00|380,00|380,00|5|14.422|5.480.360,00|
|10/03/2017|R|380,00|380,00|389,99|380,00|2|2.220|845.797,80|
|13/03/2017|R|380,00|382,50|382,50|382,50|2|20.000|7.612.500,00|
|14/03/2017|R|382,50|375,00|380,00|375,00|2|11.000|4.130.000,00|
|15/03/2017|R|375,00|375,00|375,00|375,00|2|10.030|3.761.250,00|
|16/03/2017|R|375,00|375,00|376,00|375,00|2|3.200|1.202.700,00|
|17/03/2017|R|375,00|380,00|380,00|380,00|2|700|266.000,00|
|20/03/2017|R|380,00|380,00|380,00|380,00|2|500|190.000,00|
|21/03/2017|R|380,00|380,00|379,00|379,00|1|5|1.895,00|
|22/03/2017|R|380,00|380,00|380,00|379,00|2|4.875|1.852.205,00|
|23/03/2017|R|380,00|380,00|380,00|360,00|4|30.326|10.924.426,00|
|24/03/2017|R|380,00|380,00|380,00|380,00|1|500|190.000,00|
|27/03/2017|R|380,00|420,00|420,00|380,00|5|50.844|19.124.141,00|
|28/03/2017|R|420,00|419,99|419,99|419,99|1|11.000|4.619.890,00|
|29/03/2017|R|419,99|425,00|425,00|420,00|2|5.170|2.174.900,00|
|30/03/2017|R|425,00|420,00|420,01|420,00|5|16.267|6.719.365,00|
|03/04/2017|R|420,00|430,00|430,00|425,00|4|12.747|5.129.347,00|
|04/04/2017|R|430,00|439,99|440,00|425,00|4|56.544|24.190.097,00|
|06/04/2017|R|439,99|440,00|440,00|440,00|2|51|22.440,00|
|07/04/2017|R|440,00|455,00|455,00|440,00|5|19.849|8.883.560,00|
|10/04/2017|R|455,00|440,00|440,00|440,00|1|120|52.800,00|
|12/04/2017|R|440,00|460,00|460,00|450,00|2|3.250|1.487.500,00|
|17/04/2017|R|460,00|460,00|460,00|460,00|1|5.000|2.300.000,00|
|18/04/2017|R|460,00|480,00|480,00|460,00|5|8.325|3.926.000,00|
|20/04/2017|R|480,00|480,00|480,00|480,00|1|120|57.600,00|
|21/04/2017|R|480,00|480,00|480,00|470,00|7|16.800|7.998.997,00|
|25/04/2017|R|480,00|560,00|560,00|500,00|7|21.573|10.986.880,00|
|27/04/2017|R|560,00|559,99|559,99|559,99|1|500|279.995,00|
|28/04/2017|R|559,99|620,00|620,00|559,00|9|12.985|7.275.935,00|
|02/05/2017|R|620,00|640,00|640,00|620,00|3|10.773|6.040.860,00|
|04/05/2017|R|640,00|680,00|680,00|660,00|3|9.215|5.533.900,00|
|05/05/2017|R|680,00|700,00|740,00|680,00|10|2.512|1.795.214,00|
|09/05/2017|R|700,00|700,00|0,00|0,00|2|10.661|7.675.920,00|
|10/05/2017|R|700,00|720,00|720,00|720,00|2|1.000|720.000,00|
|11/05/2017|R|720,00|740,00|760,00|740,00|5|6.022|4.555.400,00|
|12/05/2017|R|740,00|770,00|770,00|760,00|4|24.731|18.884.900,00|
|15/05/2017|R|770,00|770,00|770,00|770,00|5|9.944|7.575.130,00|
|16/05/2017|R|770,00|760,00|780,00|740,00|6|2.558|1.958.510,00|
|17/05/2017|R|760,00|730,00|730,00|730,00|2|1.500|1.095.000,00|
|18/05/2017|R|730,00|730,00|730,00|730,00|1|1.500|1.095.000,00|
|19/05/2017|R|730,00|780,00|780,00|760,00|5|5.821|4.524.380,00|
|22/05/2017|R|780,00|780,00|0,00|0,00|1|10.240|7.976.960,00|
|25/05/2017|R|780,00|780,00|780,00|770,00|6|23.696|18.479.120,00|
|26/05/2017|R|780,00|770,00|770,00|750,00|2|3.823|2.927.250,00|
|30/05/2017|R|770,00|700,00|700,00|700,00|2|8.792|6.762.840,00|
|01/06/2017|R|700,00|790,00|790,00|750,00|3|3.400|2.566.000,00|
|02/06/2017|R|790,00|789,00|789,00|789,00|2|3.920|3.096.720,00|
|05/06/2017|R|789,00|790,00|790,00|790,00|1|500|395.000,00|
|06/06/2017|R|790,00|790,00|790,00|790,00|1|380|300.200,00|
|07/06/2017|R|790,00|800,00|810,00|785,00|8|44.873|35.699.700,00|
|08/06/2017|R|800,00|800,00|810,00|800,00|5|25.161|20.344.330,00|
|09/06/2017|R|800,00|820,00|820,00|800,00|7|20.049|16.402.380,00|
|12/06/2017|R|820,00|840,00|840,00|830,00|4|36.549|30.516.160,00|
|13/06/2017|R|840,00|880,00|880,00|830,00|6|10.614|8.828.980,00|
|14/06/2017|R|880,00|880,00|889,00|880,00|3|3.238|2.867.440,00|
|15/06/2017|R|880,00|890,00|890,00|890,00|1|500|445.000,00|
|16/06/2017|R|890,00|940,00|940,00|900,00|7|11.135|10.054.200,00|
|20/06/2017|R|940,00|940,00|0,00|0,00|1|5.459|5.131.460,00|
|21/06/2017|R|940,00|940,00|960,00|960,00|1|4|3.840,00|
|22/06/2017|R|940,00|975,00|975,00|960,00|4|5.041|4.909.360,00|
|23/06/2017|R|975,00|1.050,00|1.050,00|980,00|4|135|136.350,00|
|26/06/2017|R|1.050,00|1.050,00|1.050,00|1.050,00|1|1.000|1.050.000,00|
|27/06/2017|R|1.050,00|1.150,00|1.150,00|1.100,00|2|90|101.250,00|
|28/06/2017|R|1.150,00|1.100,00|1.150,00|1.100,00|3|505|560.750,00|
|29/06/2017|R|1.100,00|1.100,00|1.100,00|1.100,00|2|265|291.500,00|
|30/06/2017|R|1.100,00|1.100,00|1.100,00|1.100,00|1|4.400|4.840.000,00|
|04/07/2017|R|1.100,00|1.080,00|1.150,00|1.080,00|4|7.495|8.605.250,00|
|06/07/2017|R|1.080,00|1.080,00|1.080,00|1.080,00|2|1.000|1.080.000,00|
|07/07/2017|R|1.080,00|1.080,00|1.080,00|1.050,00|5|1.790|1.882.200,00|
|12/07/2017|R|1.080,00|1.100,00|1.100,00|1.080,00|2|1.045|1.129.500,00|
|13/07/2017|R|1.100,00|1.150,00|1.150,00|1.050,00|5|745|824.250,00|
|14/07/2017|R|1.150,00|1.250,00|1.250,00|1.200,00|7|10.575|12.639.250,00|
|17/07/2017|R|1.250,00|1.250,00|1.300,00|1.300,00|1|21|27.300,00|
|18/07/2017|R|1.250,00|1.200,00|1.200,00|1.200,00|3|3.540|4.252.000,00|
|21/07/2017|R|1.200,00|1.250,00|1.250,00|1.250,00|3|4.000|5.000.000,00|
|25/07/2017|R|1.250,00|1.300,00|1.300,00|1.280,00|6|4.400|5.714.000,00|
|28/07/2017|R|1.300,00|1.330,00|1.330,00|1.300,00|4|15.691|20.751.310,00|
|31/07/2017|R|1.330,00|1.350,00|1.350,00|1.350,00|2|80|108.000,00|
|01/08/2017|R|1.350,00|1.350,00|1.350,00|1.350,00|1|7.265|9.807.750,00|
|02/08/2017|R|1.350,00|1.350,00|1.350,00|1.300,00|6|5.955|7.957.012,00|
|03/08/2017|R|1.350,00|1.450,00|1.450,00|1.370,00|4|2.090|2.868.250,00|
|04/08/2017|R|1.450,00|1.500,00|1.625,00|1.500,00|6|11.435|17.894.875,00|
|08/08/2017|R|1.500,00|1.500,00|1.600,00|1.600,00|1|10|16.000,00|
|10/08/2017|R|1.600,00|1.650,00|1.650,00|1.650,00|2|50|82.500,00|
|11/08/2017|R|1.650,00|1.650,00|1.650,00|1.650,00|1|50|82.500,00|
|15/08/2017|R|1.650,00|1.651,00|1.651,00|1.651,00|2|450|742.950,00|
|17/08/2017|R|1.651,00|1.651,00|1.700,00|1.700,00|1|30|51.000,00|
|18/08/2017|R|1.651,00|1.651,00|1.700,00|1.700,00|1|15|25.500,00|
|22/08/2017|R|1.651,00|1.650,00|1.650,00|1.650,00|2|8.000|13.200.000,00|
|29/08/2017|R|1.650,00|1.650,00|1.800,00|1.650,00|4|2.926|4.964.550,00|
|30/08/2017|R|1.650,00|1.650,00|1.650,00|1.650,00|1|7.000|11.550.000,00|
|31/08/2017|R|1.650,00|1.650,00|1.650,00|1.650,00|3|190|313.500,00|
|01/09/2017|R|1.650,00|1.650,00|1.650,00|1.650,00|1|5.000|8.250.000,00|
|04/09/2017|R|1.650,00|1.650,00|1.650,00|1.650,00|2|569|938.850,00|
|05/09/2017|R|1.650,00|1.800,00|1.800,00|1.650,00|3|969|1.684.200,00|
|06/09/2017|R|1.800,00|1.800,00|1.850,00|1.800,00|3|1.800|3.300.000,00|
|07/09/2017|R|1.800,00|1.850,00|1.850,00|1.850,00|1|314|580.900,00|
|08/09/2017|R|1.850,00|1.850,00|1.850,00|1.850,00|1|5.000|9.250.000,00|
|12/09/2017|R|1.850,00|2.000,00|2.000,00|1.800,00|12|40.517|79.794.400,00|
|13/09/2017|R|2.000,00|2.150,00|2.150,00|2.050,00|5|2.960|6.124.000,00|
|14/09/2017|R|2.150,00|2.350,00|2.350,00|2.350,00|1|50|117.500,00|
|15/09/2017|R|2.350,00|2.400,00|2.400,00|2.350,00|4|390|931.500,10|
|18/09/2017|R|2.400,00|2.450,00|2.800,00|2.450,00|6|1.273|3.389.325,00|
|19/09/2017|R|2.450,00|2.450,00|2.500,00|2.500,00|1|12|30.000,00|
|20/09/2017|R|2.450,00|2.450,00|2.799,00|2.450,00|7|5.437|13.342.420,80|
|21/09/2017|R|2.450,00|2.300,01|2.500,00|2.300,00|4|273|659.900,60|
|22/09/2017|R|2.300,01|2.450,00|2.450,00|2.450,00|5|13.400|32.830.000,00|
|26/09/2017|R|2.450,00|2.450,00|2.450,00|2.450,00|1|1.560|3.822.000,00|
|27/09/2017|R|2.450,00|2.452,00|2.600,00|2.450,00|5|8.210|20.871.500,00|
|28/09/2017|R|2.452,00|2.800,00|2.800,00|2.800,00|5|1.922|5.381.600,00|
|29/09/2017|R|2.800,00|2.800,00|2.800,00|2.800,00|1|210|588.000,00|
|03/10/2017|R|2.800,00|2.800,00|0,00|0,00|1|16.000|44.800.000,00|
|05/10/2017|R|2.800,00|3.320,00|3.320,00|3.320,00|1|50|166.000,00|
|06/10/2017|R|3.320,00|3.320,00|3.320,00|2.800,00|3|630|1.826.580,00|
|11/10/2017|R|3.320,00|3.320,00|3.325,00|3.325,00|1|10|33.250,00|
|13/10/2017|R|3.320,00|2.800,00|3.320,00|2.800,00|4|896|2.742.800,00|
|16/10/2017|R|2.800,00|2.800,00|3.320,00|3.320,00|2|16|53.120,00|
|19/10/2017|R|2.800,00|3.100,00|3.100,00|3.100,00|1|50|155.000,00|
|20/10/2017|R|3.100,00|3.100,00|3.100,00|3.000,00|6|34.889|104.697.200,00|
|24/10/2017|R|3.100,00|3.050,00|3.050,00|3.000,00|6|696|2.093.300,00|
|25/10/2017|R|3.050,00|2.800,00|2.850,00|2.800,00|6|1.942|5.323.200,00|
|26/10/2017|R|2.800,00|2.800,00|2.800,00|2.700,00|3|10.200|27.890.000,00|
|27/10/2017|R|2.800,00|2.500,00|2.500,00|2.500,00|1|1.000|2.500.000,00|
|30/10/2017|R|2.500,00|2.500,00|2.890,00|2.500,00|4|18.869|47.174.450,00|
|31/10/2017|R|2.500,00|2.500,00|2.900,00|2.500,00|4|3.017|7.546.687,00|
|01/11/2017|R|2.500,00|2.500,00|2.649,99|2.400,00|4|10.448|25.081.499,90|
|02/11/2017|R|2.500,00|2.200,00|2.600,00|2.200,00|8|21.856|49.528.300,00|
|03/11/2017|R|2.200,00|2.350,00|2.350,00|2.200,00|5|1.949|4.300.101,00|
|08/11/2017|R|2.350,00|2.200,00|2.200,00|2.200,00|1|200|440.000,00|
|17/11/2017|R|2.200,00|2.300,00|2.300,00|2.300,00|1|1.200|2.760.000,00|
|20/11/2017|R|2.300,00|2.300,00|2.300,00|2.300,00|3|3.280|7.544.000,00|
|21/11/2017|R|2.300,00|2.300,00|2.300,00|2.300,00|3|2.956|6.798.800,00|
|22/11/2017|R|2.300,00|2.300,00|2.760,00|2.760,00|1|20|55.200,00|
|24/11/2017|R|2.300,00|2.300,00|0,00|0,00|1|3.000|6.900.030,00|
|28/11/2017|R|2.300,00|2.300,00|0,00|0,00|1|31.681|72.866.300,00|
|05/12/2017|R|2.300,00|2.760,00|2.760,00|2.700,00|6|13.628|32.146.900,00|
|07/12/2017|R|2.760,00|2.400,00|2.700,00|2.400,00|2|10.030|24.081.000,00|
|08/12/2017|R|2.400,00|2.760,00|2.760,00|2.400,00|5|10.752|29.011.800,00|
|12/12/2017|R|2.760,00|2.700,00|2.700,00|2.700,00|1|180|486.000,00|
|13/12/2017|R|2.700,00|2.600,00|2.800,00|2.600,00|8|43.830|113.980.700,00|
|14/12/2017|R|2.600,00|2.600,00|2.600,00|2.600,00|2|9.954|25.880.400,00|
|20/12/2017|R|2.600,00|2.600,00|2.600,00|2.600,00|1|63|163.800,00|
|21/12/2017|R|2.600,00|2.600,00|2.600,00|2.600,00|4|5.253|13.657.800,00|
|22/12/2017|R|2.600,00|2.600,00|2.600,00|2.600,00|2|5.000|13.000.000,00|
|27/12/2017|R|2.600,00|2.600,00|2.600,00|2.600,00|1|250|650.000,00|
|28/12/2017|R|2.600,00|2.600,00|2.600,00|2.600,00|1|2.497|6.492.200,00|
|02/01/2018|R|2.600,00|2.400,00|2.400,00|2.400,00|1|3.500|8.400.000,00|
|08/01/2018|R|2.400,00|2.600,00|2.600,00|2.600,00|2|9.695|23.305.600,00|
|10/01/2018|R|2.600,00|2.600,00|2.600,00|2.595,00|3|1.010|2.625.950,00|
|11/01/2018|R|2.600,00|2.600,00|2.600,00|2.595,00|3|9.460|24.586.000,00|
|15/01/2018|R|2.600,00|2.600,00|0,00|0,00|1|25.758|66.970.800,00|
|17/01/2018|R|2.600,00|2.900,00|2.900,00|2.900,00|2|150|435.000,00|
|18/01/2018|R|2.900,00|2.900,00|3.120,00|2.900,00|3|43.779|126.961.080,00|
|19/01/2018|R|2.900,00|3.120,00|3.120,00|3.120,00|2|226|705.120,00|
|22/01/2018|R|3.120,00|3.740,00|3.740,00|3.740,00|3|112.756|352.046.720,00|
|23/01/2018|R|3.740,00|3.700,00|3.740,00|3.700,00|7|35.669|129.999.300,00|
|24/01/2018|R|3.700,00|3.740,00|3.740,00|3.740,00|2|10.000|37.400.000,00|
|25/01/2018|R|3.740,00|3.740,00|3.740,00|3.740,00|1|43|160.820,00|
|26/01/2018|R|3.740,00|4.000,00|4.000,00|4.000,00|3|32.551|124.223.851,00|
|29/01/2018|R|4.000,00|4.000,00|4.500,00|4.000,00|3|10.300|41.350.000,00|
|30/01/2018|R|4.000,00|4.800,00|4.800,00|4.800,00|2|37.648|150.752.000,00|
|31/01/2018|R|4.800,00|4.800,00|4.800,00|4.800,00|3|19.343|92.846.400,00|
|01/02/2018|R|4.800,00|4.900,00|4.900,00|4.900,00|1|130|637.000,00|
|02/02/2018|R|4.900,00|4.900,00|0,00|0,00|1|44.571|218.397.900,00|
|05/02/2018|R|4.900,00|4.900,00|0,00|0,00|1|7.708|35.456.800,00|
|06/02/2018|R|4.900,00|4.900,00|0,00|0,00|1|34.488|165.542.400,00|
|14/02/2018|R|4.900,00|4.900,00|0,00|0,00|1|96.348|462.470.400,00|
|15/02/2018|R|4.900,00|4.600,00|4.600,00|4.600,00|3|638|2.934.800,00|
|16/02/2018|R|4.600,00|4.900,00|4.900,00|4.900,00|2|2.500|12.250.000,00|
|19/02/2018|R|4.900,00|5.519,00|5.519,00|5.200,00|4|17.272|84.644.390,00|
|20/02/2018|R|5.519,00|5.519,00|5.519,00|5.519,00|3|1.290|7.119.510,00|
|21/02/2018|R|5.519,00|5.680,00|5.680,00|5.670,00|3|500|2.836.000,00|
|23/02/2018|R|5.680,00|6.000,00|6.000,00|6.000,00|3|500|3.000.000,00|
|26/02/2018|R|6.000,00|6.000,00|0,00|0,00|1|3.100|19.530.000,00|
|02/03/2018|R|6.000,00|6.500,00|6.500,00|6.250,00|2|635|4.093.750,00|
|05/03/2018|R|6.500,00|6.500,00|6.500,00|6.500,00|1|1.900|12.350.000,00|
|06/03/2018|R|6.500,00|7.795,00|7.795,00|6.500,00|2|824|5.381.900,00|
|07/03/2018|R|7.795,00|7.700,00|7.700,00|7.700,00|2|10.000|77.000.000,00|
|09/03/2018|R|7.700,00|8.500,00|8.500,00|7.700,00|2|250|2.085.000,00|
|13/03/2018|R|8.500,00|8.500,00|8.700,00|8.500,00|4|2.865|24.355.500,00|
|14/03/2018|R|8.500,00|8.500,00|8.500,00|8.500,00|2|92|782.000,00|
|15/03/2018|R|8.500,00|8.700,00|8.700,00|8.500,00|3|935|7.974.500,00|
|16/03/2018|R|8.700,00|8.500,00|8.500,00|8.500,00|1|67|569.500,00|
|20/03/2018|R|8.500,00|8.500,00|8.500,00|8.500,00|3|25.992|220.932.000,00|
|21/03/2018|R|8.500,00|8.500,00|8.501,00|8.500,00|3|3.232|27.472.150,00|
|23/03/2018|R|8.500,00|8.500,00|8.501,00|8.500,00|3|10.520|89.420.370,00|
|02/04/2018|R|8.500,00|9.000,00|9.000,00|9.000,00|1|3.000|27.000.000,00|
|03/04/2018|R|9.000,00|10.198,00|10.198,00|10.198,00|1|300|3.059.400,00|
|05/04/2018|R|10.198,00|12.000,00|12.235,00|12.000,00|3|466|5.662.500,00|
|06/04/2018|R|12.000,00|13.000,00|13.000,00|13.000,00|1|1.000|13.000.000,00|
|10/04/2018|R|13.000,00|18.600,00|18.700,00|15.600,00|7|1.884|32.182.800,00|
|11/04/2018|R|18.600,00|26.784,00|26.784,00|22.000,00|5|204|4.778.336,00|
|12/04/2018|R|26.784,00|32.140,00|32.140,00|32.000,00|3|11.000|353.400.000,00|
|13/04/2018|R|32.140,00|38.568,00|38.568,00|33.000,00|3|1.865|66.361.320,00|
|16/04/2018|R|38.568,00|46.281,60|46.281,60|46.281,00|3|510|23.603.496,00|
|17/04/2018|R|46.281,60|47.000,00|55.537,92|47.000,00|4|305|15.996.971,84|
|18/04/2018|R|47.000,00|47.000,00|47.000,00|47.000,00|1|28|1.316.000,00|
|20/04/2018|R|47.000,00|50.000,00|55.537,92|50.000,00|3|10.250|513.607.584,00|
|23/04/2018|R|50.000,00|50.000,00|50.000,00|50.000,00|2|2.800|140.000.000,00|
|24/04/2018|R|50.000,00|50.000,00|50.000,00|50.000,00|4|7.801|390.050.000,00|
|25/04/2018|R|50.000,00|59.998,00|59.998,00|59.998,00|1|200|11.999.600,00|
|27/04/2018|R|59.998,00|71.995,00|71.995,00|71.995,00|1|50|3.599.750,00|
|02/05/2018|R|71.995,00|72.000,00|72.000,00|72.000,00|1|5|360.000,00|
|03/05/2018|R|72.000,00|72.000,00|73.000,00|72.000,00|4|260|18.748.000,00|
|04/05/2018|R|72.000,00|70.000,00|73.000,00|70.000,00|3|613|42.005.500,00|
|07/05/2018|R|70.000,00|64.500,00|64.500,00|64.500,00|1|340|21.930.000,00|
|08/05/2018|R|64.500,00|61.000,00|62.000,00|61.000,00|2|25|1.548.000,00|
|09/05/2018|R|61.000,00|61.000,00|61.000,00|61.000,00|1|5|305.000,00|
|10/05/2018|R|61.000,00|59.000,00|59.000,00|58.990,00|2|520|30.674.900,00|
|11/05/2018|R|59.000,00|60.000,00|60.000,00|59.000,00|5|1.021|61.207.000,00|
|16/05/2018|R|60.000,00|55.000,00|55.000,00|55.000,00|2|3.450|189.750.000,00|
|21/05/2018|R|55.000,00|55.000,00|0,00|0,00|2|680|39.440.000,00|
|22/05/2018|R|55.000,00|60.000,00|60.000,00|60.000,00|1|4|240.000,00|
|23/05/2018|R|60.000,00|62.000,00|62.000,00|62.000,00|2|950|58.900.000,00|
|24/05/2018|R|62.000,00|64.500,00|64.500,00|64.500,00|2|44|2.838.000,00|
|25/05/2018|R|64.500,00|64.500,00|64.500,00|64.500,00|2|103|6.643.500,00|
|28/05/2018|R|64.500,00|64.500,00|64.500,00|64.500,00|2|1.221|78.754.500,00|
|05/06/2018|R|64.500,00|60.000,00|65.000,00|60.000,00|5|620|37.300.000,00|
|06/06/2018|R|60.000,00|60.000,00|60.000,00|60.000,00|2|572|34.320.000,00|
|07/06/2018|R|60.000,00|60.000,00|0,00|0,00|1|1.000|63.000.000,00|
|08/06/2018|R|60.000,00|63.500,00|63.750,00|63.500,00|2|200|12.711.250,00|
|11/06/2018|R|63.500,00|64.500,00|64.500,00|64.000,00|3|358|22.921.000,00|
|12/06/2018|R|64.500,00|64.500,00|64.500,00|64.500,00|3|982|63.339.000,00|
|13/06/2018|R|64.500,00|77.400,00|77.400,00|64.500,00|2|34|2.476.800,00|
|14/06/2018|R|77.400,00|80.000,00|80.000,00|80.000,00|2|2.010|160.800.000,00|
|15/06/2018|R|80.000,00|90.000,00|90.000,00|90.000,00|2|48|4.320.000,00|
|18/06/2018|R|90.000,00|90.000,00|108.000,00|90.000,00|2|432|39.420.000,00|
|20/06/2018|R|90.000,00|108.000,00|108.000,00|108.000,00|4|2.322|251.220.000,00|
|21/06/2018|R|108.000,00|128.980,00|128.980,00|128.980,00|1|6|773.880,00|
|22/06/2018|R|128.980,00|130.000,00|130.000,00|128.980,00|2|304|39.485.320,00|
|25/06/2018|R|130.000,00|156.000,00|156.000,00|130.000,00|5|6.513|899.528.000,00|
|26/06/2018|R|156.000,00|180.000,00|180.000,00|156.000,00|5|535|84.300.000,00|
|28/06/2018|R|180.000,00|180.000,00|180.000,00|180.000,00|1|23|4.140.000,00|
|29/06/2018|R|180.000,00|181.000,00|200.000,00|180.000,00|6|1.465|264.260.000,00|
|03/07/2018|R|181.000,00|190.000,00|190.000,00|190.000,00|5|238|45.220.000,00|
|04/07/2018|R|190.000,00|210.000,00|210.000,00|190.000,00|8|8.914|1.804.700.000,00|
|06/07/2018|R|210.000,00|215.000,00|225.000,00|215.000,00|5|7.685|1.702.281.850,00|
|09/07/2018|R|215.000,00|215.000,00|215.000,00|215.000,00|1|10|2.150.000,00|
|10/07/2018|R|215.000,00|215.000,00|215.000,00|200.000,00|8|12.087|2.575.425.000,00|
|11/07/2018|R|215.000,00|200.000,00|215.000,00|200.000,00|3|1.095|228.675.000,00|
|12/07/2018|R|200.000,00|210.000,00|210.000,00|210.000,00|2|170|35.700.000,00|
|16/07/2018|R|210.000,00|200.000,00|200.000,00|200.000,00|1|1.250|250.000.000,00|
|18/07/2018|R|200.000,00|220.000,00|220.000,00|220.000,00|1|4.000|880.000.000,00|
|19/07/2018|R|220.000,00|210.000,00|235.000,00|210.000,00|9|11.435|2.452.700.000,00|
|20/07/2018|R|210.000,00|210.000,00|210.000,00|210.000,00|5|3.500|735.000.000,00|
|26/07/2018|R|210.000,00|215.000,00|215.000,00|215.000,00|1|14|3.010.000,00|
|27/07/2018|R|215.000,00|210.000,00|215.000,00|210.000,00|4|3.300|693.500.000,00|
|02/08/2018|R|210.000,00|210.000,00|210.000,00|210.000,00|1|1.000|210.000.000,00|
|03/08/2018|R|210.000,00|215.000,00|215.000,00|210.000,00|4|717|153.070.000,00|
|08/08/2018|R|215.000,00|210.000,00|240.000,00|210.000,00|3|6.630|1.569.300.000,00|
|09/08/2018|R|210.000,00|251.750,00|251.750,00|251.750,00|1|3|755.250,00|
|10/08/2018|R|251.750,00|251.750,00|251.750,00|251.750,00|6|444|111.777.000,00|
|13/08/2018|R|251.750,00|300.000,00|300.000,00|250.000,00|3|5.000|1.475.000.000,00|
|14/08/2018|R|300.000,00|380.000,00|380.000,00|300.000,00|7|29.446|9.183.180.000,00|
|15/08/2018|R|380.000,00|400.000,00|400.000,00|400.000,00|5|3.050|1.220.000.000,00|
|16/08/2018|R|400.000,00|570.000,00|570.000,00|480.000,00|6|200|103.300.000,00|
|21/08/2018|R|5,70|5,90|5,90|5,90|1|1.000|5.900,00|
|22/08/2018|R|5,90|7,01|7,01|7,00|5|913|6.400,03|
|23/08/2018|R|7,01|7,01|7,01|7,01|1|281|1.969,81|
|27/08/2018|R|7,01|7,02|7,02|7,02|4|558|3.917,16|
|28/08/2018|R|7,02|7,75|7,75|7,75|6|21.158|163.974,50|
|29/08/2018|R|7,75|8,00|8,00|7,75|5|4.189|33.218,50|
|30/08/2018|R|8,00|9,60|9,60|9,60|3|1.019|8.632,00|
|31/08/2018|R|9,60|13,90|13,90|11,50|16|11.148|141.234,08|
|03/09/2018|R|13,90|13,90|13,90|13,50|7|10.130|139.177,00|
|04/09/2018|R|13,90|15,00|16,00|13,80|11|18.300|284.140,00|
|05/09/2018|R|15,00|16,50|16,50|16,00|8|15.060|245.990,00|
|06/09/2018|R|16,50|16,40|16,50|16,40|3|112|1.838,00|
|07/09/2018|R|16,40|16,39|16,39|16,00|5|3.000|48.780,00|
|11/09/2018|R|16,39|14,00|16,40|14,00|3|480|7.371,80|
|12/09/2018|R|14,00|12,00|14,02|12,00|7|4.045|49.630,80|
|13/09/2018|R|12,00|14,00|14,00|12,50|7|3.375|43.715,00|
|14/09/2018|R|14,00|14,00|14,00|14,00|2|500|7.000,00|
|17/09/2018|R|14,00|14,00|14,00|14,00|1|500|7.000,00|
|18/09/2018|R|14,00|14,00|14,00|14,00|6|3.000|42.000,00|
|19/09/2018|R|14,00|14,00|14,00|13,50|10|8.152|110.284,00|
|20/09/2018|R|14,00|14,00|14,00|14,00|7|5.127|71.778,00|
|21/09/2018|R|14,00|13,90|13,90|13,90|2|102|1.417,80|
|24/09/2018|R|13,90|13,50|13,80|13,50|3|1.980|26.774,00|
|25/09/2018|R|13,50|13,50|13,50|13,50|7|3.500|47.250,00|
|26/09/2018|R|13,50|13,50|13,50|13,00|4|4.303|57.489,00|
|27/09/2018|R|13,50|13,60|13,60|13,60|1|3.000|40.800,00|
|28/09/2018|R|13,60|13,70|13,70|13,60|3|2.000|27.300,00|
|01/10/2018|R|13,70|13,75|13,75|13,65|3|1.700|23.255,00|
|02/10/2018|R|13,75|14,00|14,50|13,85|10|153.373|2.222.103,50|
|03/10/2018|R|14,00|14,50|14,50|14,00|6|21.983|317.946,00|
|04/10/2018|R|14,50|14,50|14,50|14,50|1|18.796|272.542,00|
|05/10/2018|R|14,50|14,10|14,10|14,10|4|179|2.523,90|
|09/10/2018|R|14,10|13,80|13,80|13,00|5|13.818|180.198,40|
|10/10/2018|R|13,80|13,80|14,00|13,80|3|24.502|338.131,60|
|11/10/2018|R|13,80|14,00|14,00|14,00|3|5.080|71.120,00|
|15/10/2018|R|14,00|14,00|14,10|14,00|6|2.346|32.848,50|
|16/10/2018|R|14,00|14,50|14,50|14,10|8|63.065|914.782,35|
|17/10/2018|R|14,50|15,00|15,00|15,00|2|165|2.475,00|
|18/10/2018|R|15,00|14,99|15,00|14,99|4|342|5.099,48|
|19/10/2018|R|14,99|14,99|0,00|0,00|1|4.513|67.243,70|
|22/10/2018|R|14,99|14,98|14,98|14,00|2|10.010|140.149,80|
|23/10/2018|R|14,98|15,00|15,00|14,99|5|19.822|297.324,00|
|24/10/2018|R|15,00|13,50|13,50|13,50|3|10.000|132.000,00|
|25/10/2018|R|13,50|14,51|14,51|14,51|5|45.805|664.630,55|
|26/10/2018|R|14,51|15,00|15,00|14,51|4|2.600|38.951,00|
|29/10/2018|R|15,00|15,00|15,00|15,00|4|2.500|37.500,00|
|31/10/2018|R|15,00|15,00|15,00|15,00|1|10.000|150.000,00|
|01/11/2018|R|15,00|17,00|17,00|17,00|2|2.013|34.221,00|
|02/11/2018|R|17,00|20,00|20,00|18,00|4|3.500|68.000,00|
|06/11/2018|R|20,00|21,00|21,00|21,00|1|3.000|63.000,00|
|07/11/2018|R|21,00|22,00|22,00|21,00|8|5.233|115.123,00|
|08/11/2018|R|22,00|22,00|22,00|22,00|14|6.000|132.000,00|
|09/11/2018|R|22,00|24,00|24,00|24,00|2|3.000|72.000,00|
|12/11/2018|R|24,00|26,00|26,00|26,00|1|1.000|26.000,00|
|14/11/2018|R|26,00|30,00|30,00|30,00|3|594|17.820,00|
|15/11/2018|R|30,00|27,00|30,00|27,00|3|6.130|174.900,00|
|16/11/2018|R|27,00|30,00|30,00|30,00|2|101|3.030,00|
|19/11/2018|R|30,00|30,00|30,00|30,00|5|14.909|447.270,00|
|20/11/2018|R|30,00|24,00|24,00|24,00|1|2.000|48.000,00|
|21/11/2018|R|24,00|24,00|24,00|24,00|1|3.500|84.000,00|
|22/11/2018|R|24,00|24,00|24,00|24,00|3|2.000|48.000,00|
|23/11/2018|R|24,00|25,00|25,00|25,00|1|7.000|175.000,00|
|26/11/2018|R|25,00|33,00|33,00|25,00|5|29.895|877.455,00|
|27/11/2018|R|33,00|30,00|30,00|27,00|5|20.946|628.320,00|
|29/11/2018|R|30,00|34,00|34,00|26,00|2|42|1.412,00|
|30/11/2018|R|34,00|33,00|33,00|33,00|1|3.000|99.000,00|
|03/12/2018|R|33,00|39,60|39,60|35,00|4|1.998|69.734,60|
|04/12/2018|R|39,60|39,00|39,00|39,00|3|3.629|141.531,00|
|05/12/2018|R|39,00|40,00|40,00|39,50|4|4.012|158.980,00|
|06/12/2018|R|40,00|42,00|42,00|42,00|2|132|5.544,00|
|07/12/2018|R|42,00|42,00|42,00|42,00|1|70|2.940,00|
|10/12/2018|R|42,00|37,00|37,00|37,00|2|3.796|140.452,00|
|12/12/2018|R|37,00|42,00|42,00|39,00|2|507|19.794,00|
|13/12/2018|R|42,00|40,00|41,00|40,00|6|22.000|881.000,00|
|14/12/2018|R|40,00|44,00|44,00|44,00|1|100|4.400,00|
|17/12/2018|R|44,00|44,00|44,00|42,00|5|21.422|901.568,00|
|18/12/2018|R|44,00|46,00|46,00|44,00|4|2.488|113.472,00|
|19/12/2018|R|46,00|44,00|44,00|44,00|1|1.100|48.400,00|
|20/12/2018|R|44,00|44,00|44,00|44,00|2|2.570|113.080,00|
|21/12/2018|R|44,00|44,00|44,00|44,00|3|10.030|441.320,00|
|26/12/2018|R|44,00|44,00|44,00|44,00|3|1.870|82.280,00|
|03/01/2019|R|44,00|46,20|46,20|46,20|1|25|1.155,00|
|04/01/2019|R|46,20|55,00|55,00|55,00|1|50|2.750,00|
|07/01/2019|R|55,00|65,00|65,00|65,00|2|21.000|1.365.000,00|
|08/01/2019|R|65,00|65,00|65,00|65,00|2|600|39.000,00|
|14/01/2019|R|65,00|97,00|97,00|93,00|3|2.000|188.000,00|
|15/01/2019|R|97,00|116,50|116,50|116,40|2|103|11.999,20|
|16/01/2019|R|116,50|139,00|139,00|139,00|1|10|1.390,00|
|17/01/2019|R|139,00|190,00|190,00|190,00|3|700|133.000,00|
|18/01/2019|R|190,00|200,00|200,00|200,00|1|20.000|4.000.000,00|
|21/01/2019|R|200,00|200,00|200,00|200,00|3|11.000|2.200.000,00|
|22/01/2019|R|200,00|200,00|210,00|200,00|11|25.552|5.152.800,00|
|24/01/2019|R|200,00|200,00|0,00|0,00|1|100|20.000,00|
|25/01/2019|R|200,00|200,00|200,00|200,00|1|500|100.000,00|
|28/01/2019|R|200,00|230,00|230,00|220,00|9|5.600|1.242.000,00|
|29/01/2019|R|230,00|250,00|250,00|250,00|2|1.000|250.000,00|
|30/01/2019|R|250,00|200,00|250,00|200,00|8|3.507|776.405,00|
|31/01/2019|R|200,00|200,00|200,00|200,00|1|300|60.000,00|
|04/02/2019|R|200,00|190,00|190,00|190,00|5|1.400|266.000,00|
|05/02/2019|R|190,00|210,00|210,00|180,00|6|4.139|842.190,00|
|06/02/2019|R|210,00|210,00|210,00|210,00|3|779|163.590,00|
|07/02/2019|R|210,00|210,00|210,00|210,00|1|85|17.850,00|
|08/02/2019|R|210,00|220,00|220,00|220,00|2|455|100.100,00|
|11/02/2019|R|220,00|220,00|220,00|220,00|6|11.827|2.601.940,00|
|12/02/2019|R|220,00|220,00|218,00|218,00|2|4|872,00|
|14/02/2019|R|220,00|200,00|200,00|190,00|4|4.790|938.000,00|
|15/02/2019|R|200,00|200,00|220,00|200,00|5|3.160|682.000,00|
|18/02/2019|R|200,00|230,00|230,00|200,00|3|20.171|4.039.330,00|
|19/02/2019|R|230,00|200,00|200,00|200,00|2|750|150.000,00|
|22/02/2019|R|200,00|241,00|241,00|210,00|4|538|119.149,00|
|25/02/2019|R|241,00|289,20|289,20|240,00|3|301|87.000,00|
|26/02/2019|R|289,20|347,25|347,25|289,00|5|8.250|2.468.425,00|
|27/02/2019|R|347,25|500,04|500,04|400,00|8|2.520|1.009.467,40|
|06/03/2019|R|500,04|500,04|500,04|500,04|5|2.500|1.250.100,00|
|07/03/2019|R|500,04|460,00|460,00|449,00|5|4.100|1.856.900,00|
|14/03/2019|R|460,00|400,00|400,00|400,00|4|1.702|680.800,00|
|15/03/2019|R|400,00|400,00|0,00|0,00|1|1.000|400.000,00|
|18/03/2019|R|400,00|400,00|400,00|390,00|4|1.500|586.000,00|
|20/03/2019|R|400,00|470,00|470,00|400,00|6|9.263|3.520.890,00|
|21/03/2019|R|470,00|470,00|0,00|0,00|1|1.000|450.000,00|
|22/03/2019|R|470,00|420,00|470,00|420,00|4|2.002|845.914,00|
|25/03/2019|R|420,00|420,00|420,00|420,00|1|50|21.000,00|
|29/03/2019|R|420,00|469,99|470,00|469,99|2|75|35.249,26|
|02/04/2019|R|469,99|469,99|450,00|450,00|2|3|1.350,00|
|04/04/2019|R|469,99|449,99|449,99|449,99|1|100|44.999,00|
|08/04/2019|R|449,99|449,99|449,99|445,00|4|19|8.509,89|
|09/04/2019|R|449,99|449,99|430,00|430,00|1|10|4.300,00|
|10/04/2019|R|449,99|449,99|420,00|420,00|1|12|5.040,00|
|11/04/2019|R|449,99|435,00|435,00|430,00|2|1.500|650.000,00|
|22/04/2019|R|435,00|520,00|520,00|445,00|10|5.530|2.547.920,00|
|23/04/2019|R|520,00|600,00|600,00|600,00|2|200|120.000,00|
|24/04/2019|R|600,00|600,00|0,00|0,00|1|417|250.200,00|
|26/04/2019|R|600,00|600,00|0,00|0,00|1|1.057|581.350,00|
|29/04/2019|R|600,00|600,00|600,00|600,00|3|2.050|1.230.000,00|
|02/05/2019|R|600,00|600,00|600,00|600,00|2|2.000|1.200.000,00|
|03/05/2019|R|600,00|595,00|600,00|595,00|5|1.800|1.077.500,00|
|08/05/2019|R|600,00|520,00|521,00|520,00|2|500|260.100,00|
|09/05/2019|R|520,00|520,00|520,00|520,00|4|4.011|2.085.720,00|
|10/05/2019|R|520,00|530,00|530,00|525,00|3|201|106.025,00|
|13/05/2019|R|530,00|550,00|550,00|545,00|5|2.600|1.427.500,00|
|15/05/2019|R|550,00|580,00|580,00|580,00|1|400|232.000,00|
|16/05/2019|R|580,00|580,00|580,00|580,00|3|1.006|583.480,00|
|17/05/2019|R|580,00|580,00|580,00|580,00|3|1.784|1.034.720,00|
|27/05/2019|R|550,00|550,00|550,00|550,00|3|55.500|30.525.000,00|
|28/05/2019|R|550,00|550,00|550,00|550,00|2|1.632|897.600,00|
|30/05/2019|R|550,00|500,00|500,00|500,00|1|100|50.000,00|
|04/06/2019|R|500,00|500,00|500,00|500,00|1|1.000|500.000,00|
|05/06/2019|R|500,00|505,00|505,00|505,00|2|613|309.565,00|
|06/06/2019|R|505,00|505,00|505,00|505,00|1|200|101.000,00|
|07/06/2019|R|505,00|505,00|0,00|0,00|1|1.567|940.184,33|
|10/06/2019|R|505,00|599,97|599,97|599,97|1|857|514.174,29|
|11/06/2019|R|599,97|560,00|589,85|560,00|2|20|11.498,50|
|12/06/2019|R|560,00|560,00|0,00|0,00|1|2.000|1.100.000,00|
|13/06/2019|R|560,00|595,00|595,00|550,00|4|2.000|1.144.900,00|
|14/06/2019|R|595,00|595,00|595,00|595,00|3|12.070|6.283.900,00|
|18/06/2019|R|595,00|595,00|595,00|595,00|1|3|1.785,00|
|20/06/2019|R|595,00|600,00|600,00|595,00|5|2.897|1.728.200,00|
|21/06/2019|R|600,00|650,00|650,00|650,00|1|443|287.950,00|
|25/06/2019|R|650,00|650,00|650,00|650,00|4|583|378.950,00|
|26/06/2019|R|650,00|610,00|610,00|610,00|2|140|85.400,00|
|27/06/2019|R|610,00|650,00|650,00|650,00|2|1.100|575.000,00|
|28/06/2019|R|650,00|650,00|650,00|650,00|5|3.420|2.223.000,00|
|01/07/2019|R|650,00|700,00|700,00|700,00|1|22|15.400,00|
|02/07/2019|R|700,00|650,00|650,00|650,00|1|1.000|650.000,00|
|03/07/2019|R|650,00|650,00|700,00|700,00|1|1|700,00|
|04/07/2019|R|650,00|650,00|700,00|700,00|2|1.962|1.334.200,00|
|08/07/2019|R|650,00|675,00|675,00|675,00|1|7.000|4.725.000,00|
|09/07/2019|R|675,00|700,00|700,00|650,00|4|563|368.700,00|
|10/07/2019|R|700,00|700,00|700,00|700,00|3|116|81.200,00|
|11/07/2019|R|700,00|700,00|700,00|700,00|4|804|562.800,00|
|15/07/2019|R|700,00|700,00|710,00|700,00|2|1.000|701.890,00|
|16/07/2019|R|700,00|700,00|700,00|700,00|3|12.470|8.729.000,00|
|17/07/2019|R|700,00|700,00|700,00|700,00|9|80.913|56.639.100,00|
|18/07/2019|R|700,00|700,00|700,00|700,00|2|60|42.000,00|
|22/07/2019|R|700,00|720,00|720,00|720,00|1|1.500|1.080.000,00|
|25/07/2019|R|720,00|840,00|840,00|840,00|3|411|345.240,00|
|26/07/2019|R|840,00|840,00|0,00|0,00|1|300|204.000,00|
|30/07/2019|R|840,00|995,00|995,00|995,00|2|195|194.025,00|
|01/08/2019|R|995,00|995,00|1.194,10|1.194,10|1|1|1.194,10|
|05/08/2019|R|995,00|1.150,00|1.194,00|1.000,00|5|1.757|1.801.182,00|
|06/08/2019|R|1.150,00|1.150,00|1.150,00|1.150,00|5|3.368|3.873.200,00|
|07/08/2019|R|1.150,00|1.250,00|1.300,00|1.250,00|3|1.010|1.263.000,00|
|09/08/2019|R|1.250,00|1.300,00|1.300,00|1.300,00|4|1.050|1.365.000,00|
|13/08/2019|R|1.300,00|1.150,00|1.450,00|1.150,00|6|52.442|61.040.900,00|
|14/08/2019|R|1.150,00|1.200,00|1.300,00|1.200,00|4|49.913|59.931.700,00|
|16/08/2019|R|1.200,00|1.440,00|1.440,00|1.200,00|3|176|247.200,00|
|20/08/2019|R|1.440,00|1.750,00|1.750,00|1.440,00|3|1.274|2.223.184,00|
|22/08/2019|R|1.750,00|2.000,00|2.000,00|1.999,00|3|334|667.970,00|
|23/08/2019|R|2.000,00|2.050,00|2.050,00|2.000,00|7|1.201|2.427.000,00|
|26/08/2019|R|2.050,00|2.050,00|2.050,00|2.050,00|4|1.150|2.357.500,00|
|27/08/2019|R|2.050,00|2.050,00|2.100,00|2.100,00|3|11.980|23.961.000,00|
|28/08/2019|R|2.050,00|2.150,00|2.150,00|2.050,00|5|1.550|3.182.500,00|
|29/08/2019|R|2.150,00|2.150,00|2.150,00|2.150,00|3|1.955|4.203.250,00|
|30/08/2019|R|2.150,00|2.140,00|2.140,00|2.140,00|1|190|406.600,00|
|02/09/2019|R|2.140,00|2.000,00|2.000,00|2.000,00|3|1.771|3.725.400,00|
|03/09/2019|R|2.000,00|2.150,00|2.150,00|2.000,00|2|1.102|2.215.100,00|
|04/09/2019|R|2.150,00|2.100,00|2.100,00|2.000,00|2|553|1.110.200,00|
|05/09/2019|R|2.100,00|2.100,00|2.100,00|2.100,00|3|3.264|6.854.400,00|
|06/09/2019|R|2.100,00|2.100,00|2.090,00|2.090,00|1|1|2.090,00|
|09/09/2019|R|2.100,00|2.100,00|2.100,00|2.100,00|1|24|50.400,00|
|12/09/2019|R|2.100,00|2.100,00|2.100,00|2.100,00|1|16|33.600,00|
|17/09/2019|R|1.900,00|2.080,00|2.080,00|2.080,00|2|453|942.240,00|
|18/09/2019|R|2.080,00|2.030,00|2.030,00|2.030,00|2|1.500|3.045.000,00|
|19/09/2019|R|2.030,00|2.020,00|2.020,00|2.000,00|3|1.115|2.242.300,00|
|20/09/2019|R|2.020,00|2.050,00|2.050,00|2.050,00|2|306|627.300,00|
|24/09/2019|R|2.050,00|2.050,00|2.050,00|2.050,00|1|11|22.550,00|
|25/09/2019|R|2.050,00|2.030,00|2.047,00|2.030,00|3|1.015|2.060.535,00|
|30/09/2019|R|2.030,00|1.900,00|2.030,00|1.900,00|4|2.407|4.599.300,00|
|02/10/2019|R|1.900,00|1.900,00|1.900,00|1.900,00|2|217|412.300,00|
|03/10/2019|R|1.900,00|1.900,00|1.900,00|1.900,00|2|76|144.400,00|
|04/10/2019|R|1.900,00|1.900,00|2.050,00|2.030,00|2|3|6.110,00|
|07/10/2019|R|1.900,00|1.900,00|1.900,00|1.900,00|2|491|932.900,00|
|09/10/2019|R|1.900,00|1.900,00|1.900,00|1.900,00|1|1.509|2.867.100,00|
|10/10/2019|R|1.900,00|1.900,00|1.900,00|1.900,00|1|1|1.900,00|
|11/10/2019|R|1.900,00|1.900,00|1.900,00|1.900,00|1|14|26.600,00|
|14/10/2019|R|1.900,00|1.900,00|1.950,00|1.950,00|1|6|11.700,00|
|16/10/2019|R|1.900,00|1.900,00|1.940,00|1.900,00|3|36|69.400,00|
|23/10/2019|R|1.900,00|1.900,00|1.900,00|1.899,00|2|925|1.757.155,00|
|24/10/2019|R|1.900,00|1.900,00|1.900,00|1.900,00|5|99.776|189.574.400,00|
|25/10/2019|R|1.900,00|1.900,00|1.900,00|1.900,00|6|9.975|18.952.500,00|
|29/10/2019|R|1.900,00|1.900,00|1.900,00|1.900,00|2|2.000|3.500.000,00|
|30/10/2019|R|1.900,00|1.800,00|1.800,00|1.800,00|3|1.000|1.800.000,00|
|01/11/2019|R|1.800,00|1.900,00|2.159,00|1.900,00|3|63|120.736,00|
|05/11/2019|R|1.900,00|1.900,00|1.900,00|1.900,00|8|6.000|11.400.000,00|
|06/11/2019|R|1.900,00|1.680,00|1.950,00|1.550,00|3|112|187.000,00|
|07/11/2019|R|1.680,00|1.900,00|1.900,00|1.801,00|7|5.990|11.331.500,00|
|11/11/2019|R|1.900,00|1.900,00|1.900,00|1.900,00|2|2.000|3.800.000,00|
|12/11/2019|R|1.900,00|1.900,00|2.000,00|1.900,00|4|2.014|4.026.600,00|
|13/11/2019|R|1.900,00|2.100,00|2.100,00|2.100,00|5|6.000|12.600.000,00|
|14/11/2019|R|2.100,00|2.100,00|2.279,00|2.100,00|5|270|593.850,00|
|15/11/2019|R|2.100,00|2.049,00|2.049,00|2.049,00|1|420|860.580,00|
|18/11/2019|R|2.049,00|2.100,00|2.100,00|2.100,00|6|4.690|9.849.000,00|
|19/11/2019|R|2.100,00|2.250,00|2.450,00|2.250,00|2|46|103.700,00|
|20/11/2019|R|2.250,00|2.250,00|2.500,00|2.250,00|5|27.579|68.066.550,00|
|22/11/2019|R|2.250,00|2.250,00|2.250,00|2.200,00|2|105|236.000,00|
|25/11/2019|R|2.250,00|2.250,00|2.250,00|2.250,00|1|526|1.183.500,00|
|26/11/2019|R|2.250,00|2.200,00|2.200,00|2.200,00|2|1.016|1.886.200,00|
|27/11/2019|R|2.200,00|2.350,00|2.350,00|2.350,00|2|30|70.500,00|
|28/11/2019|R|2.350,00|2.549,00|2.549,00|2.549,00|1|256|652.544,00|
|29/11/2019|R|2.549,00|2.350,00|2.700,00|2.350,00|8|40.102|103.719.400,00|
|03/12/2019|R|2.350,00|2.300,00|2.350,00|2.300,00|3|1.502|3.454.700,00|
|04/12/2019|R|2.300,00|2.300,00|2.300,00|2.300,00|1|2.500|5.750.000,00|
|05/12/2019|R|2.300,00|2.300,00|2.300,00|2.300,00|7|12.097|27.823.100,00|
|06/12/2019|R|2.300,00|2.330,00|2.330,00|2.330,00|5|34.145|79.557.850,00|
|09/12/2019|R|2.330,00|2.330,00|2.699,00|2.330,00|6|67.857|158.107.548,00|
|11/12/2019|R|2.330,00|2.200,00|2.200,00|2.200,00|1|45|99.000,00|
|12/12/2019|R|2.200,00|2.590,00|2.590,00|2.200,00|4|1.461|3.216.540,00|
|13/12/2019|R|2.590,00|2.590,00|2.590,00|2.590,00|2|70|181.300,00|
|17/12/2019|R|2.590,00|2.590,00|2.500,00|2.500,00|2|10.250|26.546.780,00|
|18/12/2019|R|2.590,00|2.590,00|2.590,00|2.331,00|4|3.072|7.636.230,00|
|19/12/2019|R|2.590,00|2.750,00|2.750,00|2.699,00|3|11.456|31.496.044,00|
|20/12/2019|R|2.750,00|2.850,00|2.850,00|2.850,00|2|9.500|27.075.000,00|
|23/12/2019|R|2.850,00|2.850,00|2.850,00|2.850,00|1|2.000|5.700.000,00|
|27/12/2019|R|2.850,00|3.100,00|3.300,00|3.100,00|3|4.000|12.500.000,00|
|30/12/2019|R|3.100,00|3.500,00|3.500,00|3.300,00|6|33.690|114.975.000,00|
|03/01/2020|R|3.500,00|3.800,00|3.800,00|3.500,00|4|49.410|181.715.000,00|
|07/01/2020|R|3.800,00|4.080,00|4.080,00|4.080,00|4|15.614|63.705.120,00|
|08/01/2020|R|4.080,00|4.080,00|4.080,00|4.080,00|1|500|2.040.000,00|
|09/01/2020|R|4.080,00|4.000,00|4.000,00|4.000,00|4|116|510.500,00|
|10/01/2020|R|4.000,00|4.000,00|4.200,00|4.000,00|4|83|353.400,00|
|14/01/2020|R|4.000,00|4.100,00|4.100,00|4.100,00|3|35|138.700,00|
|15/01/2020|R|4.100,00|4.100,00|4.100,00|4.100,00|1|1.981|8.122.100,00|
|16/01/2020|R|4.100,00|4.500,00|4.500,00|4.500,00|3|411|1.849.500,00|
|17/01/2020|R|4.500,00|4.500,00|4.500,00|4.500,00|2|271|994.250,00|
|21/01/2020|R|4.500,00|4.500,00|4.400,00|4.400,00|1|1|4.400,00|
|22/01/2020|R|4.500,00|4.400,00|4.500,00|4.400,00|2|78|343.400,00|
|24/01/2020|R|4.400,00|4.000,00|4.500,00|4.000,00|2|104|418.000,00|
|27/01/2020|R|4.000,00|4.000,00|4.000,00|4.000,00|2|109|436.000,00|
|28/01/2020|R|4.000,00|4.000,00|4.000,00|4.000,00|1|145|580.000,00|
|29/01/2020|R|4.000,00|4.000,00|0,00|0,00|1|1.000|3.201.000,00|
|30/01/2020|R|4.000,00|4.000,00|0,00|0,00|1|755|2.529.250,00|
|31/01/2020|R|4.000,00|4.000,00|4.000,00|4.000,00|5|3.016|12.064.000,00|
|03/02/2020|R|4.000,00|4.000,00|4.000,00|4.000,00|3|416|1.664.000,00|
|04/02/2020|R|4.000,00|4.400,00|4.500,00|4.400,00|2|39|174.800,00|
|05/02/2020|R|4.400,00|4.000,00|4.000,00|4.000,00|6|2.130|8.520.000,00|
|06/02/2020|R|4.000,00|4.000,00|4.000,00|4.000,00|7|2.000|8.000.000,00|
|07/02/2020|R|4.000,00|4.500,00|4.500,00|4.500,00|3|90|405.000,00|
|10/02/2020|R|4.500,00|4.599,00|4.599,00|4.000,00|5|958|4.157.736,00|
|11/02/2020|R|4.599,00|5.500,00|5.518,79|4.600,00|5|1.443|7.189.222,40|
|12/02/2020|R|5.500,00|5.600,00|6.599,99|5.600,00|2|32|186.199,93|
|17/02/2020|R|580,00|4.700,00|4.700,00|4.700,00|2|12|56.400,00|
|18/02/2020|R|4.700,00|4.700,00|5.499,00|4.700,00|3|106|502.994,00|
|19/02/2020|R|4.700,00|5.490,00|5.490,00|4.999,00|3|13.397|66.987.640,00|
|27/02/2020|R|5.490,00|5.000,00|5.490,00|5.000,00|2|26|139.800,00|
|28/02/2020|R|5.000,00|5.599,00|5.600,00|5.599,00|2|9|50.397,00|
|02/03/2020|R|5.599,00|5.500,00|5.559,00|4.500,00|4|1.019|4.605.240,00|
|03/03/2020|R|5.500,00|4.400,00|4.400,00|4.400,00|1|1.000|4.400.000,00|
|04/03/2020|R|4.400,00|5.190,00|5.190,00|5.190,00|3|196|1.017.240,00|
|05/03/2020|R|5.190,00|4.900,00|4.900,00|4.160,00|3|1.004|4.180.200,00|
|09/03/2020|R|4.900,00|4.900,00|4.900,00|4.900,00|1|5|24.500,00|
|11/03/2020|R|4.900,00|4.890,00|4.890,00|4.890,00|2|20|97.800,00|
|12/03/2020|R|4.890,00|4.800,00|4.900,00|4.800,00|6|1.245|6.007.500,00|
|13/03/2020|R|4.800,00|4.800,00|4.800,00|4.800,00|1|17|81.600,00|
|30/03/2020|R|4.800,00|5.500,00|5.500,00|4.780,00|2|2.006|9.593.000,00|
|31/03/2020|R|5.500,00|5.700,00|5.700,00|5.500,00|8|16.049|90.276.700,00|
|01/04/2020|R|5.700,00|5.800,00|5.800,00|5.700,00|4|21.193|122.860.100,00|
|02/04/2020|R|5.800,00|6.200,00|6.200,00|5.900,00|6|30.900|187.820.000,00|
|03/04/2020|R|6.200,00|6.500,00|6.500,00|6.500,00|2|15|97.500,00|
|06/04/2020|R|6.500,00|6.800,00|6.800,00|6.500,00|3|14.885|98.942.500,00|
|07/04/2020|R|6.800,00|6.800,00|6.800,00|6.800,00|2|2.500|17.000.000,00|
|08/04/2020|R|6.800,00|7.400,00|7.400,00|7.100,00|4|13.700|99.280.000,00|
|14/04/2020|R|7.400,00|7.400,00|7.400,00|7.400,00|5|55.000|407.000.000,00|
|15/04/2020|R|7.400,00|7.400,00|7.400,00|7.400,00|1|46|340.400,00|
|16/04/2020|R|7.400,00|7.400,00|7.400,00|7.400,00|2|4.800|35.520.000,00|
|17/04/2020|R|7.400,00|7.505,00|7.505,00|7.400,00|2|235|1.742.675,00|
|20/04/2020|R|7.505,00|9.000,00|9.000,00|8.000,00|10|50.035|400.340.000,00|
|21/04/2020|R|9.000,00|10.700,00|10.700,00|9.500,00|4|1.530|14.571.000,00|
|22/04/2020|R|10.700,00|15.000,00|15.000,00|12.000,00|3|434|5.858.400,00|
|23/04/2020|R|15.000,00|15.200,00|15.200,00|15.200,00|1|300|4.560.000,00|
|27/04/2020|R|15.200,00|15.198,00|15.198,00|15.198,00|1|2|30.396,00|
|28/04/2020|R|15.198,00|15.100,00|15.100,00|15.099,00|3|5.500|83.049.990,00|
|29/04/2020|R|15.100,00|15.000,01|15.100,00|15.000,00|4|16.004|240.060.459,97|
|30/04/2020|R|15.000,01|15.100,00|15.199,99|15.100,00|5|2.004|30.260.799,96|
|04/05/2020|R|15.100,00|15.200,00|15.200,00|15.200,00|3|35|532.000,00|
|05/05/2020|R|15.200,00|15.200,00|15.200,00|15.200,00|2|6.235|94.772.000,00|
|06/05/2020|R|15.200,00|15.200,00|15.200,00|15.200,00|3|246|3.739.200,00|
|07/05/2020|R|15.200,00|14.500,00|15.000,00|14.500,00|3|603|8.746.000,00|
|08/05/2020|R|14.500,00|14.500,00|15.200,00|14.500,00|2|120|1.810.000,00|
|11/05/2020|R|14.500,00|12.000,00|15.200,00|12.000,00|2|159|1.920.800,00|
|12/05/2020|R|12.000,00|12.100,00|12.100,00|12.100,00|3|700|8.470.000,00|
|13/05/2020|R|12.100,00|12.100,00|0,00|0,00|1|1.000|12.100.000,00|
|14/05/2020|R|12.100,00|13.000,00|13.000,00|13.000,00|1|100|1.300.000,00|
|15/05/2020|R|13.000,00|13.494,00|13.494,00|13.494,00|1|50|674.700,00|
|18/05/2020|R|13.494,00|13.500,00|13.500,00|12.500,00|3|4.302|52.629.797,00|
|19/05/2020|R|13.500,00|13.500,00|13.500,00|13.500,00|2|7.243|94.209.000,00|
|22/05/2020|R|13.500,00|13.699,00|13.699,00|13.500,00|6|3.066|41.394.184,00|
|26/05/2020|R|13.699,00|13.000,00|13.000,00|13.000,00|2|8|104.000,00|
|28/05/2020|R|13.000,00|13.000,00|0,00|0,00|1|36|464.400,00|
|29/05/2020|R|13.000,00|13.700,00|13.700,00|13.000,00|3|9.029|122.503.250,00|
|01/06/2020|R|13.700,00|13.700,00|13.700,00|12.000,00|9|51.280|701.720.080,00|
|02/06/2020|R|13.700,00|13.800,00|13.800,00|13.700,00|3|7.664|102.640.400,00|
|03/06/2020|R|13.800,00|14.199,99|14.199,99|14.199,99|3|700|8.990.498,00|
|04/06/2020|R|14.199,99|14.200,00|14.200,00|14.200,00|2|6.340|90.028.000,00|
|05/06/2020|R|14.200,00|14.400,00|14.400,00|14.400,00|3|6.670|95.848.000,00|
|08/06/2020|R|14.400,00|14.500,00|14.500,00|14.500,00|2|455|6.597.500,00|
|09/06/2020|R|14.500,00|14.599,99|14.599,99|14.599,99|3|6.628|86.178.399,91|
|10/06/2020|R|14.599,99|13.500,00|14.000,00|13.500,00|5|4.167|54.200.581,60|
|11/06/2020|R|13.500,00|13.000,00|13.000,00|13.000,00|2|4.962|64.506.000,00|
|12/06/2020|R|13.000,00|12.500,00|12.500,00|12.500,00|1|1.474|18.425.000,00|
|16/06/2020|R|12.500,00|13.000,00|13.500,00|13.000,00|3|205|2.717.500,00|
|17/06/2020|R|13.000,00|14.500,00|14.500,00|14.497,00|7|1.295|18.426.904,00|
|18/06/2020|R|14.500,00|13.000,00|14.500,00|13.000,00|6|11.098|154.421.000,00|
|19/06/2020|R|13.000,00|13.000,00|14.495,00|13.000,00|5|1.142|14.908.790,02|
|22/06/2020|R|13.000,00|13.000,00|13.000,00|13.000,00|1|1.000|13.000.000,00|
|23/06/2020|R|13.000,00|14.000,00|14.599,99|13.000,00|4|1.219|16.068.399,96|
|25/06/2020|R|14.000,00|13.200,00|14.000,00|13.200,00|3|1.771|23.378.000,00|
|26/06/2020|R|13.200,00|14.000,00|14.000,00|13.500,00|9|2.371|32.096.000,00|
|30/06/2020|R|14.000,00|14.485,00|14.485,00|14.000,00|5|4.791|67.090.825,00|
|01/07/2020|R|14.485,00|14.300,00|14.300,00|14.300,00|2|394|5.322.200,00|
|02/07/2020|R|14.300,00|14.300,00|0,00|0,00|1|20|283.800,00|
|06/07/2020|R|14.300,00|13.500,00|14.000,00|13.500,00|5|103.969|1.403.584.000,00|
|07/07/2020|R|13.500,00|14.200,00|14.200,00|14.200,00|2|3.016|40.727.200,00|
|08/07/2020|R|14.200,00|13.550,00|14.200,00|13.550,00|4|1.322|18.577.400,00|
|09/07/2020|R|13.550,00|13.500,00|13.500,00|13.500,00|1|50.000|675.000.000,00|
|10/07/2020|R|13.500,00|12.000,00|14.199,99|12.000,00|3|1.201|14.883.297,96|
|14/07/2020|R|12.000,00|14.199,99|14.199,99|14.199,99|2|256|3.635.197,44|
|15/07/2020|R|14.199,99|13.999,00|14.000,00|13.999,00|2|354|4.955.746,00|
|16/07/2020|R|13.999,00|14.000,00|14.001,00|14.000,00|4|1.462|20.468.010,00|
|17/07/2020|R|14.000,00|14.000,00|14.000,00|14.000,00|1|150|2.100.000,00|
|20/07/2020|R|14.000,00|14.200,00|14.200,00|14.200,00|2|3.185|45.227.000,00|
|21/07/2020|R|14.200,00|14.800,00|14.800,00|14.000,00|9|18.221|264.364.400,00|
|22/07/2020|R|14.800,00|15.000,00|15.000,00|14.800,00|4|5.742|86.027.600,00|
|23/07/2020|R|15.000,00|15.500,00|15.500,00|15.500,00|2|6.450|99.975.000,00|
|28/07/2020|R|15.500,00|15.500,00|15.500,00|15.500,00|1|2|31.000,00|
|29/07/2020|R|15.500,00|15.500,00|16.200,00|15.500,00|5|3.378|52.361.100,00|
|30/07/2020|R|15.500,00|16.600,00|16.600,00|16.200,00|5|13.989|228.377.400,00|
|31/07/2020|R|16.600,00|16.600,00|17.000,00|17.000,00|1|7|119.000,00|
|03/08/2020|R|16.600,00|17.400,00|17.400,00|17.000,00|5|18.643|318.477.000,00|
|05/08/2020|R|17.400,00|17.400,00|0,00|0,00|1|3.335|58.029.000,00|
|06/08/2020|R|17.400,00|17.400,00|17.400,00|17.400,00|1|500|8.700.000,00|
|07/08/2020|R|17.400,00|18.000,00|18.000,00|17.800,00|5|802|14.351.700,00|
|10/08/2020|R|18.000,00|18.000,00|18.000,00|18.000,00|3|588|10.584.000,00|
|11/08/2020|R|18.000,00|18.000,00|0,00|0,00|1|150|2.700.000,00|
|12/08/2020|R|18.000,00|20.300,00|20.300,00|20.300,00|4|38|771.400,00|
|13/08/2020|R|20.300,00|20.500,00|20.500,00|20.300,00|6|2.209|45.242.700,00|
|14/08/2020|R|20.500,00|21.700,00|21.700,00|21.000,00|2|470|10.031.700,00|
|17/08/2020|R|21.700,00|24.100,00|24.100,00|22.500,00|7|3.152|71.434.400,00|
|18/08/2020|R|24.100,00|25.000,00|25.000,00|24.000,00|5|1.735|41.545.000,00|
|19/08/2020|R|25.000,00|26.500,00|26.500,00|25.000,00|4|2.573|66.318.000,00|
|20/08/2020|R|26.500,00|28.000,00|28.000,00|27.000,00|8|3.867|106.270.000,00|
|21/08/2020|R|28.000,00|28.500,00|28.500,00|28.000,00|4|211|5.944.500,00|
|24/08/2020|R|28.500,00|29.000,00|29.000,00|28.500,00|4|2.208|63.008.500,00|
|25/08/2020|R|29.000,00|30.000,00|30.000,00|27.000,00|9|5.694|157.583.000,00|
|26/08/2020|R|30.000,00|30.000,00|30.000,00|30.000,00|2|28|789.600,00|
|31/08/2020|R|30.000,00|30.000,00|30.000,00|30.000,00|1|30|900.000,00|
|01/09/2020|R|30.000,00|28.000,00|28.000,00|28.000,00|1|19|532.000,00|
|02/09/2020|R|28.000,00|28.500,00|28.500,00|28.499,99|3|222|6.326.999,30|
|04/09/2020|R|28.500,00|28.499,00|28.499,00|28.499,00|2|53|1.510.456,00|
|07/09/2020|R|28.499,00|28.000,00|28.490,00|28.000,00|2|34|953.470,00|
|08/09/2020|R|28.000,00|28.000,00|28.000,00|28.000,00|3|34|956.230,00|
|10/09/2020|R|28.000,00|28.000,00|28.000,00|28.000,00|1|369|10.332.000,00|
|11/09/2020|R|28.000,00|28.000,00|28.000,00|22.800,00|6|13.352|348.147.280,00|
|15/09/2020|R|28.000,00|27.000,00|27.000,00|27.000,00|1|34|918.000,00|
|16/09/2020|R|27.000,00|28.000,00|28.000,00|27.000,00|3|203|5.583.000,00|
|18/09/2020|R|28.000,00|27.999,00|27.999,00|27.999,00|1|209|5.851.791,00|
|21/09/2020|R|27.999,00|27.999,00|0,00|0,00|2|151|3.943.991,00|
|22/09/2020|R|27.999,00|27.790,00|27.790,00|27.790,00|2|400|11.116.000,00|
|23/09/2020|R|27.790,00|27.790,00|27.790,00|27.790,00|2|1.054|27.500.660,00|
|28/09/2020|R|27.790,00|27.000,00|27.000,00|27.000,00|1|46|1.242.000,00|
|29/09/2020|R|27.000,00|26.900,00|27.100,00|26.900,00|4|7.856|212.028.000,00|
|01/10/2020|R|26.900,00|27.100,00|27.100,00|27.100,00|3|34|921.400,00|
|02/10/2020|R|27.100,00|27.100,00|27.100,00|27.100,00|2|72|1.951.200,00|
|05/10/2020|R|27.100,00|27.100,00|27.100,00|27.100,00|4|4.810|130.094.400,00|
|06/10/2020|R|27.100,00|27.100,00|27.100,00|27.100,00|1|4|108.400,00|
|07/10/2020|R|27.100,00|27.100,00|27.100,00|27.100,00|5|306|8.292.600,00|
|08/10/2020|R|27.100,00|27.350,00|27.350,00|27.200,00|4|4.335|118.308.700,00|
|09/10/2020|R|27.350,00|27.350,00|27.350,00|27.350,00|2|32.650|892.977.500,00|
|14/10/2020|R|27.350,00|27.350,00|0,00|0,00|1|5.000|136.750.000,00|
|15/10/2020|R|27.350,00|27.000,00|27.450,00|27.000,00|8|9.165|250.511.000,00|
|16/10/2020|R|27.000,00|27.000,00|27.000,00|27.000,00|1|500|13.500.000,00|
|19/10/2020|R|27.000,00|27.000,00|27.250,00|27.250,00|3|1.986|53.623.000,00|
|20/10/2020|R|27.000,00|27.000,00|27.000,00|27.000,00|2|1.000|27.000.000,00|
|21/10/2020|R|27.000,00|27.000,00|27.000,00|27.000,00|2|248|6.696.000,00|
|23/10/2020|R|27.000,00|27.000,00|27.000,00|27.000,00|5|7.323|197.721.000,00|
|26/10/2020|R|27.000,00|27.000,00|0,00|0,00|1|2.500|67.500.000,00|
|27/10/2020|R|27.000,00|27.000,00|27.000,00|27.000,00|2|6|162.000,00|
|29/10/2020|R|27.000,00|27.550,00|27.550,00|27.450,00|5|744|20.457.500,00|
|30/10/2020|R|27.550,00|27.550,00|27.550,00|27.550,00|1|50|1.377.500,00|
|02/11/2020|R|27.550,00|27.550,00|27.550,00|27.550,00|1|2|55.100,00|
|03/11/2020|R|27.550,00|27.550,00|27.550,00|27.550,00|1|1.586|43.694.300,00|
|04/11/2020|R|27.550,00|27.550,00|0,00|0,00|2|3.637|100.175.750,00|
|05/11/2020|R|27.550,00|27.600,00|27.600,00|27.600,00|1|363|10.018.800,00|
|06/11/2020|R|27.600,00|27.600,00|0,00|0,00|1|7|193.200,00|
|09/11/2020|R|27.600,00|27.650,00|27.650,00|27.250,00|3|530|14.448.500,00|
|12/11/2020|R|27.650,00|27.650,00|27.650,00|27.650,00|1|20|553.000,00|
|16/11/2020|R|27.650,00|27.650,00|27.650,00|27.650,00|2|685|18.940.250,00|
|18/11/2020|R|27.650,00|27.900,00|27.900,00|27.700,00|4|1.060|29.433.100,00|
|19/11/2020|R|27.900,00|27.900,00|27.900,00|27.900,00|1|330|9.207.000,00|
|20/11/2020|R|27.900,00|28.000,00|28.000,00|27.900,00|7|2.804|78.510.400,00|
|24/11/2020|R|28.000,00|29.800,00|29.800,00|28.100,00|21|28.692|820.892.400,00|
|25/11/2020|R|29.800,00|29.800,00|29.800,00|29.800,00|1|10|298.000,00|
|26/11/2020|R|29.800,00|33.500,00|33.500,00|33.500,00|2|13|435.500,00|
|27/11/2020|R|33.500,00|33.500,00|33.500,00|33.500,00|2|275|9.212.500,00|
|02/12/2020|R|33.500,00|40.170,00|40.170,00|40.170,00|1|32|1.285.440,00|
|03/12/2020|R|40.170,00|57.840,00|57.840,00|42.550,00|2|10|501.950,00|
|04/12/2020|R|57.840,00|100.000,00|119.890,00|57.840,00|40|14.266|1.200.173.430,00|
|07/12/2020|R|100.000,00|104.000,00|120.000,00|104.000,00|24|5.324|633.184.960,00|
|08/12/2020|R|104.000,00|112.000,00|112.000,00|104.000,00|8|1.698|183.760.000,00|
|09/12/2020|R|112.000,00|110.000,00|112.000,00|110.000,00|8|2.394|266.120.000,00|
|10/12/2020|R|110.000,00|110.000,00|110.000,00|110.000,00|3|23|2.530.000,00|
|11/12/2020|R|110.000,00|105.000,00|110.000,00|105.000,00|3|26|2.839.980,00|
|15/12/2020|R|105.000,00|108.000,00|108.000,00|108.000,00|6|825|87.150.000,00|
|16/12/2020|R|108.000,00|105.000,00|107.990,00|105.000,00|7|5.280|555.282.050,00|
|17/12/2020|R|105.000,00|107.990,00|107.990,00|107.990,00|2|90|9.719.100,00|
|18/12/2020|R|107.990,00|106.990,00|108.000,00|105.000,00|8|960|102.721.000,00|
|21/12/2020|R|106.990,00|108.200,00|108.300,00|108.000,00|6|2.787|301.068.100,00|
|22/12/2020|R|108.200,00|108.300,00|108.300,00|108.200,00|6|2.148|232.600.400,00|
|28/12/2020|R|108.300,00|108.300,00|108.300,00|108.300,00|1|2|216.600,00|
|29/12/2020|R|108.300,00|108.500,00|108.500,00|108.300,00|5|2.834|307.128.400,00|
|30/12/2020|R|108.500,00|108.500,00|108.500,00|108.500,00|4|30|3.255.000,00|
|05/01/2021|R|108.500,00|108.500,00|108.500,00|108.500,00|1|1.800|195.300.000,00|
|06/01/2021|R|108.500,00|108.000,00|108.000,00|108.000,00|1|349|37.692.000,00|
|07/01/2021|R|108.000,00|113.000,00|113.000,00|108.500,00|20|28.206|3.105.379.500,00|
|08/01/2021|R|113.000,00|113.000,00|113.000,00|113.000,00|4|618|69.834.000,00|
|12/01/2021|R|113.000,00|113.000,00|113.000,00|113.000,00|4|2.437|275.381.000,00|
|13/01/2021|R|113.000,00|110.000,00|113.000,00|110.000,00|7|455|50.173.000,00|
|14/01/2021|R|110.000,00|110.000,00|110.000,00|110.000,00|2|20|2.200.000,00|
|15/01/2021|R|110.000,00|110.000,00|110.000,00|110.000,00|1|6|660.000,00|
|19/01/2021|R|110.000,00|110.500,00|110.500,00|110.000,00|3|1.088|119.681.000,00|
|20/01/2021|R|110.500,00|113.000,00|113.000,00|110.000,00|4|5.878|649.347.000,00|
|21/01/2021|R|113.000,00|113.000,00|113.000,00|113.000,00|1|10|1.130.000,00|
|22/01/2021|R|113.000,00|113.000,00|112.990,00|112.990,00|2|10|1.129.900,00|
|25/01/2021|R|113.000,00|113.000,00|0,00|0,00|4|4.897|548.464.000,00|
|26/01/2021|R|113.000,00|114.000,00|114.000,00|113.000,00|5|8.975|1.017.598.000,00|
|27/01/2021|R|114.000,00|114.000,00|114.000,00|114.000,00|3|427|48.678.000,00|
|28/01/2021|R|114.000,00|115.000,00|115.000,00|114.000,00|4|3.900|446.600.000,00|
|29/01/2021|R|115.000,00|118.000,00|118.000,00|115.000,00|8|15.250|1.773.150.000,00|
|01/02/2021|R|118.000,00|120.000,00|122.000,00|120.000,00|10|4.298|517.770.000,00|
|02/02/2021|R|120.000,00|124.000,00|124.000,00|121.990,00|7|7.960|979.590.150,00|
|03/02/2021|R|124.000,00|148.800,00|148.800,00|125.500,00|10|6.105|784.105.420,00|
|04/02/2021|R|148.800,00|165.000,00|173.990,00|160.000,00|4|829|141.320.910,00|
|05/02/2021|R|165.000,00|166.000,00|166.000,00|166.000,00|2|44|7.304.000,00|
|08/02/2021|R|166.000,00|173.980,00|174.000,00|173.980,00|7|1.970|335.160.000,00|
|09/02/2021|R|173.980,00|174.000,00|174.000,00|173.950,00|8|947|164.754.540,00|
|10/02/2021|R|174.000,00|174.000,00|174.000,00|174.000,00|1|9|1.566.000,00|
|11/02/2021|R|174.000,00|172.000,00|174.000,00|172.000,00|5|530|91.720.000,00|
|12/02/2021|R|172.000,00|173.990,00|173.990,00|170.000,00|6|900|153.119.700,00|
|17/02/2021|R|173.990,00|173.990,00|174.000,00|173.990,00|3|1.240|215.749.700,00|
|18/02/2021|R|173.990,00|174.000,00|174.000,00|173.990,00|5|4.676|813.605.000,00|
|19/02/2021|R|174.000,00|177.000,00|177.000,00|174.990,00|10|9.030|1.588.643.700,00|
|22/02/2021|R|177.000,00|181.000,00|181.000,00|177.000,00|9|10.620|1.905.540.000,00|
|23/02/2021|R|181.000,00|182.000,00|182.000,00|181.000,00|6|2.683|485.845.000,00|
|24/02/2021|R|182.000,00|182.000,00|182.000,00|182.000,00|2|2.000|364.000.000,00|
|25/02/2021|R|182.000,00|182.000,00|182.000,00|182.000,00|2|205|37.310.000,00|
|26/02/2021|R|182.000,00|182.000,00|183.000,00|182.000,00|9|2.180|397.940.000,00|
|01/03/2021|R|182.000,00|183.000,00|183.000,00|182.000,00|5|2.688|489.446.000,00|
|02/03/2021|R|183.000,00|190.000,00|190.000,00|183.000,00|12|18.596|3.453.970.000,00|
|03/03/2021|R|190.000,00|190.000,00|190.000,00|190.000,00|1|4|760.000,00|
|05/03/2021|R|190.000,00|190.000,00|190.000,00|190.000,00|7|2.912|553.280.000,00|
|08/03/2021|R|190.000,00|190.000,00|190.000,00|190.000,00|3|1.667|316.730.000,00|
|11/03/2021|R|190.000,00|210.000,00|210.000,00|200.000,00|5|2.500|510.000.000,00|
|12/03/2021|R|210.000,00|222.000,00|222.000,00|218.000,00|5|1.680|369.560.000,00|
|15/03/2021|R|222.000,00|225.000,00|230.000,00|225.000,00|4|1.957|441.610.000,00|
|16/03/2021|R|225.000,00|232.000,00|232.000,00|230.000,00|7|2.600|582.860.000,00|
|17/03/2021|R|232.000,00|242.000,00|242.000,00|234.000,00|9|5.394|1.285.516.000,00|
|18/03/2021|R|242.000,00|245.000,00|245.000,00|240.000,00|7|5.010|1.207.420.000,00|
|22/03/2021|R|245.000,00|254.000,00|254.000,00|245.000,00|8|2.461|612.375.000,00|
|23/03/2021|R|254.000,00|270.000,00|270.000,00|269.000,00|3|1.374|370.211.000,00|
|24/03/2021|R|270.000,00|270.000,00|275.000,00|270.000,00|11|3.955|1.074.075.000,00|
|25/03/2021|R|270.000,00|280.000,00|280.000,00|280.000,00|1|8|2.240.000,00|
|26/03/2021|R|280.000,00|300.000,00|300.000,00|280.000,00|11|6.087|1.777.785.000,00|
|29/03/2021|R|300.000,00|300.000,00|300.000,00|300.000,00|3|3.185|955.500.000,00|
|31/03/2021|R|300.000,00|305.000,00|305.000,00|305.000,00|6|150|45.750.000,00|
|05/04/2021|R|305.000,00|305.000,00|305.000,00|305.000,00|12|22.559|6.880.450.000,00|
|06/04/2021|R|305.000,00|310.000,00|310.000,00|305.000,00|10|3.743|1.145.805.000,00|
|07/04/2021|R|310.000,00|325.000,00|325.000,00|315.000,00|5|2.369|757.885.000,00|
|08/04/2021|R|325.000,00|350.000,00|350.000,00|330.000,00|13|3.785|1.287.625.000,00|
|09/04/2021|R|350.000,00|370.000,00|370.000,00|360.000,00|5|1.324|481.450.000,00|
|12/04/2021|R|370.000,00|370.000,00|370.000,00|370.000,00|4|1.904|704.480.000,00|
|13/04/2021|R|370.000,00|370.000,00|370.000,00|370.000,00|1|2|740.000,00|
|14/04/2021|R|370.000,00|370.000,00|370.000,00|370.000,00|3|423|156.510.000,00|
|15/04/2021|R|370.000,00|375.000,00|375.000,00|375.000,00|5|2.201|825.375.000,00|
|16/04/2021|R|375.000,00|390.000,00|390.000,00|380.000,00|4|1.207|461.995.000,00|
|20/04/2021|R|390.000,00|419.990,00|419.990,00|390.000,00|8|1.765|692.703.250,00|
|21/04/2021|R|419.990,00|419.990,00|430.000,00|415.000,00|12|3.819|1.600.479.320,00|
|22/04/2021|R|419.990,00|430.000,00|430.000,00|420.000,00|5|1.355|570.640.000,00|
|23/04/2021|R|430.000,00|467.990,00|467.990,00|430.000,00|16|2.757|1.210.968.720,00|
|26/04/2021|R|467.990,00|467.990,00|485.000,00|467.990,00|7|923|432.166.520,00|
|27/04/2021|R|467.990,00|505.000,00|520.000,00|485.000,00|9|6.757|3.384.480.000,00|
|28/04/2021|R|505.000,00|500.000,00|600.000,00|500.000,00|14|7.515|3.823.844.000,00|
|29/04/2021|R|500.000,00|579.990,00|579.990,00|579.990,00|2|217|125.857.830,00|
|30/04/2021|R|579.990,00|600.000,00|600.000,00|579.990,00|3|522|303.195.000,00|
|03/05/2021|R|600.000,00|550.000,00|550.000,00|550.000,00|2|557|320.630.000,00|
|04/05/2021|R|550.000,00|580.000,00|590.000,00|580.000,00|4|14|8.175.000,00|
|05/05/2021|R|580.000,00|600.000,00|600.000,00|600.000,00|3|584|350.400.000,00|
|06/05/2021|R|600.000,00|600.000,00|700.000,00|600.000,00|7|24.307|14.689.300.000,00|
|07/05/2021|R|600.000,00|700.000,00|719.990,00|700.000,00|2|5|3.519.990,00|
|10/05/2021|R|700.000,00|685.000,00|700.000,00|685.000,00|7|239|164.900.000,00|
|11/05/2021|R|685.000,00|600.000,00|600.000,00|600.000,00|9|12.908|7.889.895.000,00|
|12/05/2021|R|600.000,00|650.000,00|650.000,00|625.000,00|7|9.391|5.729.525.000,00|
|13/05/2021|R|650.000,00|650.000,00|650.000,00|650.000,00|2|113|73.450.000,00|
|14/05/2021|R|650.000,00|640.000,00|650.000,00|640.000,00|3|62|39.940.000,00|
|17/05/2021|R|640.000,00|620.000,00|680.000,00|620.000,00|2|11|6.880.000,00|
|18/05/2021|R|620.000,00|640.000,00|650.000,00|620.000,00|9|275|176.480.000,00|
|19/05/2021|R|640.000,00|630.000,00|650.000,00|630.000,00|2|453|285.450.000,00|
|20/05/2021|R|630.000,00|600.000,00|650.000,00|600.000,00|2|11|6.650.000,00|
|21/05/2021|R|600.000,00|600.000,00|630.000,00|600.000,00|6|10.319|6.230.880.000,00|
|25/05/2021|R|600.000,00|600.000,00|610.000,00|600.000,00|8|6.639|4.015.400.000,00|
|26/05/2021|R|600.000,00|550.000,00|595.000,00|550.000,00|5|1.456|838.920.000,00|
|27/05/2021|R|550.000,00|540.000,00|540.000,00|540.000,00|1|10|5.400.000,00|
|28/05/2021|R|540.000,00|539.000,00|539.000,00|539.000,00|4|183|98.637.000,00|
|31/05/2021|R|539.000,00|539.000,00|539.000,00|539.000,00|1|6|3.234.000,00|
|01/06/2021|R|539.000,00|539.000,00|539.000,00|539.000,00|1|10|5.390.000,00|
|03/06/2021|R|539.000,00|538.000,00|538.900,00|538.000,00|5|1.025|551.468.000,00|
|04/06/2021|R|538.000,00|538.000,00|538.000,00|538.000,00|1|1.000|538.000.000,00|
|07/06/2021|R|538.000,00|538.000,00|630.000,00|630.000,00|1|1|630.000,00|
|08/06/2021|R|538.000,00|630.000,00|630.000,00|539.000,00|10|5.777|3.210.051.000,00|
|09/06/2021|R|630.000,00|629.990,00|630.000,00|625.000,00|10|2.718|1.711.134.340,00|
|10/06/2021|R|629.990,00|629.000,00|629.990,00|618.000,00|6|507|316.253.760,00|
|15/06/2021|R|629.000,00|506.000,00|620.000,00|506.000,00|2|101|51.220.000,00|
|16/06/2021|R|506.000,00|506.000,00|506.000,00|506.000,00|3|20|10.120.000,00|
|18/06/2021|R|506.000,00|520.000,00|520.000,00|506.000,00|10|6.401|3.316.976.000,00|
|29/06/2021|R|520.000,00|620.000,00|620.000,00|620.000,00|10|4.475|2.774.500.000,00|
|30/06/2021|R|620.000,00|655.000,00|661.000,00|620.000,00|21|5.793|3.671.933.000,00|
|01/07/2021|R|655.000,00|700.000,00|700.000,00|665.000,00|6|7.598|5.246.545.000,00|
|02/07/2021|R|700.000,00|739.990,00|739.990,00|700.000,00|19|8.807|6.334.830.110,00|
|06/07/2021|R|739.990,00|739.000,00|739.990,00|739.000,00|10|714|528.149.910,00|
|07/07/2021|R|739.000,00|710.000,00|733.950,00|710.000,00|6|64|46.441.400,00|
|08/07/2021|R|710.000,00|699.000,00|699.990,00|699.000,00|4|67|46.882.500,00|
|09/07/2021|R|699.000,00|714.000,00|714.000,00|655.000,00|19|7.038|4.966.689.000,00|
|12/07/2021|R|714.000,00|712.990,00|714.000,00|712.990,00|3|52|37.090.980,00|
|13/07/2021|R|712.990,00|713.900,00|714.000,00|713.900,00|2|114|81.386.000,00|
|14/07/2021|R|713.900,00|712.000,00|714.000,00|712.000,00|7|96|68.409.750,00|
|15/07/2021|R|712.000,00|713.980,00|713.990,00|713.980,00|3|259|184.923.390,00|
|16/07/2021|R|713.980,00|720.000,00|720.000,00|713.500,00|12|4.890|3.492.305.320,00|
|19/07/2021|R|720.000,00|700.000,00|720.000,00|700.000,00|4|1.004|702.880.000,00|
|20/07/2021|R|700.000,00|700.000,00|700.000,00|700.000,00|3|26|18.200.000,00|
|21/07/2021|R|700.000,00|690.000,00|690.000,00|690.000,00|3|1.001|690.690.000,00|
|22/07/2021|R|690.000,00|699.990,00|699.990,00|599.990,00|3|1.225|757.487.750,00|
|23/07/2021|R|699.990,00|699.990,00|699.990,00|699.990,00|3|454|317.795.460,00|
|26/07/2021|R|699.990,00|694.990,00|694.990,00|694.990,00|3|129|88.903.770,00|
|27/07/2021|R|694.990,00|699.990,00|699.990,00|695.000,00|5|240|167.798.000,00|
|28/07/2021|R|699.990,00|695.000,00|695.000,00|695.000,00|3|1.094|764.292.060,00|
|29/07/2021|R|695.000,00|699.990,00|699.990,00|600.000,00|3|750|460.149.000,00|
|02/08/2021|R|699.990,00|689.900,00|690.000,00|689.000,00|4|1.200|827.489.300,00|
|03/08/2021|R|689.900,00|699.980,00|699.990,00|689.900,00|6|506|353.131.780,00|
|04/08/2021|R|699.980,00|699.960,00|699.960,00|699.960,00|1|250|174.990.000,00|
|05/08/2021|R|699.960,00|699.980,00|699.980,00|699.950,00|3|679|475.271.420,00|
|06/08/2021|R|699.980,00|699.990,00|699.990,00|699.980,00|10|2.860|2.001.961.400,00|
|09/08/2021|R|699.990,00|699.950,00|699.950,00|690.000,00|5|2.279|1.575.614.400,00|
|10/08/2021|R|699.950,00|715.000,00|720.000,00|699.000,00|12|5.596|3.938.820.600,00|
|11/08/2021|R|715.000,00|725.000,00|730.000,00|719.990,00|10|5.553|4.019.152.000,00|
|12/08/2021|R|725.000,00|720.000,00|725.000,00|720.000,00|4|750|542.497.500,00|
|13/08/2021|R|720.000,00|729.980,00|729.990,00|729.980,00|3|800|583.988.000,00|
|16/08/2021|R|729.980,00|755.000,00|755.000,00|729.990,00|18|10.627|7.806.078.000,00|
|17/08/2021|R|755.000,00|765.000,00|765.000,00|750.000,00|4|2.730|2.064.690.000,00|
|18/08/2021|R|765.000,00|850.000,00|850.000,00|770.000,00|10|8.607|6.848.750.000,00|
|19/08/2021|R|850.000,00|850.000,00|850.000,00|850.000,00|3|18|15.300.000,00|
|20/08/2021|R|850.000,00|870.000,00|875.000,00|849.990,00|4|1.682|1.469.024.030,00|
|23/08/2021|R|870.000,00|870.000,00|870.000,00|870.000,00|2|260|226.200.000,00|




















   



































