

|14/01/2013|R|0,38|0,38|0,38|0,38|1|3.500|1.330,00|
|18/01/2013|R|0,38|0,38|0,38|0,38|2|119.000|45.220,00|
|14/02/2013|R|0,38|0,40|0,40|0,40|1|200.000|80.000,00|
|11/03/2013|R|0,40|0,38|0,38|0,38|1|54.500|20.710,00|
|20/03/2013|R|0,38|0,38|0,47|0,45|2|5.500|2.485,00|
|22/03/2013|R|0,38|0,38|0,45|0,45|1|2.000|900,00|
|25/03/2013|R|0,38|0,38|0,45|0,45|2|2.000|900,00|
|01/04/2013|R|0,38|0,38|0,44|0,44|2|1.500|660,00|
|04/04/2013|R|0,38|0,38|0,38|0,38|1|13.500|5.130,00|
|05/04/2013|R|0,38|0,44|0,44|0,44|2|7.000|3.080,00|
|08/04/2013|R|0,44|0,43|0,44|0,43|5|183.000|79.920,00|
|09/04/2013|R|0,43|0,43|0,43|0,43|1|16.000|6.880,00|
|10/04/2013|R|0,43|0,44|0,44|0,44|3|102.500|45.100,00|
|11/04/2013|R|0,44|0,44|0,44|0,44|1|7.000|3.080,00|
|15/04/2013|R|0,44|0,44|0,44|0,44|3|10.800|4.752,00|
|16/04/2013|R|0,44|0,44|0,44|0,44|3|503.616|221.591,04|
|23/04/2013|R|0,44|0,48|0,50|0,48|2|20.600|9.900,00|
|30/04/2013|R|0,48|0,48|0,56|0,56|1|640|358,40|
|14/05/2013|R|0,48|0,48|0,00|0,00|1|100.000|48.000,00|
|15/05/2013|R|0,48|0,48|0,50|0,50|2|2.460|1.230,00|
|20/05/2013|R|0,48|0,48|0,00|0,00|1|100.000|48.000,00|
|21/05/2013|R|0,48|0,48|0,48|0,48|1|5.000|2.400,00|
|23/05/2013|R|0,48|0,48|0,00|0,00|1|1.000|480,00|
|28/05/2013|R|0,48|0,44|0,44|0,44|1|114.540|50.397,60|
|10/06/2013|R|0,44|0,44|0,00|0,00|1|60.000|26.400,00|
|13/06/2013|R|0,44|0,44|0,44|0,44|1|20.000|8.800,00|
|16/07/2013|R|0,44|0,44|0,51|0,51|2|1.750|892,50|
|25/07/2013|R|0,44|0,45|0,45|0,45|2|30.000|13.500,00|
|15/08/2013|R|0,45|0,45|0,54|0,54|2|5.510|2.975,40|
|16/08/2013|R|0,45|0,46|0,46|0,46|1|25.000|11.500,00|
|28/08/2013|R|0,46|0,46|0,46|0,46|1|30.000|13.800,00|
|16/10/2013|R|0,46|0,46|0,46|0,46|1|9.000|4.140,00|
|14/11/2013|R|0,46|0,60|0,60|0,60|1|5.510|3.306,00|
|27/11/2013|R|0,60|0,60|0,00|0,00|1|50.000|30.500,00|
|13/02/2014|R|0,60|0,60|0,61|0,61|1|4.000|2.440,00|
|10/03/2014|R|0,60|0,62|0,62|0,62|1|5.000|3.100,00|
|26/03/2014|R|0,62|0,72|0,72|0,72|2|360.000|259.200,00|
|03/04/2014|R|0,72|0,85|0,85|0,85|1|3.650|3.102,50|
|04/04/2014|R|0,85|0,85|0,85|0,85|2|95.000|80.750,00|
|07/04/2014|R|0,85|1,01|1,01|0,86|4|56.300|50.863,00|
|08/04/2014|R|1,01|1,01|1,01|1,01|1|10.000|10.100,00|
|05/05/2014|R|1,01|1,01|1,04|1,04|2|1.450|1.508,00|
|19/05/2014|R|1,01|1,01|1,04|1,04|1|500|520,00|
|26/05/2014|R|1,01|1,04|1,04|1,04|1|5.000|5.200,00|
|30/05/2014|R|1,04|1,04|1,04|1,04|2|5.500|5.720,00|
|03/06/2014|R|1,04|1,01|1,01|1,01|1|60.000|60.600,00|
|05/06/2014|R|1,01|1,04|1,04|1,04|1|20.000|20.800,00|
|06/06/2014|R|1,04|1,04|1,04|1,04|1|100.000|104.000,00|
|11/06/2014|R|1,04|1,05|1,05|1,04|2|41.000|42.938,00|
|13/06/2014|R|1,05|1,05|1,05|1,05|2|1.000|1.050,00|
|27/06/2014|R|1,05|1,05|1,05|1,05|1|5.000|5.250,00|
|01/07/2014|R|1,05|1,05|1,05|1,05|1|500|525,00|
|08/07/2014|R|1,05|1,05|0,00|0,00|2|74.000|74.950,00|
|09/07/2014|R|1,05|1,05|0,00|0,00|1|50.000|47.500,00|
|10/07/2014|R|1,05|1,05|1,05|1,05|2|51.000|53.550,00|
|15/07/2014|R|1,05|1,05|0,00|0,00|1|40.000|38.000,00|
|16/07/2014|R|1,05|1,05|1,05|1,05|1|8.000|8.400,00|
|17/07/2014|R|1,05|1,05|1,05|1,05|1|10.000|10.500,00|
|18/07/2014|R|1,05|1,05|1,05|1,05|1|100|105,00|
|23/07/2014|R|1,05|1,05|1,05|1,01|3|140.000|141.200,00|
|30/07/2014|R|1,05|1,05|0,00|0,00|1|30.000|30.000,00|
|05/08/2014|R|1,05|1,05|1,05|1,05|2|48.000|42.400,00|
|15/08/2014|R|1,05|1,05|0,00|0,00|1|40.000|34.000,00|
|20/08/2014|R|1,05|1,05|1,04|1,04|1|100|104,00|
|26/08/2014|R|1,05|1,05|1,05|1,05|3|40.100|34.505,00|
|27/08/2014|R|1,05|1,05|1,05|1,05|1|2.000|2.100,00|
|08/09/2014|R|1,05|0,86|0,86|0,86|1|3.500|3.010,00|
|06/11/2014|R|0,86|1,05|1,05|1,05|3|825.500|866.775,00|
|07/11/2014|R|1,05|1,11|1,11|1,11|1|325.000|360.750,00|
|10/11/2014|R|1,11|1,17|1,17|1,17|3|310.000|362.700,00|
|12/11/2014|R|1,17|1,23|1,23|1,23|4|614.000|755.220,00|
|13/11/2014|R|1,23|1,75|1,75|1,47|3|2.015.500|3.026.985,00|
|14/11/2014|R|1,75|2,00|2,00|2,00|4|510.950|1.021.900,00|
|17/11/2014|R|2,00|2,39|2,39|2,25|3|1.048.105|2.476.970,95|
|18/11/2014|R|2,39|2,50|2,50|2,50|5|240.000|600.000,00|
|20/11/2014|R|2,50|2,60|2,60|2,50|3|75.000|189.000,00|
|24/11/2014|R|2,60|2,60|3,00|3,00|1|670|2.010,00|
|25/11/2014|R|2,60|3,00|3,00|3,00|1|102.935|308.805,00|
|26/11/2014|R|3,00|3,00|3,00|3,00|3|55.265|165.795,00|
|28/11/2014|R|3,00|3,35|3,35|3,10|2|59.000|190.400,00|
|01/12/2014|R|3,35|3,40|3,40|3,40|3|42.000|142.800,00|
|02/12/2014|R|3,40|3,40|0,00|0,00|1|15.000|40.800,00|
|04/12/2014|R|3,40|3,40|0,00|0,00|1|20.000|54.800,00|
|05/12/2014|R|3,40|3,50|3,50|3,50|2|100.000|350.000,00|
|09/12/2014|R|3,50|3,50|3,50|3,50|4|326.000|1.141.300,00|
|10/12/2014|R|3,50|3,50|3,50|3,50|4|365.000|1.277.500,00|
|17/12/2014|R|3,50|3,79|3,79|3,50|5|131.368|467.974,72|
|18/12/2014|R|3,79|4,00|4,00|4,00|1|10.000|40.000,00|
|19/12/2014|R|4,00|3,90|3,99|3,90|2|13.800|54.000,00|
|22/12/2014|R|3,90|3,99|3,99|3,90|2|26.110|102.891,00|
|23/12/2014|R|3,99|3,99|3,99|3,99|1|10.000|39.900,00|
|26/12/2014|R|3,99|4,00|4,00|3,99|4|50.000|199.700,00|
|29/12/2014|R|4,00|4,00|4,00|4,00|1|25.000|100.000,00|
|02/01/2015|R|4,00|4,50|4,50|4,50|2|12.000|54.000,00|
|06/01/2015|R|4,50|4,75|4,75|4,75|1|1.222|5.804,50|
|07/01/2015|R|4,75|4,75|0,00|0,00|1|5.200|23.400,00|
|19/01/2015|R|4,75|4,50|4,50|4,50|1|20.000|90.000,00|
|10/02/2015|R|4,50|4,50|0,00|0,00|1|10.000|36.000,00|
|23/02/2015|R|4,50|3,70|3,70|3,70|1|5.000|18.500,00|
|26/02/2015|R|3,70|3,70|0,00|0,00|2|55.000|209.250,00|
|27/02/2015|R|3,70|3,70|0,00|0,00|1|45.000|173.250,00|
|02/03/2015|R|3,70|3,70|3,70|3,70|1|6.000|22.200,00|
|04/03/2015|R|3,70|4,00|4,00|4,00|2|16.400|65.600,00|
|06/03/2015|R|4,00|4,00|4,00|4,00|2|55.000|220.000,00|
|13/03/2015|R|4,00|4,50|4,50|4,50|2|15.894|68.523,00|
|16/03/2015|R|4,50|4,50|4,50|4,50|2|9.200|41.400,00|
|17/03/2015|R|4,50|4,75|4,75|4,75|1|64.106|304.503,50|
|18/03/2015|R|4,75|5,00|5,00|5,00|1|10.000|50.000,00|
|20/03/2015|R|5,00|6,00|6,00|5,50|6|402.244|2.337.032,44|
|23/03/2015|R|6,00|6,50|6,50|6,00|2|45.000|275.000,00|
|24/03/2015|R|6,50|6,50|0,00|0,00|1|12.500|75.000,00|
|25/03/2015|R|6,50|6,10|6,10|6,10|2|13.450|82.045,00|
|26/03/2015|R|6,10|6,75|6,75|6,75|1|91.244|615.897,00|
|27/03/2015|R|6,75|8,00|8,00|6,75|4|225.000|1.596.250,00|
|31/03/2015|R|8,00|8,00|8,00|8,00|1|35.000|280.000,00|
|06/04/2015|R|8,00|8,65|8,65|8,30|4|200.182|1.714.101,60|
|07/04/2015|R|8,65|8,65|8,65|8,65|2|163.756|1.416.489,40|
|09/04/2015|R|8,65|9,00|9,00|9,00|2|31.000|279.000,00|
|10/04/2015|R|9,00|9,00|9,25|9,00|4|72.682|655.058,50|
|13/04/2015|R|9,00|9,00|9,50|9,50|1|211|2.004,50|
|14/04/2015|R|9,00|9,50|9,50|9,50|2|10.263|93.498,50|
|20/04/2015|R|9,50|8,00|8,50|8,00|2|25.000|202.500,00|
|21/04/2015|R|8,00|8,00|8,95|8,95|1|224|2.004,80|
|23/04/2015|R|8,00|8,15|8,15|8,15|1|15.000|122.250,00|
|27/04/2015|R|8,15|8,15|0,00|0,00|1|211|2.004,50|
|30/04/2015|R|8,15|8,90|8,90|8,90|1|55.000|489.500,00|
|05/05/2015|R|8,90|8,16|8,16|8,16|1|1.000|8.160,00|
|07/05/2015|R|8,16|7,90|8,15|7,90|4|105.000|842.000,00|
|11/05/2015|R|7,90|7,90|0,00|0,00|1|50.000|375.000,00|
|14/05/2015|R|7,90|8,00|8,00|8,00|2|6.725|53.800,00|
|20/05/2015|R|8,00|9,00|9,00|9,00|1|50.000|450.000,00|
|21/05/2015|R|9,00|9,00|9,50|9,00|2|50.120|451.140,00|
|22/05/2015|R|9,00|11,00|11,00|10,00|5|167.470|1.684.200,00|
|25/05/2015|R|11,00|12,25|13,00|12,25|3|664.998|8.146.341,00|
|26/05/2015|R|12,25|12,00|12,00|12,00|4|155.000|1.867.500,00|
|27/05/2015|R|12,00|12,00|12,30|12,00|4|253.080|3.036.984,00|
|01/06/2015|R|12,00|11,30|11,30|11,15|3|87.000|971.100,00|
|02/06/2015|R|11,30|12,00|12,00|12,00|1|5.000|60.000,00|
|10/06/2015|R|12,00|11,15|11,15|11,15|4|170.000|1.895.500,00|
|11/06/2015|R|11,15|11,90|11,90|11,90|3|16.000|190.400,00|
|12/06/2015|R|11,90|11,50|11,99|11,50|4|5.616|65.155,34|
|16/06/2015|R|11,50|11,00|11,00|11,00|1|719|7.909,00|
|18/06/2015|R|11,00|11,50|11,50|10,98|2|2.500|27.970,00|
|19/06/2015|R|11,50|11,50|0,00|0,00|1|72.000.000|828.000.000,00|
|30/06/2015|R|11,50|13,50|13,50|13,50|4|4.449|60.061,50|
|01/07/2015|R|13,50|13,50|0,00|0,00|1|5.000|54.000,00|
|02/07/2015|R|13,50|13,45|13,45|13,45|3|12.000|161.400,00|
|03/07/2015|R|13,45|13,50|13,50|13,50|4|115.551|1.559.938,50|
|08/07/2015|R|13,50|17,00|17,00|16,00|4|27.917|454.302,00|
|10/07/2015|R|17,00|21,00|21,00|20,40|3|7.298|150.169,20|
|13/07/2015|R|20,89|24,00|24,00|24,00|2|284|6.816,00|
|14/07/2015|R|24,00|24,00|24,00|24,00|3|8.272|198.528,00|
|16/07/2015|R|24,00|24,00|0,00|0,00|1|15.000|288.000,00|
|20/07/2015|R|24,00|24,00|28,50|24,00|2|2.354|59.439,00|
|22/07/2015|R|24,00|22,00|22,00|22,00|1|5.000|110.000,00|
|29/07/2015|R|22,00|23,90|23,90|23,90|1|370|8.843,00|
|03/08/2015|R|23,90|19,15|19,15|19,15|1|6.000|114.900,00|
|17/08/2015|R|19,15|21,00|21,00|21,00|4|41.792|877.632,00|
|21/08/2015|R|21,00|21,00|21,00|18,00|2|1.501.000|27.021.000,00|
|26/08/2015|R|21,00|17,00|17,00|17,00|1|34.000|578.000,00|
|27/08/2015|R|17,00|15,00|18,00|15,00|5|1.503.753|22.615.195,00|
|01/09/2015|R|15,00|18,50|18,50|18,00|3|20.350|376.300,00|
|02/09/2015|R|18,50|20,00|20,00|20,00|2|500|10.000,00|
|03/09/2015|R|20,00|20,00|20,00|20,00|1|173|3.460,00|
|07/09/2015|R|20,00|20,00|0,00|0,00|1|10.000|185.000,00|
|08/09/2015|R|20,00|20,00|0,00|0,00|1|5.000|80.000,00|
|09/09/2015|R|20,00|18,50|18,51|18,50|4|31.150|526.880,00|
|10/09/2015|R|18,50|18,50|0,00|0,00|1|13.850|235.450,00|
|11/09/2015|R|18,50|18,50|0,00|0,00|1|30.000|510.000,00|
|14/09/2015|R|18,50|18,50|0,00|0,00|1|32.000|544.000,00|
|17/09/2015|R|18,50|16,00|17,00|16,00|4|59.022|945.252,00|
|18/09/2015|R|16,00|16,00|0,00|0,00|1|45.000|675.000,00|
|21/09/2015|R|16,00|16,00|0,00|0,00|1|19.204|288.060,00|
|05/10/2015|R|16,00|16,00|16,00|16,00|1|100|1.600,00|
|09/10/2015|R|16,00|16,00|16,50|16,50|2|110|1.815,00|
|13/10/2015|R|16,00|16,01|16,01|16,01|1|20.000|320.200,00|
|16/10/2015|R|16,01|16,01|0,00|0,00|1|20.000|321.000,00|
|19/10/2015|R|16,01|18,50|19,21|17,00|4|39.920|709.055,50|
|20/10/2015|R|18,50|17,00|17,00|17,00|2|20.000|340.000,00|
|22/10/2015|R|17,00|17,00|20,40|17,00|9|115.050|1.956.737,50|
|26/10/2015|R|17,00|17,00|17,00|17,00|2|150.000|2.550.000,00|
|27/10/2015|R|17,00|17,00|17,00|17,00|2|50.000|850.000,00|
|30/10/2015|R|17,00|19,00|19,00|19,00|2|5.290|91.510,00|
|02/11/2015|R|19,00|19,00|0,00|0,00|2|44.581.000|802.458.000,00|
|05/11/2015|R|19,00|20,00|20,00|20,00|2|1.028|20.560,00|
|10/11/2015|R|20,00|20,00|20,00|20,00|1|4.836|96.720,00|
|11/11/2015|R|20,00|24,00|24,00|24,00|1|500|12.000,00|
|12/11/2015|R|24,00|20,00|20,00|20,00|7|5.000|100.000,00|
|20/11/2015|R|20,00|20,00|24,00|24,00|1|103|2.472,00|
|23/11/2015|R|20,00|22,00|22,00|22,00|1|30.000|660.000,00|
|24/11/2015|R|22,00|23,00|23,00|23,00|1|250|5.750,00|
|25/11/2015|R|23,00|23,50|23,50|23,50|1|2.500|58.750,00|
|26/11/2015|R|23,50|24,00|24,00|24,00|1|200|4.800,00|
|27/11/2015|R|24,00|24,00|24,00|23,00|5|16.000|379.000,00|
|01/12/2015|R|24,00|24,00|24,00|24,00|1|10.000|240.000,00|
|02/12/2015|R|24,00|26,99|26,99|26,99|1|7.900|213.221,00|
|03/12/2015|R|26,99|27,50|27,50|27,50|1|10.000|275.000,00|
|08/12/2015|R|27,50|28,00|28,00|28,00|1|700|19.600,00|
|09/12/2015|R|28,00|29,45|29,45|29,45|1|800|23.560,00|
|11/12/2015|R|29,45|25,50|25,50|24,00|2|12.000|291.000,00|
|15/12/2015|R|25,50|25,50|25,50|25,50|1|50|1.275,00|
|17/12/2015|R|25,50|25,50|0,00|0,00|1|500|12.750,00|
|21/12/2015|R|25,50|26,00|26,00|26,00|3|3.400|88.400,00|
|22/12/2015|R|26,00|26,00|26,00|26,00|1|500|13.000,00|
|30/12/2015|R|26,00|26,00|26,00|25,99|2|5.000|129.960,00|
|04/01/2016|R|26,00|26,00|27,00|27,00|1|100|2.700,00|
|13/01/2016|R|26,00|22,00|24,00|22,00|3|17.083|396.126,00|
|14/01/2016|R|22,00|22,00|22,05|22,00|3|28.091|618.452,00|
|15/01/2016|R|22,00|26,00|26,00|26,00|1|5.000|130.000,00|
|18/01/2016|R|26,00|26,00|26,00|26,00|1|580|15.080,00|
|20/01/2016|R|26,00|26,00|24,50|24,50|1|50|1.225,00|
|25/01/2016|R|26,00|24,95|25,00|24,00|6|39.989|969.302,50|
|27/01/2016|R|24,95|24,95|0,00|0,00|1|1.000|25.000,00|
|28/01/2016|R|24,95|28,00|28,00|28,00|2|700|19.600,00|
|03/02/2016|R|28,00|28,00|0,00|0,00|3|206.000|5.150.000,00|
|10/02/2016|R|28,00|25,00|25,01|25,00|2|70.000|1.750.500,00|
|16/02/2016|R|25,00|25,00|25,00|25,00|1|20.440|511.000,00|
|17/02/2016|R|25,00|25,00|25,00|25,00|2|90.000|2.250.000,00|
|19/02/2016|R|25,00|29,00|29,00|29,00|3|1.163|33.727,00|
|22/02/2016|R|29,00|30,00|30,00|30,00|1|4.000|120.000,00|
|24/02/2016|R|30,00|30,00|30,00|30,00|1|18.000|540.000,00|
|25/02/2016|R|30,00|32,00|32,00|32,00|5|38.100|1.219.200,00|
|26/02/2016|R|32,00|36,00|36,00|32,00|5|132.800|4.531.400,00|
|29/02/2016|R|40,00|40,00|40,00|40,00|2|565|22.600,00|
|02/03/2016|R|40,00|38,00|38,00|38,00|2|3.000|114.000,00|
|04/03/2016|R|38,00|38,00|38,00|38,00|2|143|5.434,00|
|08/03/2016|R|38,00|36,00|36,00|36,00|2|1.233|44.388,00|
|11/03/2016|R|36,00|30,00|30,00|30,00|3|198.292|5.948.760,00|
|14/03/2016|R|30,00|30,51|30,51|30,51|2|61.386|1.872.886,86|
|15/03/2016|R|30,51|30,50|30,50|30,50|3|122.000|3.721.000,00|
|16/03/2016|R|30,50|30,50|30,50|30,50|1|3.000|91.500,00|
|18/03/2016|R|30,50|29,00|29,00|29,00|1|3.310|95.990,00|
|21/03/2016|R|29,00|28,00|30,40|28,00|3|179.636|5.459.494,40|
|23/03/2016|R|28,00|30,40|30,40|30,40|1|1.731|52.622,40|
|28/03/2016|R|30,40|30,40|30,40|30,40|1|10.000|304.000,00|
|30/03/2016|R|30,40|30,40|30,40|30,40|3|230.000|6.992.000,00|
|31/03/2016|R|30,40|30,40|30,40|30,40|3|109.000|3.313.600,00|
|01/04/2016|R|30,40|30,40|30,40|29,00|2|50.100|1.522.900,00|
|06/04/2016|R|30,40|30,40|30,40|30,30|4|23.549|715.389,60|
|07/04/2016|R|30,40|31,00|31,00|31,00|1|2.535|78.585,00|
|11/04/2016|R|31,00|31,00|31,00|31,00|2|18.091|560.821,00|
|12/04/2016|R|31,00|31,00|31,00|31,00|1|1.000|31.000,00|
|13/04/2016|R|31,00|31,00|31,00|31,00|1|500|15.500,00|
|14/04/2016|R|31,00|31,00|31,00|31,00|1|10.000|310.000,00|
|22/04/2016|R|31,00|30,00|31,00|30,00|3|95.000|2.904.000,00|
|26/04/2016|R|30,00|35,00|35,00|35,00|1|5.000|175.000,00|
|27/04/2016|R|35,00|35,00|35,00|35,00|1|10.000|350.000,00|
|28/04/2016|R|35,00|35,00|35,00|35,00|1|200|7.000,00|
|02/05/2016|R|35,00|35,00|36,00|36,00|1|200|7.200,00|
|06/05/2016|R|35,00|35,00|35,00|35,00|2|3.120|109.200,00|
|10/05/2016|R|35,00|34,00|34,00|34,00|2|26.500|830.500,00|
|17/05/2016|R|34,00|32,00|32,00|32,00|2|188.000|6.016.000,00|
|18/05/2016|R|32,00|30,00|31,00|30,00|6|172.000|5.235.000,00|
|25/05/2016|R|30,00|35,00|35,00|35,00|1|3.049|106.715,00|
|31/05/2016|R|35,00|30,00|30,00|30,00|2|72.000|2.160.000,00|
|01/06/2016|R|30,00|35,00|35,00|35,00|1|2.500|87.500,00|
|02/06/2016|R|35,00|34,99|34,99|34,99|1|300|10.497,00|
|03/06/2016|R|34,99|34,99|34,99|34,99|1|150|5.248,50|
|15/06/2016|R|34,99|32,00|32,00|32,00|1|1.900|60.800,00|
|17/06/2016|R|32,00|29,00|29,00|29,00|1|23.100|669.900,00|
|20/06/2016|R|29,00|28,00|29,00|28,00|3|25.900|726.100,00|
|21/06/2016|R|28,00|30,00|30,00|30,00|1|2.500|75.000,00|
|29/06/2016|R|30,00|29,00|29,00|29,00|1|1.400|40.600,00|
|30/06/2016|R|29,00|27,50|27,50|27,50|2|9.451|259.902,50|
|06/07/2016|R|27,50|27,00|27,00|27,00|1|500|13.500,00|
|18/07/2016|R|27,00|26,00|27,00|26,00|3|1.510|39.750,00|
|25/07/2016|R|26,00|24,00|25,00|24,00|3|1.930|47.420,00|
|27/07/2016|R|24,00|23,00|23,00|23,00|2|4.000|92.000,00|
|09/08/2016|R|23,00|23,00|23,00|23,00|1|8.000|184.000,00|
|11/08/2016|R|23,00|25,00|25,00|25,00|1|8.000|200.000,00|
|22/08/2016|R|25,00|21,00|22,00|21,00|2|1.860|39.970,00|
|26/08/2016|R|21,00|21,00|23,00|23,00|1|270|6.210,00|
|05/09/2016|R|21,00|21,00|21,00|21,00|1|5.000|105.000,00|
|09/09/2016|R|21,00|25,00|25,00|25,00|1|10.000|250.000,00|
|12/09/2016|R|25,00|30,00|30,00|30,00|1|500|15.000,00|
|16/09/2016|R|30,00|31,00|31,00|31,00|5|7.300|226.300,00|
|19/09/2016|R|31,00|31,00|31,00|31,00|1|1.000|31.000,00|
|22/09/2016|R|31,00|31,00|34,90|34,90|1|100|3.490,00|
|28/09/2016|R|31,00|31,00|34,90|32,00|2|150|5.090,00|
|13/10/2016|R|31,00|34,80|34,80|34,80|1|500|17.400,00|
|17/10/2016|R|34,80|30,00|31,00|30,00|2|136.800|4.234.000,00|
|26/10/2016|R|30,00|30,00|30,00|30,00|1|3.360|100.800,00|
|02/11/2016|R|30,00|30,00|0,00|0,00|1|18.500|555.000,00|
|03/11/2016|R|30,00|30,00|34,90|34,90|1|200|6.980,00|
|04/11/2016|R|30,00|34,90|34,90|34,90|2|12.551|438.029,90|
|09/11/2016|R|34,90|50,00|50,00|50,00|1|3.000|150.000,00|
|10/11/2016|R|50,00|72,00|72,00|60,00|7|41.535|2.947.100,00|
|11/11/2016|R|72,00|80,00|80,00|75,00|6|22.149|1.721.920,00|
|15/11/2016|R|80,00|100,00|100,00|96,00|3|1.180|117.280,00|
|16/11/2016|R|100,00|85,00|90,00|85,00|5|10.000|840.500,00|
|17/11/2016|R|85,00|75,00|75,00|75,00|1|5.000|375.000,00|
|18/11/2016|R|75,00|89,99|89,99|80,00|6|7.395|598.570,00|
|21/11/2016|R|89,99|75,00|80,00|75,00|5|9.750|775.000,00|
|22/11/2016|R|75,00|80,00|85,00|80,00|4|550|44.250,00|
|23/11/2016|R|80,00|85,00|85,00|81,00|3|3.450|289.250,00|
|24/11/2016|R|85,00|80,00|80,00|80,00|1|5.000|400.000,00|
|25/11/2016|R|80,00|85,00|85,00|80,00|4|13.300|1.085.500,00|
|28/11/2016|R|85,00|85,00|85,00|85,00|6|12.025|1.022.125,00|
|29/11/2016|R|85,00|85,00|85,00|85,00|6|31.475|2.675.375,00|
|30/11/2016|R|85,00|119,00|119,00|100,00|3|8.550|870.200,00|
|01/12/2016|R|119,00|142,80|142,80|142,00|3|2.200|312.800,00|
|02/12/2016|R|142,80|159,99|159,99|159,99|4|5.100|781.569,00|
|05/12/2016|R|159,99|159,00|159,00|159,00|1|6.000|954.000,00|
|06/12/2016|R|159,00|105,00|127,99|105,00|7|13.100|1.490.450,00|
|07/12/2016|R|105,00|109,99|110,00|105,00|4|19.130|2.015.642,00|
|08/12/2016|R|109,99|105,00|105,00|105,00|1|1.500|157.500,00|
|14/12/2016|R|105,00|90,00|90,00|90,00|2|1.500|135.000,00|
|15/12/2016|R|90,00|85,00|87,50|85,00|3|13.225|1.127.875,00|
|16/12/2016|R|85,00|75,00|84,99|75,00|3|1.560|118.998,00|
|19/12/2016|R|75,00|75,00|90,00|90,00|1|100|9.000,00|
|21/12/2016|R|75,00|85,00|85,00|85,00|1|3.000|255.000,00|
|23/12/2016|R|85,00|85,00|85,00|85,00|1|600|51.000,00|
|27/12/2016|R|85,00|85,00|85,00|75,00|3|1.619|122.715,00|
|28/12/2016|R|85,00|85,00|85,00|85,00|6|17.171|1.459.535,00|
|30/12/2016|R|85,00|100,00|100,00|100,00|1|400|40.000,00|
|02/01/2017|R|100,00|100,00|100,00|100,00|1|180|18.000,00|
|10/01/2017|R|100,00|100,00|105,00|100,00|3|3.600|363.000,00|
|11/01/2017|R|100,00|100,00|0,00|0,00|1|600|60.000,00|
|13/01/2017|R|100,00|100,00|0,00|0,00|1|400|39.600,00|
|16/01/2017|R|100,00|100,00|80,17|80,17|1|70|5.611,90|
|18/01/2017|R|100,00|82,00|82,00|82,00|3|7.401|606.882,00|
|20/01/2017|R|82,00|82,00|0,00|0,00|1|14.000|1.134.000,00|
|25/01/2017|R|82,00|82,00|0,00|0,00|1|2.200|180.400,00|
|26/01/2017|R|82,00|82,00|82,00|82,00|1|451|36.982,00|
|27/01/2017|R|82,00|82,00|0,00|0,00|1|1.549|127.018,00|
|31/01/2017|R|82,00|82,00|82,00|82,00|1|400|32.800,00|
|03/02/2017|R|82,00|82,00|82,00|82,00|2|1.000|82.000,00|
|07/02/2017|R|82,00|82,00|82,00|82,00|1|10.000|820.000,00|
|08/02/2017|R|82,00|82,00|82,05|82,00|3|27.000|2.214.350,00|
|10/02/2017|R|82,00|90,00|90,00|89,99|3|11.000|989.950,00|
|13/02/2017|R|90,00|90,00|98,40|90,00|8|49.824|4.488.435,00|
|15/02/2017|R|90,00|95,00|95,00|95,00|2|2.630|249.850,00|
|16/02/2017|R|95,00|95,00|95,00|95,00|2|10.800|1.026.000,00|
|17/02/2017|R|95,00|95,00|95,00|95,00|3|13.500|1.282.500,00|
|21/02/2017|R|95,00|110,00|110,00|100,00|2|5.890|639.000,00|
|22/02/2017|R|110,00|110,00|110,00|110,00|2|34.370|3.780.700,00|
|23/02/2017|R|110,00|120,00|120,00|120,00|2|2.000|235.000,00|
|24/02/2017|R|120,00|120,00|120,00|119,00|4|21.200|2.543.370,00|
|01/03/2017|R|120,00|118,00|118,00|118,00|1|3.000|354.000,00|
|02/03/2017|R|118,00|113,00|113,00|113,00|2|26.300|2.971.900,00|
|03/03/2017|R|113,00|113,00|113,00|113,00|1|10.000|1.130.000,00|
|06/03/2017|R|113,00|115,00|115,00|110,50|2|5.129|589.254,50|
|07/03/2017|R|115,00|125,00|125,00|115,00|3|43.485|5.074.325,00|
|08/03/2017|R|125,00|125,00|125,00|125,00|1|100|12.500,00|
|09/03/2017|R|125,00|120,00|125,00|120,00|5|40.580|4.919.601,50|
|13/03/2017|R|120,00|115,00|115,00|115,00|2|77.800|8.947.000,00|
|14/03/2017|R|115,00|115,00|115,00|115,00|1|9.200|1.058.000,00|
|16/03/2017|R|115,00|115,00|115,00|115,00|1|700|80.500,00|
|22/03/2017|R|115,00|115,00|115,00|115,00|2|4.170|479.550,00|
|24/03/2017|R|115,00|120,00|120,00|120,00|2|14.415|1.729.800,00|
|28/03/2017|R|120,00|129,90|129,90|125,00|2|34.000|4.269.600,00|
|29/03/2017|R|129,90|150,00|150,00|135,00|4|13.300|1.902.750,00|
|31/03/2017|R|150,00|150,00|150,00|150,00|2|10.133|1.519.950,00|
|03/04/2017|R|150,00|150,00|150,00|150,00|1|500|75.000,00|
|04/04/2017|R|150,00|150,00|150,00|147,50|2|39.867|5.905.050,00|
|05/04/2017|R|150,00|155,00|155,00|155,00|3|30.000|4.650.000,00|
|06/04/2017|R|155,00|155,00|155,00|155,00|1|20.000|3.100.000,00|
|07/04/2017|R|155,00|160,00|185,00|160,00|4|57.500|9.637.500,00|
|11/04/2017|R|160,00|160,00|160,00|160,00|2|9.500|1.520.000,00|
|12/04/2017|R|160,00|184,00|184,00|184,00|1|108|19.872,00|
|21/04/2017|R|184,00|184,00|184,00|184,00|3|69.892|12.860.128,00|
|24/04/2017|R|184,00|200,00|200,00|199,00|3|4.800|958.000,00|
|25/04/2017|R|200,00|202,00|219,00|200,01|8|13.800|2.810.240,00|
|26/04/2017|R|202,00|215,00|215,00|215,00|2|10.150|2.182.250,00|
|03/05/2017|R|215,00|210,00|210,00|200,00|2|52.850|11.048.500,00|
|04/05/2017|R|210,00|223,00|223,00|223,00|1|100|22.300,00|
|05/05/2017|R|223,00|230,00|230,00|215,00|5|20.000|4.585.000,00|
|09/05/2017|R|230,00|232,00|232,00|232,00|1|100|23.200,00|
|10/05/2017|R|232,00|240,00|240,00|240,00|1|320|76.800,00|
|11/05/2017|R|240,00|250,00|250,00|250,00|3|3.000|750.000,00|
|12/05/2017|R|250,00|250,00|250,00|250,00|1|5.000|1.250.000,00|
|15/05/2017|R|250,00|255,00|255,00|255,00|5|15.338|3.911.190,00|
|16/05/2017|R|255,00|270,00|270,00|255,00|7|38.262|9.898.740,00|
|19/05/2017|R|270,00|314,99|315,00|270,00|6|12.525|3.479.995,00|
|22/05/2017|R|314,99|310,00|333,00|310,00|2|2.800|874.900,00|
|23/05/2017|R|310,00|300,00|300,00|300,00|2|7.600|2.280.000,00|
|24/05/2017|R|300,00|285,00|285,00|285,00|2|11.656|3.321.960,00|
|25/05/2017|R|285,00|285,00|285,00|285,00|1|3.000|855.000,00|
|30/05/2017|R|285,00|295,00|295,00|295,00|1|100|29.500,00|
|31/05/2017|R|295,00|295,00|0,00|0,00|1|200|59.998,00|
|01/06/2017|R|295,00|310,00|330,00|310,00|2|29.912|9.278.960,00|
|02/06/2017|R|310,00|307,00|307,00|307,00|1|300|92.100,00|
|05/06/2017|R|307,00|307,00|307,01|307,00|5|99.287|30.806.825,00|
|06/06/2017|R|307,00|310,00|310,00|310,00|2|9.000|2.790.000,00|
|07/06/2017|R|310,00|360,00|360,00|330,00|3|5.000|1.710.000,00|
|08/06/2017|R|360,00|400,00|400,00|360,00|3|3.380|1.296.800,00|
|09/06/2017|R|400,00|475,00|475,00|475,00|1|6.670|3.168.250,00|
|13/06/2017|R|475,00|540,00|540,00|500,00|4|15.630|8.040.200,00|
|14/06/2017|R|540,00|569,00|569,00|540,00|3|6.370|3.497.800,00|
|15/06/2017|R|569,00|600,00|600,00|599,99|4|4.050|2.429.999,50|
|16/06/2017|R|600,00|640,00|640,00|640,00|2|1.200|768.000,00|
|20/06/2017|R|640,00|605,00|605,00|600,00|2|8.000|4.822.500,00|
|21/06/2017|R|605,00|600,00|605,00|600,00|2|14.500|8.702.500,00|
|22/06/2017|R|600,00|630,00|634,00|630,00|2|617|390.710,00|
|23/06/2017|R|630,00|600,00|600,00|600,00|1|43.267|25.960.200,00|
|26/06/2017|R|600,00|600,00|600,00|600,00|9|25.454|15.272.400,00|
|27/06/2017|R|600,00|600,00|619,99|600,00|2|875|526.499,25|
|28/06/2017|R|600,00|575,00|575,00|570,00|5|43.966|25.265.450,00|
|30/06/2017|R|575,00|580,00|580,00|580,00|1|4.000|2.320.000,00|
|06/07/2017|R|580,00|599,99|599,99|599,99|1|820|491.991,80|
|07/07/2017|R|599,99|580,00|580,00|560,00|4|876|498.080,00|
|11/07/2017|R|580,00|560,00|560,00|560,00|2|15.800|8.848.000,00|
|12/07/2017|R|560,00|520,00|520,00|520,00|1|7.000|3.640.000,00|
|13/07/2017|R|520,00|590,00|599,99|590,00|2|1.335|792.645,00|
|17/07/2017|R|590,00|618,99|619,00|590,00|5|1.200|739.798,00|
|18/07/2017|R|618,99|618,99|618,99|618,99|1|50|30.949,50|
|19/07/2017|R|618,99|598,99|600,00|598,99|2|9.800|5.871.617,00|
|21/07/2017|R|598,99|593,00|593,00|593,00|1|288|170.784,00|
|31/07/2017|R|593,00|593,00|520,00|520,00|2|54.085|33.065.200,00|
|02/08/2017|R|593,00|520,00|520,00|520,00|4|12.415|6.455.800,00|
|03/08/2017|R|520,00|519,83|550,00|519,50|8|18.110|9.416.048,10|
|04/08/2017|R|519,83|550,00|550,00|519,83|13|35.552|19.386.096,16|
|07/08/2017|R|550,00|550,00|550,00|550,00|13|41.000|22.550.000,00|
|08/08/2017|R|550,00|550,00|550,00|550,00|8|49.500|27.225.000,00|
|09/08/2017|R|550,00|550,00|550,00|550,00|4|23.483|12.915.650,00|
|10/08/2017|R|550,00|550,01|550,01|550,00|3|7.963|4.379.691,80|
|17/08/2017|R|550,01|570,00|570,00|570,00|1|140|79.800,00|
|18/08/2017|R|570,00|550,00|565,00|550,00|3|15.000|8.370.000,00|
|21/08/2017|R|550,00|555,00|555,00|550,00|4|9.900|5.470.000,00|
|23/08/2017|R|555,00|550,00|550,00|550,00|1|2.000|1.100.000,00|
|24/08/2017|R|550,00|555,00|555,00|555,00|2|5.000|2.775.000,00|
|25/08/2017|R|555,00|555,00|555,00|555,00|2|6.410|3.557.550,00|
|28/08/2017|R|555,00|570,00|570,00|555,00|2|678|377.460,00|
|30/08/2017|R|570,00|550,00|550,00|550,00|2|4.500|2.475.000,00|
|31/08/2017|R|550,00|550,00|550,00|550,00|2|13.131|7.222.050,00|
|01/09/2017|R|550,00|550,00|550,00|550,00|1|7.700|4.235.000,00|
|04/09/2017|R|550,00|550,00|580,00|550,00|5|4.010|2.205.800,00|
|05/09/2017|R|550,00|550,00|550,00|550,00|6|29.540|16.247.000,00|
|06/09/2017|R|550,00|550,00|550,00|550,00|5|9.227|5.074.850,00|
|07/09/2017|R|550,00|550,00|551,00|549,95|8|14.570|8.013.399,00|
|08/09/2017|R|550,00|550,00|550,00|550,00|3|10.000|5.500.000,00|
|12/09/2017|R|550,00|629,00|629,00|550,00|3|28.000|15.479.000,00|
|13/09/2017|R|629,00|625,00|625,00|625,00|4|12.250|7.655.712,50|
|14/09/2017|R|625,00|599,99|599,99|550,00|7|177.000|97.849.900,00|
|15/09/2017|R|599,99|579,99|579,99|540,00|13|160.200|88.258.190,00|
|18/09/2017|R|579,99|580,00|589,99|580,00|2|1.050|609.499,50|
|19/09/2017|R|580,00|580,00|580,00|550,01|6|10.300|5.674.100,00|
|20/09/2017|R|580,00|550,01|550,01|550,00|8|92.886|51.087.352,00|
|21/09/2017|R|550,01|525,01|551,00|525,01|6|81.150|44.638.751,50|
|25/09/2017|R|525,01|550,00|550,00|550,00|1|5.650|3.107.500,00|
|27/09/2017|R|550,00|569,99|569,99|569,99|3|20.000|11.399.800,00|
|28/09/2017|R|569,99|569,99|569,99|569,99|1|10.000|5.699.900,00|
|29/09/2017|R|569,99|550,00|569,99|550,00|2|53.500|29.494.965,00|
|02/10/2017|R|550,00|599,99|600,00|599,99|7|34.000|20.399.725,00|
|03/10/2017|R|599,99|860,00|860,00|600,00|24|73.600|54.226.405,00|
|04/10/2017|R|860,00|1.000,00|1.030,00|950,00|16|45.580|43.330.400,00|
|05/10/2017|R|1.000,00|900,00|1.100,00|900,00|11|7.030|7.575.900,00|
|06/10/2017|R|900,00|600,00|870,00|576,50|19|38.775|25.231.758,50|
|09/10/2017|R|600,00|700,00|700,00|600,00|22|58.095|36.687.089,62|
|10/10/2017|R|700,00|700,00|700,00|700,00|4|3.840|2.688.000,00|
|11/10/2017|R|700,00|600,01|700,00|600,00|7|8.430|5.061.034,00|
|13/10/2017|R|600,01|600,00|649,99|600,00|7|6.000|3.629.994,00|
|16/10/2017|R|600,00|605,00|605,00|605,00|1|10.000|6.050.000,00|
|18/10/2017|R|605,00|604,99|604,99|604,99|1|10.000|6.049.900,00|
|19/10/2017|R|604,99|605,00|605,00|605,00|3|755|456.775,00|
|20/10/2017|R|605,00|604,00|604,00|604,00|2|650|392.600,00|
|23/10/2017|R|604,00|530,00|570,00|530,00|9|17.423|9.324.900,00|
|24/10/2017|R|530,00|530,00|530,00|530,00|1|2.000|1.060.000,00|
|25/10/2017|R|530,00|531,00|531,00|531,00|2|1.825|969.075,00|
|26/10/2017|R|531,00|530,01|541,00|530,00|6|53.550|28.461.085,50|
|27/10/2017|R|530,01|560,00|600,00|530,00|6|27.500|14.670.014,50|
|30/10/2017|R|560,00|530,01|530,01|530,01|1|5.000|2.650.050,00|
|31/10/2017|R|530,01|590,00|620,00|580,00|6|12.715|7.500.350,00|
|01/11/2017|R|590,00|550,00|550,00|535,00|7|11.354|6.179.455,00|
|02/11/2017|R|550,00|540,00|570,00|540,00|3|5.190|2.928.300,00|
|03/11/2017|R|540,00|550,00|550,00|550,00|2|3.636|1.999.800,00|
|08/11/2017|R|550,00|540,00|550,00|540,00|5|5.741|3.111.740,00|
|09/11/2017|R|540,00|540,00|545,00|530,00|9|125.100|66.439.000,00|
|15/11/2017|R|540,00|500,00|500,00|500,00|1|1.100|550.000,00|
|16/11/2017|R|500,00|480,00|539,99|480,00|2|6.374|3.063.959,26|
|17/11/2017|R|480,00|460,00|460,00|460,00|1|2.200|1.012.000,00|
|20/11/2017|R|460,00|460,00|539,99|539,99|1|100|53.999,00|
|21/11/2017|R|460,00|470,00|470,00|470,00|2|16.357|7.687.790,00|
|22/11/2017|R|470,00|539,99|539,99|539,99|1|200|107.998,00|
|24/11/2017|R|539,99|539,99|535,00|535,00|1|100|53.500,00|
|29/11/2017|R|539,99|500,00|530,00|500,00|5|74.393|37.201.500,00|
|30/11/2017|R|500,00|500,00|535,00|535,00|2|10.100|5.053.500,00|
|05/12/2017|R|500,00|500,00|500,00|480,00|4|30.250|15.123.000,00|
|06/12/2017|R|500,00|550,00|550,00|550,00|2|10.000|5.500.000,00|
|08/12/2017|R|550,00|550,00|550,00|550,00|1|2.540|1.397.000,00|
|12/12/2017|R|550,00|550,00|570,00|550,00|2|3.140|1.777.000,00|
|13/12/2017|R|550,00|570,00|570,00|550,00|4|3.075|1.743.360,00|
|14/12/2017|R|570,00|570,00|570,00|570,00|1|200|114.000,00|
|15/12/2017|R|570,00|570,00|570,00|570,00|2|6.632|3.780.240,00|
|20/12/2017|R|570,00|580,00|580,00|500,00|2|5.164|2.982.000,00|
|08/01/2018|R|580,00|580,00|580,00|580,00|1|1.300|754.000,00|
|11/01/2018|R|580,00|690,00|690,00|690,00|2|1.825|1.259.250,00|
|12/01/2018|R|690,00|827,00|828,00|800,00|5|18.107|14.960.996,00|
|16/01/2018|R|827,00|992,00|992,00|991,00|2|5.350|5.306.850,00|
|17/01/2018|R|992,00|1.190,40|1.190,40|1.188,00|3|11.100|13.197.040,00|
|18/01/2018|R|1.190,40|1.428,48|1.428,48|1.201,00|12|30.000|40.128.360,00|
|19/01/2018|R|1.428,48|1.200,00|1.300,00|1.200,00|4|3.900|4.990.000,00|
|22/01/2018|R|1.200,00|1.200,00|1.250,00|1.200,00|3|2.510|3.012.500,00|
|23/01/2018|R|1.200,00|1.438,00|1.438,00|1.438,00|2|100|143.800,00|
|24/01/2018|R|1.438,00|1.439,00|1.439,00|1.438,00|3|221|317.948,00|
|25/01/2018|R|1.439,00|1.499,99|1.499,99|1.439,00|2|249|369.228,21|
|26/01/2018|R|1.499,99|1.600,00|1.600,00|1.600,00|5|14.000|22.400.000,00|
|29/01/2018|R|1.600,00|1.900,00|1.920,00|1.900,00|6|26.200|49.784.000,00|
|30/01/2018|R|1.900,00|2.248,00|2.249,00|2.248,00|4|224|503.562,00|
|31/01/2018|R|2.248,00|2.248,00|2.248,00|2.248,00|4|15.275|34.338.200,00|
|01/02/2018|R|2.248,00|2.248,00|0,00|0,00|1|14.200|31.935.800,00|
|02/02/2018|R|2.248,00|2.000,00|2.190,00|2.000,00|3|5.000|10.190.000,00|
|05/02/2018|R|2.000,00|1.650,00|2.000,00|1.650,00|2|3.820|6.653.000,00|
|06/02/2018|R|1.650,00|1.978,00|1.978,00|1.970,00|3|650|1.285.300,00|
|07/02/2018|R|1.978,00|2.200,00|2.200,00|2.199,00|2|830|1.825.950,00|
|08/02/2018|R|2.200,00|2.630,00|2.630,00|2.630,00|1|10.000|26.300.000,00|
|16/02/2018|R|2.630,00|2.899,00|2.899,00|2.899,00|1|126|365.274,00|
|19/02/2018|R|2.899,00|2.899,00|0,00|0,00|1|10.000|29.450.000,00|
|21/02/2018|R|2.899,00|2.899,00|2.799,00|2.799,00|2|10.020|28.035.980,00|
|22/02/2018|R|2.899,00|2.900,00|2.900,00|2.799,00|4|871|2.439.646,00|
|23/02/2018|R|2.900,00|3.000,00|3.000,00|2.900,00|6|23.289|69.862.000,00|
|26/02/2018|R|3.000,00|3.599,99|3.599,99|3.000,00|9|42.444|127.341.599,85|
|28/02/2018|R|3.599,99|3.500,00|3.500,00|3.500,00|2|1.990|6.965.000,00|
|01/03/2018|R|3.500,00|3.300,00|3.300,00|3.300,00|1|100.000|330.000.000,00|
|02/03/2018|R|3.300,00|3.500,00|3.500,00|3.500,00|3|410|1.435.000,00|
|06/03/2018|R|3.500,00|3.400,00|3.500,00|3.400,00|5|16.985|57.858.000,00|
|07/03/2018|R|3.400,00|3.400,00|3.400,00|3.400,00|2|2.375|8.075.000,00|
|09/03/2018|R|3.400,00|3.400,00|0,00|0,00|1|10.000|38.000.000,00|
|13/03/2018|R|3.400,00|3.700,00|3.800,00|3.700,00|3|50|186.000,00|
|14/03/2018|R|3.700,00|3.800,00|4.075,00|3.800,00|4|3.794|14.430.950,00|
|15/03/2018|R|3.800,00|4.000,00|4.300,00|4.000,00|5|24.803|97.415.000,00|
|16/03/2018|R|4.000,00|3.999,95|4.000,00|3.999,95|3|503|2.011.991,25|
|21/03/2018|R|3.999,95|3.900,00|3.900,00|3.900,00|2|5.500|24.300.000,00|
|22/03/2018|R|3.900,00|4.000,00|4.000,00|4.000,00|4|351.381|1.405.524.000,00|
|23/03/2018|R|4.000,00|4.000,00|4.465,00|4.000,00|9|63.385|253.554.300,00|
|26/03/2018|R|4.000,00|4.010,00|4.010,00|4.010,00|1|412|1.652.120,00|
|27/03/2018|R|4.010,00|4.010,00|4.800,00|4.800,00|1|5|24.000,00|
|02/04/2018|R|4.010,00|4.100,00|4.400,00|4.100,00|9|42.986|177.722.650,00|
|04/04/2018|R|4.100,00|4.900,00|4.900,00|4.900,00|1|2.000|9.800.000,00|
|05/04/2018|R|4.900,00|5.500,00|5.600,00|5.500,00|4|10.884|59.950.400,00|
|06/04/2018|R|5.500,00|5.500,00|5.500,00|5.500,00|1|3.000|16.500.000,00|
|09/04/2018|R|5.500,00|6.100,00|6.100,00|5.501,00|3|5.576|32.100.776,00|
|10/04/2018|R|6.100,00|7.200,00|7.310,00|6.550,00|11|25.824|177.702.200,00|
|11/04/2018|R|7.200,00|8.640,00|8.640,00|7.200,00|7|23.205|167.102.900,00|
|12/04/2018|R|8.640,00|10.360,00|10.360,00|10.360,00|3|13.850|143.486.000,00|
|13/04/2018|R|10.360,00|11.000,00|11.000,00|11.000,00|1|1.000|11.000.000,00|
|16/04/2018|R|11.000,00|15.000,00|15.000,00|12.000,00|5|102.501|1.319.112.000,00|
|17/04/2018|R|15.000,00|17.000,00|18.000,00|17.000,00|9|7.274|126.000.000,00|
|18/04/2018|R|17.000,00|17.000,00|17.000,00|17.000,00|2|76|1.292.000,00|
|20/04/2018|R|17.000,00|20.000,00|20.000,00|20.000,00|5|234|4.680.000,00|
|24/04/2018|R|20.000,00|20.000,00|20.000,00|20.000,00|3|2.010|40.200.000,00|
|25/04/2018|R|20.000,00|18.750,00|19.000,00|18.750,00|2|155|2.942.500,00|
|26/04/2018|R|18.750,00|17.999,00|18.500,00|17.999,00|3|545|9.942.240,00|
|27/04/2018|R|17.999,00|16.000,00|16.000,00|16.000,00|1|8|128.000,00|
|02/05/2018|R|16.000,00|16.000,00|16.000,00|16.000,00|2|30|480.000,00|
|03/05/2018|R|16.000,00|15.000,00|16.000,00|15.000,00|2|2.025|30.500.000,00|
|04/05/2018|R|15.000,00|12.900,00|12.950,00|12.900,00|5|3.100|40.090.000,00|
|10/05/2018|R|12.900,00|10.500,00|12.000,00|10.350,00|3|826|8.626.050,00|
|16/05/2018|R|10.500,00|11.000,00|11.000,00|11.000,00|2|1.000|11.000.000,00|
|17/05/2018|R|11.000,00|11.000,00|11.000,00|11.000,00|3|2.094|23.034.000,00|
|18/05/2018|R|11.000,00|11.000,00|13.000,00|13.000,00|1|4|52.000,00|
|22/05/2018|R|11.000,00|13.000,00|13.000,00|13.000,00|2|20.000|260.000.000,00|
|23/05/2018|R|13.000,00|13.000,00|14.000,00|14.000,00|1|3|42.000,00|
|24/05/2018|R|13.000,00|14.000,00|14.000,00|14.000,00|4|22.597|316.358.000,00|
|28/05/2018|R|14.000,00|14.000,00|0,00|0,00|1|413|6.814.500,00|
|29/05/2018|R|14.000,00|14.020,00|14.020,00|14.020,00|1|20.000|280.400.000,00|
|31/05/2018|R|14.020,00|16.000,00|16.000,00|16.000,00|3|400|6.400.000,00|
|01/06/2018|R|16.000,00|23.040,00|23.040,00|16.000,00|11|40.910|659.324.700,00|
|05/06/2018|R|23.040,00|33.160,00|33.160,00|22.000,00|14|45.011|1.065.525.800,00|
|06/06/2018|R|33.160,00|69.000,00|69.000,00|39.790,00|22|22.760|1.368.922.200,00|
|07/06/2018|R|69.000,00|55.250,00|80.000,00|55.250,00|22|14.419|888.118.900,00|
|08/06/2018|R|55.250,00|35.500,00|64.990,00|35.500,00|11|14.795|657.974.550,00|
|11/06/2018|R|35.500,00|29.000,00|42.500,00|29.000,00|14|15.426|488.385.000,00|
|13/06/2018|R|29.000,00|36.000,00|41.000,00|30.000,00|7|4.060|144.740.400,00|
|14/06/2018|R|36.000,00|41.500,00|43.200,00|41.500,00|12|7.759|324.677.700,00|
|15/06/2018|R|41.500,00|42.500,00|42.500,00|42.500,00|1|10.000|425.000.000,00|
|18/06/2018|R|42.500,00|50.000,00|50.000,00|45.000,00|4|345|16.750.000,00|
|19/06/2018|R|50.000,00|41.000,00|49.500,00|40.000,00|14|19.355|807.057.500,00|
|20/06/2018|R|41.000,00|49.190,00|50.000,00|47.990,00|13|21.715|1.064.292.400,00|
|21/06/2018|R|49.190,00|48.000,00|50.000,00|48.000,00|5|10.370|497.800.000,00|
|22/06/2018|R|48.000,00|50.000,00|50.000,00|46.000,00|8|5.320|251.700.000,00|
|25/06/2018|R|50.000,00|60.000,00|60.000,00|53.000,00|6|21.364|1.135.895.000,00|
|26/06/2018|R|60.000,00|53.000,00|62.000,00|53.000,00|16|466.990|25.285.947.000,00|
|27/06/2018|R|53.000,00|63.000,00|63.000,00|63.000,00|1|100|6.300.000,00|
|28/06/2018|R|63.000,00|68.000,00|70.000,00|61.000,00|5|289|19.990.000,00|
|29/06/2018|R|68.000,00|70.000,00|70.000,00|63.000,00|9|3.134|209.825.000,00|
|03/07/2018|R|70.000,00|71.000,00|75.000,00|70.000,00|7|5.000|354.762.000,00|
|04/07/2018|R|71.000,00|78.000,00|80.000,00|70.000,00|6|5.049|378.410.000,00|
|06/07/2018|R|78.000,00|78.000,00|80.000,00|78.000,00|3|20.120|1.569.400.000,00|
|09/07/2018|R|78.000,00|70.000,00|78.000,00|70.000,00|7|9.046|633.300.000,00|
|10/07/2018|R|70.000,00|70.000,00|70.000,00|70.000,00|3|610|42.700.000,00|
|11/07/2018|R|70.000,00|72.000,00|72.000,00|72.000,00|1|105|7.560.000,00|
|12/07/2018|R|72.000,00|74.990,00|75.000,00|74.990,00|2|514|38.544.960,00|
|13/07/2018|R|74.990,00|84.500,00|85.000,00|78.000,00|9|10.252|826.720.000,00|
|16/07/2018|R|84.500,00|84.000,00|85.000,00|84.000,00|8|4.091|343.651.000,00|
|17/07/2018|R|84.000,00|75.000,00|80.000,00|75.000,00|4|10.200|774.520.000,00|
|18/07/2018|R|75.000,00|78.990,00|79.000,00|77.000,00|3|402|31.117.980,00|
|19/07/2018|R|78.990,00|80.000,00|80.000,00|80.000,00|2|3|240.000,00|
|20/07/2018|R|80.000,00|64.000,00|94.000,00|64.000,00|3|158|10.511.900,00|
|23/07/2018|R|64.000,00|51.200,00|51.200,00|51.200,00|1|400|20.480.000,00|
|25/07/2018|R|51.200,00|60.000,00|60.000,00|60.000,00|1|500|30.000.000,00|
|26/07/2018|R|60.000,00|70.000,00|70.000,00|70.000,00|2|70|4.900.000,00|
|27/07/2018|R|70.000,00|65.000,00|70.000,00|65.000,00|2|207|13.470.000,00|
|30/07/2018|R|65.000,00|67.000,00|67.000,00|67.000,00|1|5|335.000,00|
|01/08/2018|R|67.000,00|67.000,00|67.000,00|67.000,00|3|1.502|100.634.000,00|
|02/08/2018|R|67.000,00|67.000,00|67.000,00|67.000,00|1|100|6.700.000,00|
|03/08/2018|R|67.000,00|67.000,00|72.000,00|67.000,00|2|148|10.156.000,00|
|06/08/2018|R|67.000,00|75.000,00|75.000,00|75.000,00|1|2|150.000,00|
|07/08/2018|R|75.000,00|80.000,00|80.000,00|75.000,00|7|2.603|207.290.000,00|
|08/08/2018|R|80.000,00|80.000,00|85.000,00|80.000,00|4|3.024|241.990.000,00|
|09/08/2018|R|80.000,00|85.000,00|85.000,00|80.000,00|2|20.152|1.612.920.000,00|
|10/08/2018|R|85.000,00|85.000,00|85.000,00|85.000,00|3|2.000|170.000.000,00|
|13/08/2018|R|85.000,00|85.000,00|101.000,00|85.000,00|3|735|74.075.000,00|
|14/08/2018|R|85.000,00|100.000,00|100.000,00|70.000,00|7|10.672|1.067.073.320,00|
|16/08/2018|R|100.000,00|144.000,00|144.000,00|120.000,00|4|2.058|249.360.000,00|
|21/08/2018|R|1,44|1,72|1,72|1,72|1|50|86,00|
|22/08/2018|R|1,72|1,80|1,80|1,80|2|1.113|2.003,40|
|23/08/2018|R|1,80|1,90|1,90|1,85|2|1.740|3.221,00|
|24/08/2018|R|1,90|2,00|2,20|1,89|12|10.920|21.603,70|
|27/08/2018|R|2,00|2,00|2,40|2,00|3|5.290|10.584,00|
|28/08/2018|R|2,00|2,00|2,00|1,60|6|1.050|2.095,92|
|29/08/2018|R|2,00|2,15|2,15|2,15|1|1|2,15|
|30/08/2018|R|2,15|2,15|2,15|2,15|2|493|1.059,95|
|31/08/2018|R|2,15|2,50|2,50|2,50|6|4.001|10.002,50|
|03/09/2018|R|2,50|2,50|2,50|2,50|3|5.000|12.500,00|
|04/09/2018|R|2,50|2,50|2,95|2,50|5|5.040|12.636,00|
|05/09/2018|R|2,50|2,50|2,50|2,50|1|5.000|12.500,00|
|06/09/2018|R|2,50|2,50|3,00|2,50|6|8.747|21.952,00|
|07/09/2018|R|2,50|2,60|2,60|2,60|1|10|26,00|
|11/09/2018|R|2,60|3,70|3,70|3,12|6|9.050|33.126,00|
|12/09/2018|R|3,70|5,19|5,25|3,70|17|37.735|180.926,45|
|13/09/2018|R|5,19|5,19|6,00|5,19|9|3.043|17.875,90|
|14/09/2018|R|5,19|5,20|5,20|5,20|4|7.325|38.090,00|
|17/09/2018|R|5,20|5,17|5,20|5,17|13|18.754|97.137,52|
|18/09/2018|R|5,17|5,18|5,18|5,18|1|1.350|6.993,00|
|19/09/2018|R|5,18|5,15|5,18|5,14|8|5.739|29.563,36|
|20/09/2018|R|5,15|5,05|5,15|5,05|5|1.448|7.353,14|
|21/09/2018|R|5,05|4,60|4,60|4,04|3|577|2.363,00|
|24/09/2018|R|4,60|4,85|4,90|4,70|3|211|1.021,90|
|25/09/2018|R|4,85|3,88|4,90|3,88|6|1.095|4.735,50|
|26/09/2018|R|3,88|3,60|3,79|3,60|3|1.100|4.074,00|
|27/09/2018|R|3,60|3,11|3,59|3,11|4|247|873,29|
|28/09/2018|R|3,11|3,73|3,73|3,11|8|4.092|14.472,48|
|01/10/2018|R|3,73|4,47|4,47|4,45|8|2.015|9.003,05|
|03/10/2018|R|4,47|4,90|5,00|4,90|4|2.204|8.189,60|
|04/10/2018|R|4,90|4,90|4,90|4,90|1|15|73,50|
|05/10/2018|R|4,90|4,00|4,00|4,00|3|329|1.316,00|
|08/10/2018|R|4,00|3,98|3,99|3,98|3|2.206|8.319,94|
|09/10/2018|R|3,98|3,21|3,75|3,21|8|2.331|7.884,71|
|10/10/2018|R|3,21|3,75|3,75|3,75|2|100|375,00|
|11/10/2018|R|3,75|3,74|3,74|3,60|4|1.173|4.364,62|
|15/10/2018|R|3,74|3,70|3,75|3,70|5|17.026|63.220,25|
|16/10/2018|R|3,70|3,70|3,70|3,70|2|4.041|12.551,70|
|17/10/2018|R|3,70|3,50|3,70|3,50|5|647|2.392,90|
|18/10/2018|R|3,50|3,70|3,70|3,69|7|7.847|26.774,57|
|19/10/2018|R|3,70|3,50|3,70|3,50|3|4.480|16.400,00|
|22/10/2018|R|3,50|3,69|3,69|3,69|3|37|136,53|
|23/10/2018|R|3,69|3,45|3,69|3,45|3|1.144|4.022,40|
|24/10/2018|R|3,45|3,45|3,45|3,45|3|5.210|17.974,50|
|25/10/2018|R|3,45|3,45|3,45|3,45|5|35.787|123.465,15|
|26/10/2018|R|3,45|3,99|3,99|3,10|4|6.200|19.665,00|
|29/10/2018|R|3,99|4,00|4,00|4,00|2|5.200|20.800,00|
|30/10/2018|R|4,00|4,00|4,00|4,00|2|186|744,00|
|31/10/2018|R|4,00|4,20|4,40|4,20|3|1.350|5.930,00|
|01/11/2018|R|4,20|5,04|5,04|4,50|3|1.200|5.558,00|
|02/11/2018|R|5,04|5,40|5,50|5,40|5|444|2.422,00|
|06/11/2018|R|5,40|5,35|5,45|5,35|3|403|2.192,35|
|07/11/2018|R|5,35|5,25|5,25|5,00|8|7.299|38.248,70|
|08/11/2018|R|5,25|5,40|5,40|5,20|4|13.961|72.982,40|
|09/11/2018|R|5,40|5,50|6,00|5,40|10|41.806|227.428,00|
|12/11/2018|R|5,50|5,57|5,57|5,57|1|5.000|27.850,00|
|13/11/2018|R|5,57|5,55|5,65|5,55|3|14.165|78.711,75|
|14/11/2018|R|5,55|6,50|6,50|5,55|6|24.720|148.316,00|
|15/11/2018|R|6,50|6,80|6,90|6,50|11|4.204|27.941,20|
|19/11/2018|R|6,80|7,50|7,50|6,80|6|4.360|30.410,00|
|20/11/2018|R|7,50|9,00|9,00|9,00|1|500|4.500,00|
|22/11/2018|R|9,00|9,00|9,00|9,00|1|100|900,00|
|23/11/2018|R|9,00|8,00|8,00|8,00|1|2.502|20.016,00|
|26/11/2018|R|8,00|8,50|8,50|8,00|5|1.100|8.900,00|
|27/11/2018|R|8,50|9,00|9,00|8,00|10|5.051|42.633,50|
|28/11/2018|R|9,00|9,40|9,40|9,00|11|12.800|115.520,00|
|29/11/2018|R|9,40|10,00|10,00|9,40|6|21.900|206.610,00|
|03/12/2018|R|10,00|10,58|10,58|10,25|2|16.000|164.330,00|
|04/12/2018|R|10,58|10,00|10,05|10,00|7|28.500|285.470,00|
|05/12/2018|R|10,00|10,00|10,00|10,00|5|341.090|3.410.900,00|
|06/12/2018|R|10,00|8,05|9,00|8,01|8|9.595|78.455,15|
|07/12/2018|R|8,05|8,75|8,75|8,75|1|25|218,75|
|10/12/2018|R|8,75|8,40|8,50|8,40|4|15.229|127.946,50|
|11/12/2018|R|8,40|9,55|9,55|8,50|9|39.300|345.265,00|
|12/12/2018|R|9,55|8,50|8,50|8,50|1|986|8.381,00|
|13/12/2018|R|8,50|9,30|9,30|9,00|4|16.000|148.783,50|
|14/12/2018|R|9,30|9,00|9,00|7,51|2|868|6.564,87|
|17/12/2018|R|9,00|8,50|8,50|8,50|1|1.125|9.562,50|
|18/12/2018|R|8,50|9,00|9,00|9,00|1|25|225,00|
|19/12/2018|R|9,00|8,50|8,50|7,90|5|16.121|133.791,00|
|20/12/2018|R|8,50|8,80|8,80|8,80|1|4.300|37.840,00|
|21/12/2018|R|8,80|8,50|8,50|8,50|2|339|2.881,50|
|26/12/2018|R|8,50|9,00|9,00|8,50|20|141.850|1.214.299,00|
|27/12/2018|R|9,00|10,00|10,00|9,00|6|140.070|1.260.680,00|
|28/12/2018|R|10,00|10,50|10,50|10,00|3|17.250|176.560,00|
|02/01/2019|R|10,50|11,00|12,00|10,50|5|37.370|401.660,00|
|03/01/2019|R|11,00|11,00|11,65|10,50|7|16.639|184.899,85|
|04/01/2019|R|11,00|16,00|16,00|12,00|7|26.561|352.865,75|
|07/01/2019|R|16,00|20,00|20,00|16,00|6|52.710|1.025.920,00|
|08/01/2019|R|20,00|23,00|23,50|20,00|7|7.727|176.293,50|
|09/01/2019|R|23,00|24,00|24,00|24,00|1|125|3.000,00|
|10/01/2019|R|24,00|25,00|25,00|23,00|9|48.435|1.177.000,00|
|11/01/2019|R|25,00|26,00|28,00|26,00|4|6.322|176.172,00|
|14/01/2019|R|26,00|31,00|31,00|31,00|4|9.585|297.135,00|
|15/01/2019|R|31,00|43,00|44,63|37,20|10|9.300|366.821,00|
|16/01/2019|R|43,00|54,99|55,00|52,00|13|4.305|227.762,87|
|17/01/2019|R|54,99|52,00|55,00|52,00|3|145|7.675,00|
|18/01/2019|R|52,00|60,00|60,00|50,00|11|23.563|1.361.965,00|
|22/01/2019|R|60,00|60,00|60,00|48,01|7|1.552|93.000,10|
|24/01/2019|R|60,00|60,00|65,00|65,00|2|505|29.825,00|
|25/01/2019|R|60,00|65,00|65,00|64,99|2|14.895|968.075,00|
|28/01/2019|R|65,00|78,00|78,00|65,00|9|21.457|1.438.846,00|
|29/01/2019|R|78,00|90,00|90,00|78,00|6|38.188|3.335.064,00|
|30/01/2019|R|90,00|85,00|90,00|85,00|4|683|58.640,00|
|31/01/2019|R|85,00|85,00|94,99|85,00|5|16.454|1.399.988,60|
|01/02/2019|R|85,00|85,00|85,00|85,00|1|120|10.200,00|
|04/02/2019|R|85,00|90,00|95,00|90,00|4|607|54.665,00|
|05/02/2019|R|90,00|95,00|95,00|95,00|1|50|4.750,00|
|06/02/2019|R|95,00|95,00|95,00|95,00|3|3.162|285.390,00|
|07/02/2019|R|95,00|95,00|95,00|95,00|1|103|9.785,00|
|08/02/2019|R|95,00|94,00|95,00|94,00|2|48|4.517,00|
|11/02/2019|R|94,00|89,00|92,00|88,97|4|170|15.458,86|
|12/02/2019|R|89,00|77,00|88,00|77,00|2|10.072|776.336,00|
|13/02/2019|R|77,00|75,00|75,00|75,00|4|1.553|116.466,94|
|14/02/2019|R|75,00|65,00|85,00|65,00|9|4.009|300.255,00|
|15/02/2019|R|65,00|75,00|78,00|65,00|10|32.422|2.239.470,20|
|18/02/2019|R|75,00|85,00|90,00|80,00|8|14.658|1.176.190,00|
|19/02/2019|R|85,00|94,00|94,00|85,00|10|28.480|2.458.492,00|
|20/02/2019|R|94,00|94,00|94,00|93,00|5|8.370|778.780,00|
|21/02/2019|R|94,00|112,80|112,80|94,50|6|17.270|1.733.176,00|
|22/02/2019|R|112,80|135,36|135,36|130,00|4|2.350|317.560,00|
|25/02/2019|R|135,36|162,00|162,00|135,00|5|6.951|941.895,00|
|26/02/2019|R|162,00|194,40|194,40|175,00|12|3.494|669.348,00|
|27/02/2019|R|194,40|225,00|230,00|225,00|5|1.977|451.505,00|
|06/03/2019|R|225,00|230,00|230,00|230,00|9|2.011|462.530,00|
|07/03/2019|R|230,00|230,00|230,00|220,00|4|1.161|265.280,00|
|14/03/2019|R|230,00|212,00|225,00|210,00|5|1.436|303.666,00|
|15/03/2019|R|212,00|225,00|225,00|225,00|1|24|5.400,00|
|18/03/2019|R|225,00|230,00|230,00|224,00|6|66.945|14.929.810,00|
|20/03/2019|R|230,00|229,00|229,00|227,00|6|3.052|679.062,00|
|21/03/2019|R|229,00|210,00|229,00|201,00|13|14.092|2.908.381,00|
|22/03/2019|R|210,00|210,00|0,00|0,00|3|91.900|20.028.500,00|
|25/03/2019|R|210,00|190,00|190,00|190,00|1|750|142.500,00|
|29/03/2019|R|190,00|190,00|190,00|190,00|1|1.261|239.590,00|
|01/04/2019|R|190,00|190,00|190,00|190,00|2|43.610|9.942.700,00|
|02/04/2019|R|190,00|152,00|190,00|152,00|6|210.365|39.962.956,00|
|03/04/2019|R|152,00|122,00|122,00|122,00|1|170|20.740,00|
|04/04/2019|R|122,00|146,30|146,30|146,00|2|20.010|2.927.460,00|
|05/04/2019|R|146,30|175,50|175,50|175,50|2|2.000|351.000,00|
|08/04/2019|R|175,50|145,00|145,00|145,00|2|100|14.500,00|
|12/04/2019|R|145,00|190,00|190,00|174,00|3|450|79.900,00|
|22/04/2019|R|190,00|180,00|190,00|180,00|6|2.114|399.110,00|
|23/04/2019|R|180,00|151,00|190,00|151,00|5|4.416|800.040,00|
|24/04/2019|R|151,00|161,00|161,00|160,00|7|3.442|554.080,00|
|25/04/2019|R|161,00|161,00|161,00|161,00|2|2.500|402.500,00|
|26/04/2019|R|161,00|193,19|193,19|170,00|2|1.213|229.701,47|
|29/04/2019|R|193,19|190,00|190,00|190,00|3|10.000|1.900.000,00|
|02/05/2019|R|190,00|180,00|190,00|180,00|9|9.363|1.699.540,00|
|03/05/2019|R|180,00|190,00|190,00|190,00|1|1.950|370.500,00|
|08/05/2019|R|129,00|130,00|154,00|130,00|7|22.144|3.406.720,09|
|09/05/2019|R|130,00|123,07|123,07|123,07|3|21.154|3.294.952,78|
|15/05/2019|R|123,07|147,00|147,00|147,00|2|6.000|882.000,00|
|16/05/2019|R|147,00|176,39|176,39|160,00|6|7.058|1.141.097,19|
|17/05/2019|R|176,39|176,39|180,00|176,39|2|1.762|311.745,00|
|27/05/2019|R|170,00|160,00|165,00|160,00|5|5.409|865.909,00|
|28/05/2019|R|160,00|160,05|160,05|160,05|3|8.145|1.303.607,25|
|30/05/2019|R|160,05|152,00|166,00|152,00|11|547.192|83.350.134,00|
|31/05/2019|R|152,00|152,01|155,00|152,00|9|285.165|43.345.398,30|
|04/06/2019|R|152,01|165,00|165,00|150,02|7|6.174|995.115,48|
|05/06/2019|R|165,00|180,00|189,39|180,00|3|1.510|271.893,90|
|06/06/2019|R|180,00|170,00|176,00|170,00|6|4.015|700.422,00|
|07/06/2019|R|170,00|170,00|175,00|170,00|2|589|102.075,00|
|10/06/2019|R|170,00|150,00|170,00|150,00|6|7.291|1.127.650,00|
|11/06/2019|R|150,00|145,00|146,00|145,00|7|527.412|76.476.954,00|
|12/06/2019|R|145,00|165,00|165,00|145,01|13|509.662|73.991.260,60|
|13/06/2019|R|165,00|148,00|148,00|148,00|2|423.000|62.604.000,00|
|14/06/2019|R|148,00|160,00|160,00|160,00|4|20.179|3.228.640,00|
|18/06/2019|R|160,00|180,00|190,00|160,00|4|11.702|2.084.130,00|
|19/06/2019|R|180,00|180,00|185,00|180,00|6|17.663|3.231.155,00|
|20/06/2019|R|180,00|200,00|207,00|200,00|2|1.792|364.644,00|
|21/06/2019|R|200,00|200,00|200,01|200,00|3|1.626|325.204,00|
|25/06/2019|R|200,00|185,00|239,00|180,00|4|11.930|2.202.120,00|
|26/06/2019|R|185,00|221,99|221,99|220,00|2|67|14.839,50|
|27/06/2019|R|221,99|230,00|265,00|230,00|4|1.050|243.250,00|
|28/06/2019|R|230,00|263,00|265,00|263,00|2|65|17.151,00|
|01/07/2019|R|263,00|263,00|263,00|230,00|2|9.100|2.112.800,00|
|02/07/2019|R|263,00|260,00|315,00|259,00|8|8.488|2.210.612,00|
|03/07/2019|R|260,00|311,00|311,00|300,00|2|37|11.441,00|
|04/07/2019|R|311,00|270,00|311,00|270,00|6|27.285|7.435.250,00|
|08/07/2019|R|270,00|290,00|290,00|270,00|5|17.115|4.703.750,00|
|09/07/2019|R|290,00|290,00|290,00|290,00|4|2.569|745.010,00|
|10/07/2019|R|289,77|290,00|290,00|290,00|6|2.394|694.260,00|
|11/07/2019|R|290,00|285,00|290,00|285,00|3|10.059|2.867.110,00|
|15/07/2019|R|285,00|300,00|300,00|300,00|1|38|11.400,00|
|16/07/2019|R|300,00|300,00|305,00|300,00|5|4.657|1.397.850,00|
|17/07/2019|R|300,00|300,00|300,00|300,00|5|8.635|2.590.500,00|
|18/07/2019|R|300,00|360,00|360,00|300,00|7|61.320|22.069.200,00|
|22/07/2019|R|360,00|360,00|400,00|360,00|6|9.358|3.592.280,00|
|25/07/2019|R|360,00|400,00|400,00|360,00|5|14.557|5.254.362,00|
|26/07/2019|R|400,00|395,00|400,00|395,00|5|56.020|22.128.000,00|
|29/07/2019|R|395,00|395,00|350,00|350,00|3|46.128|17.758.300,00|
|30/07/2019|R|395,00|400,00|400,00|385,00|6|5.452|2.142.270,00|
|31/07/2019|R|400,00|410,00|410,00|400,00|6|15.600|6.304.500,00|
|01/08/2019|R|410,00|410,00|415,00|400,00|7|4.637|1.904.570,00|
|02/08/2019|R|410,00|420,00|425,00|420,00|15|23.888|9.839.110,00|
|05/08/2019|R|420,00|420,00|500,00|420,00|3|4.280|1.798.960,00|
|07/08/2019|R|420,00|420,00|462,00|420,00|6|7.311|3.360.346,00|
|08/08/2019|R|420,00|400,00|420,00|400,00|3|1.950|810.000,00|
|09/08/2019|R|400,00|390,00|400,00|390,00|9|12.181|4.815.010,00|
|12/08/2019|R|390,00|400,00|429,00|400,00|5|180.787|77.489.023,00|
|13/08/2019|R|400,00|400,00|410,00|400,00|15|55.015|22.035.012,00|
|14/08/2019|R|400,00|400,00|400,00|400,00|4|4.300|1.720.000,00|
|15/08/2019|R|400,00|400,00|400,00|400,00|1|700|280.000,00|
|16/08/2019|R|400,00|405,00|405,00|405,00|3|3.572|1.437.660,00|
|20/08/2019|R|405,00|430,00|430,00|415,00|6|50.101|20.793.415,10|
|21/08/2019|R|430,00|431,00|445,00|431,00|2|178.000|76.719.960,00|
|22/08/2019|R|431,00|430,00|430,00|430,00|6|7.296|3.137.280,00|
|23/08/2019|R|430,00|473,00|473,00|460,00|5|6.940|3.278.720,00|
|26/08/2019|R|473,00|520,30|520,30|520,30|3|71|36.941,30|
|27/08/2019|R|520,30|540,00|540,00|540,00|8|20.115|9.495.560,00|
|28/08/2019|R|540,00|570,00|594,00|570,00|5|100.733|57.434.671,00|
|29/08/2019|R|570,00|627,00|627,00|627,00|2|210|131.670,00|
|30/08/2019|R|627,00|620,00|627,00|620,00|6|4.359|2.710.693,00|
|02/09/2019|R|620,00|743,00|743,00|743,00|3|157|116.651,00|
|03/09/2019|R|743,00|800,00|885,00|760,00|5|409|315.750,00|
|04/09/2019|R|800,00|850,00|850,00|850,00|1|1.000|850.000,00|
|05/09/2019|R|850,00|850,00|850,00|800,00|3|510|433.245,00|
|06/09/2019|R|850,00|850,00|850,00|850,00|2|96|81.600,00|
|10/09/2019|R|850,00|860,00|1.019,00|860,00|2|1.280|1.145.320,00|
|11/09/2019|R|860,00|949,90|949,90|949,90|3|950|902.405,00|
|12/09/2019|R|949,90|950,00|950,00|950,00|5|1.407|1.336.650,00|
|17/09/2019|R|950,00|850,00|850,00|850,00|3|1.650|1.402.500,00|
|18/09/2019|R|850,00|850,00|850,00|850,00|1|105|89.250,00|
|19/09/2019|R|850,00|850,00|850,00|850,00|7|3.587|3.048.950,00|
|20/09/2019|R|850,00|850,00|850,00|845,00|2|514|436.890,00|
|23/09/2019|R|850,00|850,00|850,00|850,00|3|1.800|1.530.000,00|
|24/09/2019|R|850,00|845,00|847,00|845,00|3|337|284.831,00|
|25/09/2019|R|845,00|845,00|845,00|845,00|2|1.200|1.014.000,00|
|27/09/2019|R|845,00|820,00|820,00|819,00|5|2.416|1.981.073,00|
|30/09/2019|R|820,00|820,00|820,00|820,00|1|1.900|1.558.000,00|
|02/10/2019|R|820,00|820,00|789,00|789,00|1|20|15.780,00|
|03/10/2019|R|820,00|760,00|760,00|760,00|3|84|63.840,00|
|04/10/2019|R|760,00|755,00|755,00|755,00|2|1.550|1.170.250,00|
|07/10/2019|R|755,00|754,00|755,00|754,00|4|1.304|984.486,00|
|08/10/2019|R|754,00|754,00|750,00|750,00|1|29|21.750,00|
|09/10/2019|R|754,00|750,00|750,00|745,00|6|3.778|2.831.875,00|
|10/10/2019|R|750,00|701,00|701,00|657,00|3|173|121.185,00|
|11/10/2019|R|701,00|748,97|748,97|748,97|1|50|37.448,50|
|14/10/2019|R|748,97|730,00|730,00|730,00|1|100|73.000,00|
|15/10/2019|R|730,00|730,00|730,00|730,00|1|49|35.770,00|
|16/10/2019|R|730,00|705,00|705,00|601,00|3|65|44.993,00|
|18/10/2019|R|705,00|705,00|705,00|705,00|1|13|9.165,00|
|21/10/2019|R|705,00|695,00|705,00|695,00|3|4.217|2.972.495,00|
|22/10/2019|R|695,00|650,00|665,00|650,00|2|1.561|1.015.565,00|
|24/10/2019|R|650,00|650,00|660,00|650,00|7|8.307|5.307.050,00|
|25/10/2019|R|650,00|660,00|660,00|650,00|9|7.619|4.975.921,00|
|28/10/2019|R|660,00|650,00|660,00|650,00|9|4.900|3.216.424,00|
|29/10/2019|R|650,00|659,00|660,00|650,00|8|7.768|5.066.394,00|
|30/10/2019|R|659,00|659,00|660,00|655,00|9|402.278|263.503.202,00|
|31/10/2019|R|659,00|651,00|659,00|651,00|3|2.217|1.444.203,00|
|01/11/2019|R|651,00|651,00|660,00|660,00|1|35|23.100,00|
|05/11/2019|R|651,00|660,00|660,00|660,00|3|268|176.880,00|
|06/11/2019|R|660,00|650,00|650,00|650,00|3|450|292.500,00|
|07/11/2019|R|650,00|650,01|650,01|650,00|3|90.100|58.565.400,00|
|11/11/2019|R|650,01|667,00|700,00|667,00|6|972|660.640,00|
|12/11/2019|R|667,00|700,00|700,00|700,00|5|52.466|36.726.200,00|
|13/11/2019|R|700,00|749,00|749,00|700,00|4|3.715|2.607.850,00|
|14/11/2019|R|749,00|750,00|750,00|749,00|8|10.050|7.535.896,00|
|18/11/2019|R|750,00|770,00|770,00|750,00|3|1.430|1.080.846,50|
|19/11/2019|R|770,00|770,00|770,00|769,00|5|1.903|1.464.310,00|
|20/11/2019|R|770,00|790,00|810,00|790,00|6|72.118|56.973.500,00|
|21/11/2019|R|790,00|810,00|810,00|800,00|6|1.660|1.337.945,85|
|22/11/2019|R|810,00|800,00|800,00|800,00|3|92|73.600,00|
|25/11/2019|R|800,00|800,00|800,00|800,00|1|40|32.000,00|
|26/11/2019|R|800,00|810,00|810,00|810,00|2|2.045|1.338.450,00|
|27/11/2019|R|810,00|820,00|820,00|810,00|3|1.066|863.920,00|
|28/11/2019|R|820,00|820,00|820,00|820,00|2|8.301|6.806.820,00|
|29/11/2019|R|820,00|820,00|820,00|800,00|3|50.105|40.086.100,00|
|02/12/2019|R|820,00|820,00|820,00|815,00|5|2.653|1.847.820,00|
|03/12/2019|R|820,00|800,00|800,00|700,00|5|1.271|916.800,00|
|04/12/2019|R|800,00|805,00|805,00|805,00|2|3.750|3.018.750,00|
|05/12/2019|R|805,00|701,00|701,00|701,00|1|488|342.088,00|
|06/12/2019|R|701,00|819,00|819,99|810,00|6|2.795|2.285.948,34|
|09/12/2019|R|819,00|819,00|820,00|820,00|1|5|4.100,00|
|10/12/2019|R|819,00|819,00|819,00|819,00|3|997|816.543,00|
|11/12/2019|R|819,00|800,00|800,00|800,00|2|1.434|1.147.200,00|
|16/12/2019|R|800,00|780,00|783,00|780,00|2|2.853|2.225.385,00|
|17/12/2019|R|780,00|799,99|800,00|799,99|2|488|390.396,20|
|18/12/2019|R|799,99|780,00|780,00|770,00|6|6.356|4.951.010,00|
|19/12/2019|R|780,00|800,00|800,00|800,00|2|545|436.000,00|
|20/12/2019|R|800,00|850,00|850,00|819,97|3|5.842|4.943.417,74|
|23/12/2019|R|850,00|850,00|850,00|850,00|1|4|3.400,00|
|26/12/2019|R|850,00|850,00|850,00|850,00|4|7.490|6.366.500,00|
|27/12/2019|R|850,00|850,00|850,00|850,00|1|3.000|2.550.000,00|
|30/12/2019|R|850,00|850,00|850,00|850,00|2|18.129|15.409.650,00|
|03/01/2020|R|850,00|1.000,00|1.000,00|850,00|7|22.609|22.541.496,11|
|07/01/2020|R|1.000,00|1.200,00|1.200,00|1.200,00|2|1.000|1.200.000,00|
|08/01/2020|R|1.200,00|1.439,97|1.439,97|1.400,00|3|2.150|3.089.940,00|
|09/01/2020|R|1.439,97|1.400,00|1.400,00|1.390,00|3|5.580|7.807.200,00|
|10/01/2020|R|1.400,00|1.200,00|1.200,00|1.200,00|2|1.029|1.234.800,00|
|13/01/2020|R|1.200,00|1.200,00|1.200,00|1.199,00|5|20.300|24.359.700,00|
|14/01/2020|R|1.200,00|1.200,00|1.200,00|1.200,00|1|7|8.400,00|
|15/01/2020|R|1.200,00|1.100,00|1.300,00|1.100,00|5|1.000.402|1.100.522.600,00|
|16/01/2020|R|1.100,00|1.300,00|1.300,00|1.100,00|6|1.729|2.126.900,00|
|17/01/2020|R|1.300,00|1.250,00|1.250,00|1.250,00|7|8.663|10.828.750,00|
|21/01/2020|R|1.250,00|1.250,00|1.480,00|1.480,00|1|5|7.400,00|
|22/01/2020|R|1.250,00|1.150,00|1.250,00|1.150,00|3|3.657|4.371.250,00|
|24/01/2020|R|1.150,00|1.200,00|1.200,00|1.160,00|3|3.774|4.378.480,00|
|27/01/2020|R|1.200,00|961,00|1.199,00|961,00|3|2.936|3.507.887,00|
|29/01/2020|R|961,00|1.000,00|1.030,00|1.000,00|3|120.300|120.839.000,00|
|30/01/2020|R|1.000,00|1.000,00|1.200,00|1.200,00|1|2|2.400,00|
|31/01/2020|R|1.000,00|1.350,00|1.350,00|1.200,00|2|1.100|1.335.000,00|
|05/02/2020|R|1.350,00|1.350,00|1.399,00|1.399,00|1|2|2.798,00|
|06/02/2020|R|1.350,00|1.350,00|1.350,00|1.350,00|2|2.803|3.784.050,00|
|07/02/2020|R|1.350,00|1.350,00|1.350,00|1.350,00|2|3.008|3.842.648,08|
|11/02/2020|R|1.350,00|1.350,00|1.350,00|1.350,00|4|3.757|5.071.950,00|
|12/02/2020|R|1.350,00|1.100,01|1.330,00|1.100,01|6|58.213|65.496.149,33|
|17/02/2020|R|1.100,01|1.350,00|1.350,00|1.301,00|4|237|313.580,00|
|18/02/2020|R|1.350,00|1.360,00|1.360,00|1.360,00|5|6.425|8.738.000,00|
|19/02/2020|R|1.360,00|1.400,00|1.400,00|1.400,00|1|100|140.000,00|
|27/02/2020|R|1.448,00|1.447,00|1.447,00|1.447,00|2|99|143.253,00|
|28/02/2020|R|1.447,00|1.479,00|1.479,00|1.478,00|2|310|458.289,00|
|02/03/2020|R|1.479,00|1.450,00|1.450,00|1.450,00|2|65|94.250,00|
|03/03/2020|R|1.450,00|1.449,00|1.449,00|1.449,00|1|100|144.900,00|
|04/03/2020|R|1.449,00|1.450,00|1.450,00|1.450,00|1|2.750|3.987.500,00|
|05/03/2020|R|1.450,00|1.170,00|1.191,00|1.170,00|4|18.200|21.362.660,00|
|06/03/2020|R|1.170,00|1.215,00|1.215,00|1.183,00|5|957|1.138.755,00|
|09/03/2020|R|1.215,00|1.215,00|1.215,00|1.215,00|4|3.312|4.024.080,00|
|10/03/2020|R|1.215,00|1.230,00|1.230,00|1.230,00|1|31|38.130,00|
|11/03/2020|R|1.230,00|1.450,00|1.450,00|1.230,00|2|128|168.440,00|
|12/03/2020|R|1.450,00|1.450,00|1.450,00|1.450,00|1|533|772.850,00|
|13/03/2020|R|1.450,00|1.450,00|1.457,98|1.450,00|2|3.200|4.661.546,00|
|27/03/2020|R|1.450,00|1.440,00|1.440,00|1.440,00|1|266|383.040,00|
|30/03/2020|R|1.440,00|1.449,00|1.449,00|1.449,00|1|25|36.225,00|
|31/03/2020|R|1.449,00|1.449,00|1.450,00|1.449,00|2|251.299|364.133.550,00|
|01/04/2020|R|1.449,00|1.449,00|1.449,00|1.449,00|1|275|398.475,00|
|02/04/2020|R|1.449,00|1.475,00|1.479,00|1.449,00|12|136.862|198.371.539,00|
|03/04/2020|R|1.475,00|1.475,00|1.479,99|1.460,00|7|41.588|61.333.796,50|
|06/04/2020|R|1.475,00|1.500,00|1.500,00|1.480,00|5|27.034|40.011.000,00|
|07/04/2020|R|1.500,00|1.500,00|1.500,00|1.500,00|9|22.430|33.645.000,00|
|08/04/2020|R|1.500,00|1.550,00|1.550,00|1.500,00|8|60.536|92.868.000,00|
|13/04/2020|R|1.550,00|1.550,00|1.550,00|1.550,00|2|13.000|21.389.960,00|
|14/04/2020|R|1.550,00|2.500,00|2.500,00|1.605,00|14|10.199|22.497.774,76|
|15/04/2020|R|2.500,00|2.500,00|2.750,00|2.232,00|5|1.985|4.794.249,00|
|16/04/2020|R|2.500,00|2.399,00|2.500,00|2.399,00|4|112.479|281.091.652,00|
|17/04/2020|R|2.399,00|2.000,00|2.398,00|1.955,00|5|15.525|32.607.445,00|
|20/04/2020|R|2.000,00|2.000,00|2.000,00|2.000,00|17|49.011|98.022.000,00|
|21/04/2020|R|2.000,00|2.300,00|2.300,00|2.300,00|2|2.000|4.600.000,00|
|22/04/2020|R|2.300,00|2.100,00|2.401,00|2.100,00|10|12.389|28.040.845,00|
|23/04/2020|R|2.100,00|2.600,00|2.600,00|2.300,00|10|13.387|31.935.920,00|
|24/04/2020|R|2.600,00|2.080,05|2.600,00|2.080,05|9|24.190|52.599.717,60|
|27/04/2020|R|2.080,05|2.000,00|2.472,00|2.000,00|2|50.140|100.346.080,00|
|28/04/2020|R|2.000,00|2.000,00|2.394,00|2.000,00|4|20.706|41.513.456,00|
|29/04/2020|R|2.000,00|2.000,00|2.298,99|2.000,00|5|69.200|139.087.677,00|
|30/04/2020|R|2.000,00|2.230,00|2.230,00|2.000,00|3|15.029|30.064.669,97|
|04/05/2020|R|2.230,00|2.294,00|2.294,00|2.294,00|2|22|50.468,00|
|05/05/2020|R|2.294,00|2.364,00|2.365,00|2.300,00|3|310|729.800,00|
|06/05/2020|R|2.364,00|2.288,00|2.289,00|2.200,00|13|9.685|21.989.472,00|
|07/05/2020|R|2.288,00|2.235,00|2.288,00|2.200,00|6|10.817|23.520.176,00|
|08/05/2020|R|2.235,00|2.230,00|2.279,99|2.200,00|11|91.819|202.470.179,45|
|11/05/2020|R|2.230,00|2.200,00|2.200,00|2.200,00|3|22.820|50.204.000,00|
|12/05/2020|R|2.200,00|2.000,00|2.200,00|2.000,00|11|127.403|257.486.600,00|
|13/05/2020|R|2.000,00|2.000,00|2.000,01|2.000,00|5|115.667|231.334.000,10|
|14/05/2020|R|2.000,00|2.000,00|0,00|0,00|1|3.343|7.133.962,00|
|15/05/2020|R|2.000,00|2.100,00|2.164,99|2.100,00|7|4.955|10.621.046,45|
|18/05/2020|R|2.100,00|2.100,00|2.190,00|2.100,00|8|3.113|6.541.244,00|
|19/05/2020|R|2.100,00|2.195,00|2.199,99|2.000,00|9|487.750|975.549.748,00|
|20/05/2020|R|2.195,00|2.199,99|2.199,99|2.000,00|4|138.410|276.821.999,90|
|21/05/2020|R|2.199,99|2.000,00|2.000,00|2.000,00|2|159.081|318.162.000,00|
|22/05/2020|R|2.000,00|2.399,00|2.399,00|2.000,00|12|718.466|1.437.217.371,00|
|26/05/2020|R|2.399,00|2.000,00|2.000,05|2.000,00|6|506.600|1.013.200.305,00|
|27/05/2020|R|2.000,00|2.399,00|2.399,00|2.000,00|5|102.057|204.789.522,00|
|28/05/2020|R|2.399,00|2.399,00|2.399,00|2.399,00|1|260|623.740,00|
|29/05/2020|R|2.399,00|2.878,00|2.878,00|2.878,00|2|1.142|3.286.676,00|
|02/06/2020|R|2.878,00|2.950,00|2.950,00|2.900,00|9|4.660|13.594.000,00|
|03/06/2020|R|2.950,00|3.100,00|3.100,00|3.100,00|1|800|2.480.000,00|
|04/06/2020|R|3.100,00|3.109,00|3.109,00|3.109,00|5|8.151|25.341.459,00|
|05/06/2020|R|3.109,00|3.109,00|3.109,00|3.109,00|1|20|62.180,00|
|08/06/2020|R|3.109,00|2.500,00|3.097,00|2.500,00|7|7.127|20.502.710,00|
|09/06/2020|R|2.500,00|2.999,99|2.999,99|2.999,99|2|35|104.999,65|
|10/06/2020|R|2.999,99|3.000,00|3.000,00|3.000,00|7|13.317|38.087.600,00|
|11/06/2020|R|3.000,00|2.850,00|2.850,00|2.850,00|2|27.943|83.079.000,00|
|12/06/2020|R|2.850,00|2.900,00|2.900,00|2.800,00|3|6.913|19.462.700,00|
|16/06/2020|R|2.900,00|2.506,00|3.000,00|2.506,00|4|2.250|6.525.420,00|
|17/06/2020|R|2.506,00|2.506,00|2.506,00|2.475,00|5|705|1.763.785,00|
|18/06/2020|R|2.506,00|2.700,00|2.900,00|2.600,00|7|10.372|26.980.515,95|
|19/06/2020|R|2.700,00|2.700,00|2.750,00|2.700,00|3|498|1.351.350,00|
|22/06/2020|R|2.700,00|2.849,00|2.849,00|2.200,00|3|106.417|236.085.461,00|
|23/06/2020|R|2.849,00|2.500,00|2.500,00|2.280,00|3|5.013|12.529.640,00|
|25/06/2020|R|2.500,00|2.309,00|2.849,00|2.309,00|6|4.875|11.902.745,00|
|30/06/2020|R|2.309,00|2.697,00|2.697,00|2.350,00|6|7.486|17.845.190,00|
|01/07/2020|R|2.697,00|2.600,00|2.600,00|2.600,00|3|884|2.298.400,00|
|03/07/2020|R|2.600,00|2.000,00|2.600,00|2.000,00|10|1.501.638|3.003.427.300,00|
|06/07/2020|R|2.000,00|2.350,00|2.350,00|2.000,00|7|95.202|190.553.680,00|
|07/07/2020|R|2.350,00|2.350,00|2.400,00|2.000,05|2|45|98.001,25|
|08/07/2020|R|2.350,00|2.400,00|2.400,00|2.400,00|9|100.107|240.256.800,00|
|09/07/2020|R|2.400,00|2.400,00|2.405,00|2.400,00|7|28.027|67.277.810,00|
|10/07/2020|R|2.400,00|2.400,00|2.400,00|2.400,00|7|94.280|226.272.000,00|
|13/07/2020|R|2.400,00|2.300,00|2.400,00|2.300,00|4|15.754|36.807.200,00|
|15/07/2020|R|2.300,00|2.300,00|2.350,00|2.300,00|4|20.100|46.235.000,00|
|16/07/2020|R|2.300,00|2.000,00|2.300,00|2.000,00|10|351.538|703.851.435,70|
|17/07/2020|R|2.000,00|2.300,00|2.399,00|2.000,00|15|1.310.916|2.642.863.302,30|
|20/07/2020|R|2.300,00|2.000,00|2.050,00|2.000,00|5|296.940|594.615.050,00|
|21/07/2020|R|2.000,00|2.399,99|2.400,00|2.399,99|6|22.131|53.114.308,82|
|22/07/2020|R|2.399,99|2.400,00|2.400,00|2.399,99|4|40.000|95.999.930,00|
|23/07/2020|R|2.400,00|2.400,00|2.490,00|2.400,00|5|632|1.519.680,00|
|27/07/2020|R|2.400,00|2.399,99|2.399,99|2.399,99|2|5.000|11.999.950,00|
|28/07/2020|R|2.399,99|2.397,00|2.399,99|2.397,00|5|43.000|103.148.740,00|
|29/07/2020|R|2.397,00|2.397,00|2.499,99|2.499,99|2|7|17.499,93|
|30/07/2020|R|2.397,00|2.450,00|2.450,00|2.450,00|2|3.233|7.920.850,00|
|31/07/2020|R|2.450,00|2.450,00|2.450,00|2.449,99|3|2.499|6.122.535,00|
|03/08/2020|R|2.450,00|2.599,99|2.599,99|2.599,99|3|2.626|6.827.573,74|
|04/08/2020|R|2.599,99|2.599,99|2.599,99|2.599,99|3|2.345|6.096.976,55|
|05/08/2020|R|2.599,99|2.600,00|2.600,00|2.598,00|9|12.540|32.602.939,90|
|06/08/2020|R|2.600,00|2.950,00|2.950,00|2.950,00|3|5.610|16.549.500,00|
|07/08/2020|R|2.950,00|3.050,00|3.060,00|3.045,00|10|41.664|127.090.875,00|
|10/08/2020|R|3.050,00|3.050,00|3.100,00|3.050,00|11|36.053|110.128.400,00|
|11/08/2020|R|3.050,00|2.800,00|3.000,00|2.800,00|6|8.545|23.952.600,00|
|12/08/2020|R|2.800,00|3.360,00|3.360,00|2.700,00|11|8.336|24.745.980,00|
|13/08/2020|R|3.360,00|3.550,00|3.550,00|3.550,00|3|677|2.350.150,00|
|14/08/2020|R|3.550,00|4.260,00|4.260,00|3.550,00|6|3.765|13.890.970,00|
|17/08/2020|R|4.260,00|4.410,00|4.500,00|4.410,00|13|25.547|113.269.620,00|
|18/08/2020|R|4.410,00|3.528,01|4.400,00|3.528,01|6|6.139|23.959.635,00|
|19/08/2020|R|3.528,01|4.640,00|4.640,00|4.233,61|9|33.750|154.201.680,50|
|20/08/2020|R|4.640,00|4.700,00|4.710,00|4.700,00|8|21.160|99.452.490,00|
|21/08/2020|R|4.700,00|4.500,00|4.500,00|4.480,00|11|30.500|136.953.800,00|
|24/08/2020|R|4.500,00|4.600,00|4.600,00|4.500,00|11|34.570|155.665.050,00|
|25/08/2020|R|4.600,00|4.710,00|4.720,00|4.710,00|8|113.396|534.096.610,00|
|26/08/2020|R|4.710,00|4.490,00|4.730,00|4.490,00|4|834|3.860.860,00|
|27/08/2020|R|4.490,00|4.490,00|4.490,00|4.490,00|5|6.984|31.424.160,00|
|28/08/2020|R|4.490,00|4.400,00|4.500,00|4.400,00|3|332|1.489.800,00|
|31/08/2020|R|4.400,00|4.870,00|4.870,00|4.870,00|1|80|389.600,00|
|01/09/2020|R|4.870,00|4.400,00|4.400,00|4.400,00|2|15.000|66.000.000,00|
|03/09/2020|R|4.400,00|4.400,00|4.400,00|4.400,00|3|2.038|8.967.200,00|
|04/09/2020|R|4.400,00|4.499,00|4.499,00|4.499,00|2|109|493.424,00|
|07/09/2020|R|4.499,00|4.400,00|4.499,00|4.400,00|5|2.157|9.696.837,00|
|08/09/2020|R|4.400,00|4.500,00|4.550,00|4.499,99|8|14.599|65.966.780,57|
|09/09/2020|R|4.500,00|4.500,00|4.599,99|4.480,00|6|17.600|79.207.459,00|
|10/09/2020|R|4.500,00|4.480,00|4.500,00|4.480,00|8|32.131|144.546.280,00|
|11/09/2020|R|4.480,00|4.480,00|4.500,00|4.500,00|1|25|112.500,00|
|16/09/2020|R|4.480,00|4.599,99|4.599,99|4.490,00|7|4.771|21.588.107,82|
|17/09/2020|R|4.599,99|4.650,00|4.650,00|4.599,00|7|3.443|15.847.240,00|
|18/09/2020|R|4.650,00|4.650,00|4.650,00|4.650,00|6|5.617|26.119.050,00|
|21/09/2020|R|4.650,00|4.680,00|4.680,00|4.650,00|7|17.005|79.208.250,00|
|22/09/2020|R|4.680,00|4.680,00|4.680,00|4.680,00|2|525|2.457.000,00|
|23/09/2020|R|4.680,00|4.680,00|4.680,00|4.680,00|1|200|936.000,00|
|24/09/2020|R|4.680,00|4.700,00|4.700,00|4.680,00|6|19.633|92.272.200,00|
|25/09/2020|R|4.700,00|4.730,00|4.730,00|4.725,00|5|22.140|104.720.900,00|
|28/09/2020|R|4.730,00|4.750,00|4.750,00|4.750,00|3|55|261.250,00|
|29/09/2020|R|4.750,00|4.750,00|4.750,00|4.500,00|8|406.475|1.930.755.500,00|
|30/09/2020|R|4.750,00|4.830,00|4.830,00|4.770,00|8|29.360|140.895.100,00|
|01/10/2020|R|4.830,00|4.970,00|4.970,00|4.850,00|8|39.800|195.025.000,00|
|02/10/2020|R|4.970,00|5.000,00|5.100,00|4.970,00|11|47.974|240.945.800,00|
|05/10/2020|R|5.000,00|5.000,00|5.000,00|5.000,00|4|26.358|131.790.000,00|
|06/10/2020|R|5.000,00|5.000,00|5.000,00|5.000,00|4|1.100|5.500.000,00|
|07/10/2020|R|5.000,00|5.000,00|5.000,00|5.000,00|4|445|2.225.000,00|
|08/10/2020|R|5.000,00|5.000,00|5.000,00|5.000,00|1|175|875.000,00|
|09/10/2020|R|5.000,00|5.200,00|5.200,00|5.000,00|2|4.550|22.770.000,00|
|13/10/2020|R|5.200,00|5.350,00|5.350,00|5.200,00|7|44.830|235.842.400,00|
|14/10/2020|R|5.350,00|5.350,00|5.350,00|5.299,00|13|724.726|3.874.825.300,00|
|15/10/2020|R|5.350,00|5.350,00|5.350,00|5.350,00|7|5.371|28.734.850,00|
|16/10/2020|R|5.350,00|5.400,00|5.400,00|5.390,00|8|1.465|7.908.500,00|
|19/10/2020|R|5.400,00|5.400,00|5.400,00|5.400,00|4|19.484|105.213.600,00|
|21/10/2020|R|5.400,00|5.400,00|5.400,00|5.400,00|4|149|804.600,00|
|22/10/2020|R|5.400,00|5.450,00|5.450,00|5.400,00|5|6.706|36.239.900,00|
|23/10/2020|R|5.450,00|5.450,00|5.450,00|5.450,00|10|22.696|123.693.200,00|
|26/10/2020|R|5.450,00|5.500,00|5.500,00|5.450,00|5|949|5.219.250,00|
|27/10/2020|R|5.500,00|5.450,00|5.500,00|5.450,00|2|134|735.300,00|
|28/10/2020|R|5.450,00|5.495,00|5.500,00|5.450,00|3|3.004|16.473.510,00|
|29/10/2020|R|5.495,00|5.500,00|5.500,00|5.450,00|9|7.932|43.522.150,00|
|30/10/2020|R|5.500,00|5.500,00|5.550,00|5.500,00|9|6.888|37.898.000,00|
|03/11/2020|R|5.500,00|5.500,00|5.500,00|5.500,00|4|171|940.500,00|
|04/11/2020|R|5.500,00|5.550,00|5.550,00|5.540,00|6|3.071|17.027.580,00|
|05/11/2020|R|5.550,00|5.549,95|5.549,95|5.549,95|1|980|5.438.951,00|
|06/11/2020|R|5.549,95|5.549,95|0,00|0,00|1|9|49.932,00|
|09/11/2020|R|5.549,95|5.550,00|5.550,00|5.550,00|3|5.020|27.861.000,00|
|10/11/2020|R|5.550,00|5.550,00|5.550,00|5.550,00|4|1.364|7.570.200,00|
|11/11/2020|R|5.550,00|5.550,00|5.550,00|5.550,00|7|3.618|20.079.900,00|
|12/11/2020|R|5.550,00|5.550,00|5.550,00|5.550,00|1|1.768|9.812.400,00|
|16/11/2020|R|5.550,00|5.550,00|5.600,00|5.600,00|1|21|117.600,00|
|17/11/2020|R|5.550,00|5.600,00|5.600,00|5.600,00|3|1.943|10.880.800,00|
|18/11/2020|R|5.600,00|5.600,00|5.600,00|5.600,00|3|806|4.513.600,00|
|19/11/2020|R|5.600,00|5.600,00|5.600,00|5.600,00|5|7.934|44.430.400,00|
|20/11/2020|R|5.600,00|5.600,00|5.700,00|5.600,00|11|24.554|139.212.400,00|
|24/11/2020|R|5.600,00|5.650,00|5.850,00|5.600,00|19|184.816|1.037.213.100,00|
|25/11/2020|R|5.650,00|5.800,00|6.100,00|5.800,00|5|2.508|14.548.800,00|
|26/11/2020|R|5.800,00|6.400,00|6.400,00|6.100,00|11|26.451|164.398.800,00|
|27/11/2020|R|6.400,00|6.400,00|7.680,00|7.680,00|1|5|38.400,00|
|01/12/2020|R|6.400,00|6.400,00|0,00|0,00|1|1.124.709|7.423.079.400,00|
|02/12/2020|R|6.400,00|6.400,00|7.600,00|6.400,00|5|4.338|27.975.600,00|
|03/12/2020|R|6.400,00|7.680,00|7.680,00|7.680,00|7|13.323|102.320.640,00|
|07/12/2020|R|7.680,00|9.210,00|9.210,00|9.210,00|1|100|921.000,00|
|08/12/2020|R|9.210,00|9.220,00|10.000,00|9.210,00|7|8.612|79.611.400,00|
|09/12/2020|R|9.220,00|9.220,00|9.220,00|9.220,00|1|220|2.028.400,00|
|10/12/2020|R|9.220,00|11.050,00|11.050,00|11.000,00|3|885|9.742.850,00|
|11/12/2020|R|11.050,00|12.200,00|12.200,00|11.100,00|3|5.810|68.387.000,00|
|15/12/2020|R|12.200,00|12.600,00|12.600,00|12.200,00|10|143.609|1.770.069.800,00|
|16/12/2020|R|12.600,00|13.200,00|13.400,00|12.600,00|10|33.903|440.336.400,00|
|17/12/2020|R|13.200,00|13.400,00|13.400,00|13.400,00|5|1.104|14.793.600,00|
|18/12/2020|R|13.400,00|13.500,00|13.500,00|13.400,00|3|17.000|227.810.400,00|
|21/12/2020|R|13.500,00|13.500,00|13.500,00|13.500,00|4|23.316|314.766.000,00|
|28/12/2020|R|13.500,00|13.500,00|13.500,00|13.500,00|5|14.546|196.371.000,00|
|29/12/2020|R|13.500,00|13.500,00|13.500,00|13.500,00|2|10.000|135.000.000,00|
|30/12/2020|R|13.500,00|13.800,00|13.800,00|13.600,00|8|54.000|739.800.000,00|
|04/01/2021|R|13.800,00|14.000,00|14.600,00|14.000,00|5|23.115|334.832.000,00|
|05/01/2021|R|14.000,00|14.600,00|14.600,00|14.600,00|6|22.731|331.422.600,00|
|06/01/2021|R|14.600,00|15.210,00|15.210,00|14.800,00|7|54.449|816.826.290,00|
|07/01/2021|R|15.210,00|16.600,00|16.600,00|15.400,00|10|59.547|950.863.800,00|
|08/01/2021|R|16.600,00|23.000,00|23.000,00|19.920,00|5|2.754|57.182.000,00|
|12/01/2021|R|23.000,00|22.000,00|25.000,00|21.500,00|10|69.104|1.674.410.750,00|
|13/01/2021|R|22.000,00|22.000,00|22.000,00|22.000,00|1|100|2.200.000,00|
|14/01/2021|R|22.000,00|24.490,00|24.490,00|24.490,00|1|700|17.143.000,00|
|15/01/2021|R|24.490,00|24.490,00|24.490,00|24.490,00|4|243|5.951.070,00|
|19/01/2021|R|24.490,00|24.480,00|24.490,00|20.000,00|5|14.351|346.965.890,00|
|20/01/2021|R|24.480,00|20.100,00|24.480,00|20.100,00|4|266|6.016.740,00|
|21/01/2021|R|20.100,00|24.120,00|24.120,00|22.110,00|7|2.258|50.127.460,00|
|22/01/2021|R|24.120,00|24.750,00|24.750,00|24.120,00|8|8.075|197.828.170,00|
|25/01/2021|R|24.750,00|24.750,00|24.750,00|24.750,00|6|2.638|65.274.750,00|
|26/01/2021|R|24.750,00|28.000,00|28.000,00|25.500,00|8|45.903|1.192.134.000,00|
|27/01/2021|R|28.000,00|28.000,00|28.000,00|26.000,00|4|8.100|224.801.000,00|
|28/01/2021|R|28.000,00|24.000,00|24.000,00|24.000,00|1|500|12.000.000,00|
|29/01/2021|R|24.000,00|28.000,00|28.250,00|28.000,00|7|11.008|309.676.000,00|
|01/02/2021|R|28.000,00|28.250,00|28.250,00|28.250,00|6|25.306|714.894.500,00|
|02/02/2021|R|28.250,00|27.990,00|28.250,00|24.000,00|8|4.367|110.263.460,00|
|03/02/2021|R|27.990,00|28.000,00|28.000,00|27.990,00|4|410|11.479.600,00|
|04/02/2021|R|28.000,00|28.000,00|28.250,00|28.000,00|6|689|19.414.750,00|
|05/02/2021|R|28.000,00|27.000,00|28.250,00|27.000,00|9|26.382|713.699.250,00|
|08/02/2021|R|27.000,00|28.500,00|28.500,00|27.000,00|10|25.462|702.816.250,00|
|09/02/2021|R|28.500,00|29.750,00|33.250,00|28.500,00|15|37.673|1.101.151.250,00|
|10/02/2021|R|29.750,00|33.000,00|33.000,00|29.750,00|2|617|19.980.750,00|
|11/02/2021|R|33.000,00|33.000,00|33.000,00|32.000,00|7|5.103|163.363.000,00|
|12/02/2021|R|33.000,00|33.000,00|33.000,00|33.000,00|1|6|198.000,00|
|17/02/2021|R|33.000,00|33.000,00|33.000,00|33.000,00|2|14|462.000,00|
|18/02/2021|R|33.000,00|33.000,00|33.000,00|33.000,00|2|603|19.899.000,00|
|19/02/2021|R|33.000,00|33.000,00|33.000,00|33.000,00|7|12.140|382.420.000,00|
|22/02/2021|R|33.000,00|33.000,00|33.000,00|27.010,00|8|15.195|475.843.290,00|
|23/02/2021|R|33.000,00|27.010,00|31.500,00|27.010,00|10|45.043|1.435.809.000,00|
|24/02/2021|R|27.010,00|32.400,00|32.400,00|28.130,00|6|8.100|249.325.000,00|
|25/02/2021|R|32.400,00|32.990,00|32.990,00|32.990,00|2|114|3.760.860,00|
|26/02/2021|R|32.990,00|32.990,00|32.990,00|32.990,00|1|60|1.979.400,00|
|01/03/2021|R|32.990,00|33.300,00|33.300,00|31.000,00|10|50.515|1.620.768.500,00|
|02/03/2021|R|33.300,00|39.500,00|39.500,00|33.900,00|13|113.937|4.104.028.000,00|
|03/03/2021|R|39.500,00|41.500,00|41.500,00|40.000,00|14|7.222|294.479.000,00|
|04/03/2021|R|41.500,00|37.010,00|41.500,00|37.010,00|10|86.783|3.234.119.000,00|
|08/03/2021|R|37.010,00|41.000,00|41.500,00|41.000,00|3|114|4.685.000,00|
|09/03/2021|R|41.000,00|41.000,00|41.000,00|41.000,00|5|3.963|162.483.000,00|
|10/03/2021|R|41.000,00|40.500,00|41.000,00|40.500,00|3|128|5.198.000,00|
|11/03/2021|R|40.500,00|41.500,00|41.500,00|41.000,00|4|4.076|168.213.500,00|
|12/03/2021|R|41.500,00|42.500,00|42.500,00|42.000,00|8|4.212|177.135.000,00|
|15/03/2021|R|42.500,00|43.000,00|43.000,00|42.500,00|6|18.607|791.168.500,00|
|16/03/2021|R|43.000,00|43.000,00|43.000,00|43.000,00|7|7.277|310.672.500,00|
|17/03/2021|R|43.000,00|43.500,00|43.500,00|43.000,00|15|19.377|838.745.500,00|
|18/03/2021|R|43.500,00|43.990,00|43.990,00|43.900,00|4|23.185|1.017.956.500,00|
|22/03/2021|R|43.990,00|44.000,00|44.000,00|44.000,00|5|15.696|690.624.000,00|
|23/03/2021|R|44.000,00|44.000,00|44.000,00|44.000,00|3|1.100|48.400.000,00|
|24/03/2021|R|44.000,00|44.000,00|44.000,00|44.000,00|8|42.012|1.848.528.000,00|
|25/03/2021|R|44.000,00|52.800,00|52.800,00|52.800,00|2|97|5.121.600,00|
|26/03/2021|R|52.800,00|52.800,00|52.800,00|52.800,00|5|700|36.960.000,00|
|29/03/2021|R|52.800,00|52.800,00|0,00|0,00|3|16.429|867.451.200,00|
|30/03/2021|R|52.800,00|44.010,00|52.000,00|44.000,00|3|620|28.080.200,00|
|31/03/2021|R|44.010,00|50.000,00|50.000,00|50.000,00|2|594|29.700.000,00|
|05/04/2021|R|50.000,00|50.000,00|50.000,00|50.000,00|8|11.503|575.150.000,00|
|06/04/2021|R|50.000,00|50.000,00|0,00|0,00|1|9|459.000,00|
|07/04/2021|R|50.000,00|55.000,00|55.000,00|55.000,00|3|1.185|65.175.000,00|
|08/04/2021|R|55.000,00|65.000,00|65.990,00|57.000,00|15|12.274|745.920.740,00|
|09/04/2021|R|65.000,00|65.000,00|65.000,00|65.000,00|4|811|52.715.000,00|
|12/04/2021|R|65.000,00|68.000,00|68.500,00|65.000,00|16|40.567|2.652.367.000,00|
|13/04/2021|R|68.000,00|68.500,00|68.500,00|68.000,00|3|712|48.572.000,00|
|14/04/2021|R|68.500,00|70.000,00|70.000,00|68.500,00|10|13.695|953.962.000,00|
|15/04/2021|R|70.000,00|62.250,00|70.500,00|60.000,00|7|2.750|168.725.000,00|
|16/04/2021|R|62.250,00|69.000,00|69.990,00|69.000,00|3|223|15.439.470,00|
|20/04/2021|R|69.000,00|75.000,00|75.000,00|71.000,00|5|101.554|7.213.603.000,00|
|21/04/2021|R|75.000,00|76.000,00|76.000,00|75.000,00|9|42.621|3.172.524.000,00|
|22/04/2021|R|76.000,00|90.000,00|91.000,00|76.000,00|15|16.076|1.235.461.000,00|
|23/04/2021|R|90.000,00|93.500,00|93.500,00|90.000,00|13|7.900|727.250.000,00|
|26/04/2021|R|93.500,00|93.500,00|94.000,00|93.500,00|14|102.870|9.655.718.000,00|
|27/04/2021|R|93.500,00|98.000,00|110.000,00|97.000,00|9|3.934|384.068.000,00|
|28/04/2021|R|98.000,00|111.000,00|111.000,00|98.000,00|17|106.370|11.651.205.980,00|
|29/04/2021|R|111.000,00|111.000,00|111.000,00|111.000,00|14|2.104|233.544.000,00|
|30/04/2021|R|111.000,00|112.600,00|113.000,00|112.000,00|13|3.357|377.780.850,00|
|03/05/2021|R|112.600,00|113.000,00|113.000,00|112.000,00|17|11.954|1.350.759.000,00|
|04/05/2021|R|113.000,00|115.000,00|115.000,00|114.000,00|8|10.891|1.242.201.000,00|
|05/05/2021|R|115.000,00|130.000,00|130.000,00|115.000,00|8|1.858|224.010.000,00|
|06/05/2021|R|130.000,00|144.990,00|144.990,00|130.000,00|14|41.760|5.798.867.380,00|
|07/05/2021|R|144.990,00|144.000,00|145.500,00|144.000,00|9|25.395|3.657.030.000,00|
|10/05/2021|R|144.000,00|145.900,00|145.990,00|140.000,00|17|69.315|10.076.354.190,00|
|11/05/2021|R|145.900,00|145.890,00|155.000,00|145.000,00|9|1.421|207.655.800,00|
|12/05/2021|R|145.890,00|145.000,00|145.000,00|145.000,00|3|120|17.400.000,00|
|13/05/2021|R|145.000,00|145.000,00|145.000,00|145.000,00|6|1.596|231.420.000,00|
|14/05/2021|R|145.000,00|145.000,00|150.000,00|150.000,00|1|6|900.000,00|
|17/05/2021|R|145.000,00|142.000,00|150.000,00|142.000,00|3|574|82.308.000,00|
|18/05/2021|R|142.000,00|150.000,00|150.000,00|149.990,00|12|21.947|3.292.042.110,00|
|19/05/2021|R|150.000,00|155.990,00|155.990,00|155.990,00|5|259|40.401.410,00|
|20/05/2021|R|155.990,00|150.000,00|156.000,00|150.000,00|9|1.493|230.083.360,00|
|21/05/2021|R|150.000,00|155.000,00|155.990,00|152.000,00|8|2.131|331.689.500,00|
|25/05/2021|R|155.000,00|150.000,00|155.000,00|150.000,00|9|5.025|762.368.900,00|
|26/05/2021|R|150.000,00|149.990,00|150.000,00|149.990,00|5|8.919|1.321.849.760,00|
|27/05/2021|R|149.990,00|149.990,00|149.990,00|149.990,00|1|35|5.249.650,00|
|28/05/2021|R|149.990,00|135.000,00|139.990,00|135.000,00|7|484|65.639.400,00|
|31/05/2021|R|135.000,00|139.000,00|139.990,00|139.000,00|3|285|39.864.480,00|
|01/06/2021|R|139.000,00|135.000,00|139.990,00|135.000,00|6|224|30.652.480,00|
|02/06/2021|R|135.000,00|134.990,00|135.000,00|134.990,00|3|153|20.654.770,00|
|03/06/2021|R|134.990,00|125.000,00|128.990,00|110.000,00|9|3.943|493.054.300,00|
|04/06/2021|R|125.000,00|124.990,00|125.000,00|124.990,00|3|523|65.374.870,00|
|08/06/2021|R|124.990,00|125.000,00|125.000,00|125.000,00|1|76|9.500.000,00|
|09/06/2021|R|125.000,00|125.000,00|125.000,00|125.000,00|2|50|6.250.000,00|
|10/06/2021|R|125.000,00|124.000,00|124.000,00|120.000,00|6|169|20.776.000,00|
|11/06/2021|R|124.000,00|123.990,00|124.990,00|123.990,00|5|158|19.679.420,00|
|15/06/2021|R|123.990,00|130.000,00|130.000,00|110.000,00|3|68|7.910.000,00|
|16/06/2021|R|130.000,00|129.000,00|129.000,00|129.000,00|3|26|3.354.000,00|
|17/06/2021|R|129.000,00|128.990,00|128.990,00|128.990,00|1|107|13.801.930,00|
|18/06/2021|R|128.990,00|127.990,00|127.990,00|127.990,00|2|205|26.237.950,00|
|21/06/2021|R|127.990,00|127.990,00|128.990,00|128.990,00|1|10|1.289.900,00|
|22/06/2021|R|127.990,00|128.990,00|128.990,00|128.990,00|3|27|3.482.730,00|
|25/06/2021|R|128.990,00|128.980,00|128.980,00|128.980,00|3|2.586|331.107.960,00|
|29/06/2021|R|128.980,00|128.500,00|128.980,00|128.500,00|4|251|32.301.500,00|
|30/06/2021|R|128.500,00|128.500,00|128.990,00|128.500,00|5|6.254|804.933.700,00|
|01/07/2021|R|128.500,00|128.000,00|128.000,00|127.890,00|9|11.891|1.520.783.330,00|
|02/07/2021|R|128.000,00|128.000,00|134.990,00|128.000,00|2|722|97.378.900,00|
|06/07/2021|R|128.000,00|128.000,00|0,00|0,00|1|3.059|393.081.500,00|
|07/07/2021|R|128.000,00|127.000,00|128.000,00|127.000,00|8|6.502|832.158.770,00|
|09/07/2021|R|127.000,00|127.950,00|127.990,00|127.950,00|3|557|71.268.630,00|
|12/07/2021|R|127.950,00|131.990,00|131.990,00|131.990,00|1|200|26.398.000,00|
|14/07/2021|R|131.990,00|129.000,00|131.000,00|129.000,00|5|2.259|291.433.800,00|
|15/07/2021|R|129.000,00|131.000,00|131.990,00|131.000,00|6|540|70.752.870,00|
|16/07/2021|R|131.000,00|131.000,00|131.000,00|131.000,00|6|9.140|1.197.340.000,00|
|20/07/2021|R|131.000,00|154.990,00|154.990,00|154.990,00|3|154|23.868.460,00|
|21/07/2021|R|154.990,00|140.000,00|140.000,00|140.000,00|1|1.500|210.000.000,00|
|22/07/2021|R|140.000,00|140.000,00|140.000,00|140.000,00|3|73|10.220.000,00|
|23/07/2021|R|140.000,00|150.000,00|150.000,00|150.000,00|2|54|8.100.000,00|
|26/07/2021|R|150.000,00|145.000,00|148.000,00|145.000,00|5|569|84.881.370,00|
|27/07/2021|R|145.000,00|145.000,00|145.000,00|145.000,00|3|1.103|159.926.000,00|
|28/07/2021|R|145.000,00|145.000,00|145.000,00|145.000,00|1|300|43.500.000,00|
|29/07/2021|R|145.000,00|145.000,00|145.000,00|140.000,00|2|358|50.210.000,00|
|30/07/2021|R|145.000,00|140.000,00|145.000,00|140.000,00|3|104|14.730.000,00|
|02/08/2021|R|140.000,00|145.000,00|145.000,00|145.000,00|2|22|3.190.000,00|
|03/08/2021|R|145.000,00|145.000,00|145.000,00|145.000,00|2|780|113.100.000,00|
|05/08/2021|R|145.000,00|145.000,00|149.990,00|145.000,00|3|93|13.509.950,00|
|06/08/2021|R|145.000,00|145.000,00|145.000,00|140.000,00|3|882|123.640.000,00|
|09/08/2021|R|145.000,00|145.000,00|145.000,00|145.000,00|5|28.020|4.062.900.000,00|
|10/08/2021|R|145.000,00|140.000,00|140.000,00|121.000,00|2|1.810|226.610.000,00|
|11/08/2021|R|140.000,00|140.000,00|140.000,00|140.000,00|2|47|6.580.000,00|
|12/08/2021|R|140.000,00|140.000,00|140.000,00|140.000,00|3|508|71.120.000,00|
|13/08/2021|R|140.000,00|144.990,00|144.990,00|144.990,00|2|115|16.673.850,00|
|16/08/2021|R|144.990,00|144.990,00|144.990,00|144.990,00|2|91|13.194.090,00|
|17/08/2021|R|144.990,00|144.990,00|144.990,00|144.990,00|2|268|38.857.320,00|
|18/08/2021|R|144.990,00|145.000,00|145.000,00|144.990,00|7|2.616|379.313.890,00|
|19/08/2021|R|145.000,00|150.000,00|150.000,00|145.000,00|10|6.793|1.000.360.000,00|
|20/08/2021|R|150.000,00|153.500,00|156.000,00|153.500,00|8|5.533|863.106.230,00|
|23/08/2021|R|153.500,00|156.000,00|156.000,00|156.000,00|4|70|10.920.000,00|
|24/08/2021|R|156.000,00|179.990,00|179.990,00|156.000,00|3|206|36.934.000,00|
|25/08/2021|R|179.990,00|178.000,00|179.990,00|178.000,00|3|2.238|398.399.820,00|
|26/08/2021|R|178.000,00|178.000,00|179.990,00|177.990,00|6|659|117.327.120,00|
|27/08/2021|R|178.000,00|177.990,00|177.990,00|177.980,00|2|250|44.497.440,00|
|30/08/2021|R|177.990,00|179.990,00|179.990,00|179.990,00|7|7.727|1.390.782.730,00|
|31/08/2021|R|179.990,00|179.990,00|179.990,00|179.990,00|3|2.067|372.039.330,00|
|01/09/2021|R|179.990,00|179.990,00|180.000,00|179.990,00|3|191|34.379.090,00|
|02/09/2021|R|179.990,00|179.990,00|179.990,00|179.990,00|4|29|5.219.710,00|
|03/09/2021|R|179.990,00|179.990,00|179.990,00|179.000,00|3|104|18.714.010,00|
|06/09/2021|R|179.990,00|179.990,00|179.990,00|179.000,00|4|83|14.933.230,00|
|08/09/2021|R|179.990,00|175.000,00|179.990,00|175.000,00|6|1.151|206.542.680,00|
|09/09/2021|R|175.000,00|178.990,00|178.990,00|170.000,00|4|119|20.355.860,00|
|10/09/2021|R|178.990,00|178.990,00|178.990,00|175.000,00|6|1.232|216.709.220,00|































































