

|30/05/2014|R|0,15|1,35|1,35|1,35|1|30.000|40.500,00|
|03/06/2014|R|1,35|4,00|4,00|4,00|3|15.095|60.380,00|
|04/06/2014|R|4,00|4,00|5,00|5,00|1|100|500,00|
|13/06/2014|R|4,00|4,00|5,00|5,00|1|100|500,00|
|27/06/2014|R|4,00|2,00|2,00|2,00|5|105.000|210.000,00|
|01/07/2014|R|2,00|2,00|3,00|3,00|3|5.100|15.300,00|
|11/07/2014|R|2,00|2,00|2,00|2,00|2|35.000|70.000,00|
|18/07/2014|R|2,00|2,00|3,00|3,00|1|100|300,00|
|20/08/2014|R|2,00|2,00|2,00|2,00|1|100|200,00|
|17/11/2014|R|2,00|2,00|0,00|0,00|1|100|400,00|
|24/11/2014|R|2,00|2,00|4,00|4,00|1|500|2.000,00|
|01/12/2014|R|2,00|2,00|4,00|4,00|1|100|400,00|
|17/12/2014|R|2,00|4,00|4,00|4,00|1|4.400|17.600,00|
|23/12/2014|R|4,00|6,00|6,00|6,00|1|5.000|30.000,00|
|23/02/2015|R|6,00|6,00|7,00|7,00|1|286|2.002,00|
|06/03/2015|R|6,00|3,50|3,50|3,50|1|55.000|192.500,00|
|13/03/2015|R|3,50|3,50|3,50|3,50|1|5.000|17.500,00|
|17/03/2015|R|3,50|3,50|3,50|3,50|1|4.500|15.750,00|
|15/04/2015|R|3,50|9,00|9,00|9,00|1|20.000|180.000,00|
|22/04/2015|R|9,00|9,00|9,00|9,00|1|20.000|180.000,00|
|04/06/2015|R|9,00|15,00|15,00|15,00|1|4.145|62.175,00|
|19/06/2015|R|15,00|16,00|16,00|16,00|2|15.036.454|225.561.810,00|
|22/06/2015|R|16,00|16,00|16,00|16,00|1|9.500|152.000,00|
|02/07/2015|R|16,00|18,00|18,00|18,00|1|6.497|116.946,00|
|06/07/2015|R|18,00|25,15|25,15|25,15|1|200|5.030,00|
|10/07/2015|R|25,15|35,21|35,21|35,21|3|1.600|51.021,00|
|13/07/2015|R|35,21|15,50|15,50|15,50|1|250|3.875,00|
|20/08/2015|R|15,50|25,00|25,00|25,00|2|40.000|1.000.000,00|
|05/10/2015|R|25,00|18,01|18,01|18,01|2|20.100|362.001,00|
|16/10/2015|R|18,01|18,00|18,00|18,00|1|10.000|180.000,00|
|20/10/2015|R|18,00|18,01|18,01|18,01|1|5.000|90.050,00|
|02/11/2015|R|18,01|18,01|0,00|0,00|1|12.903.000|238.705.500,00|
|13/11/2015|R|18,01|18,01|0,00|0,00|1|12.903.000|232.512.060,00|
|17/11/2015|R|18,01|18,01|0,00|0,00|1|12.903.000|234.318.480,00|
|19/11/2015|R|18,01|18,01|0,00|0,00|1|12.903.000|234.318.480,00|
|23/11/2015|R|18,01|18,01|0,00|0,00|1|12.903.000|258.705.150,00|
|24/11/2015|R|18,01|18,01|0,00|0,00|1|12.906.179|258.768.888,95|
|15/12/2015|R|18,01|18,01|44,95|44,95|1|50|2.247,50|
|17/12/2015|R|18,01|18,11|18,11|18,11|1|500|9.055,00|
|21/12/2015|R|18,11|18,11|0,00|0,00|2|1.250|43.750,00|
|04/01/2016|R|18,11|18,11|0,00|0,00|1|55|2.035,00|
|14/01/2016|R|18,11|18,11|0,00|0,00|1|3.000|105.000,00|
|25/01/2016|R|18,11|18,11|0,00|0,00|1|695|24.318,05|
|26/01/2016|R|18,11|30,00|30,00|30,00|1|200|6.000,00|
|12/02/2016|R|30,00|42,00|42,00|42,00|1|244|10.248,00|
|17/02/2016|R|42,00|58,00|58,00|58,00|1|800|46.400,00|
|19/02/2016|R|58,00|81,15|81,15|81,15|2|299|24.263,85|
|24/02/2016|R|81,15|81,15|113,60|113,60|1|18|2.044,80|
|25/02/2016|R|81,15|113,60|113,60|113,60|1|651|73.953,60|
|13/05/2016|R|113,60|113,60|0,00|0,00|2|80|9.040,00|
|22/07/2016|R|113,60|90,00|90,00|90,00|1|200|18.000,00|
|25/07/2016|R|90,00|54,00|54,00|54,00|1|459|24.786,00|
|30/08/2016|R|54,00|32,41|32,41|32,41|1|315|10.209,15|
|30/09/2016|R|32,41|32,41|0,00|0,00|1|400|18.148,00|
|10/11/2016|R|32,41|45,36|45,36|45,36|1|500|22.680,00|
|11/11/2016|R|45,36|63,50|63,50|63,50|1|500|31.750,00|
|16/11/2016|R|63,50|88,90|88,90|88,90|1|400|35.560,00|
|17/11/2016|R|88,90|124,00|124,00|124,00|1|500|62.000,00|
|22/11/2016|R|124,00|165,00|165,00|165,00|2|2.200|363.000,00|
|23/11/2016|R|165,00|173,59|173,59|173,59|1|100|17.359,00|
|25/11/2016|R|173,59|220,00|220,00|220,00|2|100|22.000,00|
|28/11/2016|R|220,00|220,00|220,00|220,00|1|500|110.000,00|
|30/11/2016|R|220,00|270,01|270,01|270,01|1|2.007|541.910,07|
|01/12/2016|R|270,01|377,00|377,00|377,00|1|100|37.700,00|
|02/12/2016|R|377,00|377,00|377,00|377,00|3|530|199.810,00|
|06/12/2016|R|377,00|500,00|500,00|499,99|4|400|199.997,00|
|07/12/2016|R|500,00|500,00|500,00|500,00|3|470|235.000,00|
|08/12/2016|R|500,00|640,00|640,00|640,00|2|100|64.000,00|
|09/12/2016|R|640,00|650,00|650,00|650,00|1|139|90.350,00|
|14/12/2016|R|650,00|620,00|620,00|620,00|2|33|20.460,00|
|16/12/2016|R|620,00|620,00|649,00|649,00|1|4|2.596,00|
|21/12/2016|R|620,00|600,00|600,00|600,00|1|415|249.000,00|
|12/01/2017|R|600,00|600,00|0,00|0,00|1|177|97.350,00|
|13/02/2017|R|600,00|600,00|670,00|670,00|1|10|6.700,00|
|10/03/2017|R|600,00|400,00|400,00|400,00|2|100|40.000,00|
|16/03/2017|R|400,00|300,00|300,00|300,00|2|600|180.000,00|
|29/03/2017|R|300,00|399,00|399,00|399,00|2|300|119.700,00|
|07/04/2017|R|399,00|500,00|500,00|500,00|1|295|147.500,00|
|12/04/2017|R|500,00|500,00|700,00|700,00|1|6|4.200,00|
|28/04/2017|R|500,00|550,00|550,00|550,00|1|100|55.000,00|
|08/05/2017|R|550,00|450,00|450,00|450,00|1|209|94.050,00|
|12/05/2017|R|450,00|480,00|480,00|480,00|1|230|110.400,00|
|16/05/2017|R|480,00|500,00|500,00|500,00|1|200|100.000,00|
|19/05/2017|R|500,00|680,00|680,00|680,00|4|1.280|870.400,00|
|22/05/2017|R|680,00|685,00|685,00|685,00|1|2.000|1.370.000,00|
|23/05/2017|R|685,00|680,00|680,00|680,00|1|620|421.600,00|
|05/06/2017|R|680,00|600,00|600,00|600,00|1|800|480.000,00|
|07/06/2017|R|600,00|580,01|580,01|580,01|1|1.000|580.010,00|
|08/06/2017|R|580,01|500,00|500,00|500,00|1|1.000|500.000,00|
|15/06/2017|R|500,00|654,99|654,99|654,99|1|114|74.668,86|
|16/06/2017|R|654,99|780,00|780,00|780,00|1|200|156.000,00|
|22/06/2017|R|780,00|800,00|800,00|800,00|1|500|400.000,00|
|30/06/2017|R|800,00|950,00|950,00|950,00|1|200|190.000,00|
|04/07/2017|R|950,00|950,00|950,00|950,00|1|500|475.000,00|
|06/07/2017|R|950,00|949,90|949,90|949,90|1|500|474.950,00|
|11/07/2017|R|949,90|776,00|776,00|776,00|1|133|103.208,00|
|31/07/2017|R|776,00|800,00|800,00|800,00|1|509|407.200,00|
|01/08/2017|R|800,00|800,00|650,00|650,00|1|25|16.250,00|
|03/08/2017|R|800,00|918,00|918,00|918,00|1|167|153.306,00|
|04/08/2017|R|918,00|917,00|917,00|899,99|2|400|363.398,00|
|07/08/2017|R|917,00|1.049,99|1.049,99|1.049,99|2|207|217.347,93|
|09/08/2017|R|1.049,99|1.049,99|0,00|0,00|1|200|210.000,00|
|10/08/2017|R|1.049,99|1.049,99|0,00|0,00|1|940|987.000,00|
|15/08/2017|R|1.049,99|1.200,00|1.200,00|1.200,00|1|213|255.600,00|
|18/08/2017|R|1.200,00|1.000,00|1.000,00|1.000,00|2|1.249|1.249.000,00|
|21/08/2017|R|1.000,00|801,00|810,00|801,00|5|10.000|8.019.000,00|
|23/08/2017|R|801,00|805,00|805,00|805,00|2|900|724.500,00|
|24/08/2017|R|805,00|810,00|810,00|810,00|2|1.000|810.000,00|
|28/08/2017|R|810,00|815,00|815,00|815,00|1|1.000|815.000,00|
|04/09/2017|R|815,00|820,00|820,00|820,00|1|1.000|820.000,00|
|06/09/2017|R|820,00|850,00|850,00|850,00|1|1.000|850.000,00|
|07/09/2017|R|850,00|860,00|860,00|860,00|1|1.000|860.000,00|
|08/09/2017|R|860,00|900,00|900,00|900,00|1|1.692|1.522.800,00|
|13/09/2017|R|900,00|900,00|900,00|900,00|1|900|810.000,00|
|14/09/2017|R|900,00|1.059,00|1.059,00|998,00|3|1.780|1.854.520,00|
|15/09/2017|R|1.059,00|1.270,00|1.270,00|1.270,00|2|1.600|2.032.000,00|
|18/09/2017|R|1.270,00|1.300,00|1.300,00|1.250,00|2|1.013|1.316.250,00|
|20/09/2017|R|1.300,00|1.300,00|1.300,00|1.300,00|5|4.000|5.200.000,00|
|22/09/2017|R|1.300,00|1.100,00|1.100,00|1.100,00|1|200|220.000,00|
|25/09/2017|R|1.100,00|1.300,00|1.300,00|1.300,00|1|1.000|1.300.000,00|
|26/09/2017|R|1.300,00|1.300,00|1.300,00|1.300,00|1|20|26.000,00|
|29/09/2017|R|1.300,00|1.300,00|1.300,00|1.300,00|3|2.913|3.786.900,00|
|03/10/2017|R|1.300,00|1.549,00|1.549,00|1.549,00|1|600|929.400,00|
|04/10/2017|R|1.549,00|1.858,00|1.858,00|1.858,00|2|600|1.114.800,00|
|05/10/2017|R|1.858,00|2.229,60|2.229,60|1.858,00|3|440|836.099,65|
|06/10/2017|R|2.229,60|2.229,60|2.229,60|2.229,60|2|60|133.776,00|
|09/10/2017|R|2.229,60|2.229,60|2.229,60|2.219,00|6|1.595|3.544.161,00|
|11/10/2017|R|2.229,60|2.229,60|2.648,00|2.648,00|1|5|13.240,00|
|16/10/2017|R|2.229,60|2.229,60|2.299,00|2.299,00|1|4|9.196,00|
|23/10/2017|R|2.229,60|1.785,00|1.785,00|1.785,00|2|1.000|1.785.000,00|
|25/10/2017|R|1.785,00|1.785,00|2.141,00|2.141,00|1|10|21.410,00|
|31/10/2017|R|1.785,00|1.785,00|2.141,00|2.141,00|1|3|6.423,00|
|03/11/2017|R|1.785,00|1.785,00|1.784,99|1.784,99|1|5|8.924,95|
|07/11/2017|R|1.785,00|1.500,00|1.500,00|1.500,00|1|3.083|4.624.500,00|
|08/11/2017|R|1.500,00|1.784,99|1.784,99|1.500,00|4|428|664.229,22|
|16/11/2017|R|1.784,99|1.784,99|2.100,00|2.100,00|1|19|39.900,00|
|20/11/2017|R|1.784,99|2.100,00|2.100,00|2.100,00|1|40|84.000,00|
|13/12/2017|R|2.100,00|2.510,00|2.510,00|2.510,00|1|40|100.400,00|
|14/12/2017|R|2.510,00|2.450,00|2.450,00|2.450,00|1|460|1.127.000,00|
|21/12/2017|R|2.450,00|2.500,00|2.500,00|1.965,00|2|5.725|12.854.625,00|
|28/12/2017|R|2.500,00|2.500,00|2.499,00|2.499,00|1|18|44.982,00|
|29/12/2017|R|2.500,00|2.500,00|2.500,00|2.500,00|1|30|75.000,00|
|08/01/2018|R|2.500,00|2.001,00|2.001,00|2.001,00|1|3.000|6.003.000,00|
|09/01/2018|R|2.001,00|2.001,00|2.400,00|2.400,00|2|20|48.000,00|
|12/01/2018|R|2.001,00|2.401,00|2.401,00|2.401,00|2|10.000|24.010.000,00|
|17/01/2018|R|2.401,00|2.800,00|2.800,00|2.800,00|3|5.000|14.000.000,00|
|18/01/2018|R|2.800,00|2.401,00|3.350,00|2.401,00|11|54.117|142.386.950,00|
|19/01/2018|R|2.401,00|2.881,19|2.881,19|2.881,19|1|2.500|7.202.975,00|
|23/01/2018|R|2.881,19|3.200,00|3.200,00|3.200,00|1|100|320.000,00|
|26/01/2018|R|3.200,00|3.790,00|3.790,00|3.790,00|1|200|758.000,00|
|29/01/2018|R|3.790,00|4.500,00|4.500,00|4.000,00|3|13.900|61.550.000,00|
|31/01/2018|R|4.500,00|4.500,00|0,00|0,00|1|10.000|45.000.000,00|
|05/02/2018|R|4.500,00|4.500,00|4.500,00|4.500,00|2|10.100|45.450.000,00|
|06/02/2018|R|4.500,00|5.375,00|5.375,00|4.500,00|3|20.700|97.525.000,00|
|07/02/2018|R|5.375,00|5.000,00|5.375,00|5.000,00|2|35.100|175.537.500,00|
|08/02/2018|R|5.000,00|5.995,00|5.995,00|5.000,00|3|6.350|31.799.750,00|
|20/02/2018|R|5.995,00|5.995,00|5.995,00|5.995,00|1|6|35.970,00|
|28/02/2018|R|5.995,00|5.500,00|5.500,00|5.500,00|1|130|715.000,00|
|01/03/2018|R|5.500,00|5.500,00|5.500,00|5.500,00|1|70|385.000,00|
|02/03/2018|R|5.500,00|5.500,00|5.500,00|5.500,00|1|100|550.000,00|
|06/03/2018|R|5.500,00|6.000,00|6.000,00|5.999,00|4|22.900|137.394.700,00|
|07/03/2018|R|6.000,00|6.500,00|7.190,00|6.500,00|4|18.300|127.737.000,00|
|09/03/2018|R|6.500,00|6.500,00|6.500,00|6.500,00|1|1.000|6.500.000,00|
|13/03/2018|R|6.500,00|6.500,00|6.500,00|6.500,00|2|20|130.000,00|
|14/03/2018|R|6.500,00|6.500,00|6.500,00|6.500,00|2|150|975.000,00|
|26/03/2018|R|6.500,00|5.500,00|5.500,00|5.500,00|2|31.700|174.350.000,00|
|27/03/2018|R|5.500,00|5.500,00|6.500,00|5.500,00|2|510|2.815.000,00|
|04/04/2018|R|5.500,00|6.400,00|6.400,00|6.400,00|1|10.810|69.184.000,00|
|06/04/2018|R|6.400,00|6.650,00|6.650,00|6.650,00|1|200|1.330.000,00|
|09/04/2018|R|6.650,00|7.000,00|7.000,00|6.900,00|3|3.354|23.428.000,00|
|10/04/2018|R|7.000,00|8.400,00|8.400,00|8.400,00|3|2.000|16.800.000,00|
|11/04/2018|R|8.400,00|9.500,00|9.500,00|7.500,00|6|1.050|8.675.000,00|
|12/04/2018|R|9.500,00|11.000,00|11.400,00|10.000,00|10|25.220|276.261.000,00|
|13/04/2018|R|11.000,00|11.750,00|11.750,00|11.750,00|2|1.625|19.093.750,00|
|16/04/2018|R|11.750,00|14.000,00|14.000,00|11.750,00|7|13.620|167.015.000,20|
|17/04/2018|R|14.000,00|14.000,00|14.000,01|14.000,00|10|25.905|362.670.003,20|
|18/04/2018|R|14.000,00|13.500,00|14.000,00|13.500,00|7|827|11.169.500,00|
|20/04/2018|R|13.500,00|14.000,00|14.000,00|14.000,00|7|10.000|140.000.000,00|
|23/04/2018|R|14.000,00|15.500,00|15.500,00|13.000,00|2|920|12.010.000,00|
|24/04/2018|R|15.500,00|13.000,00|15.000,00|13.000,00|3|110|1.636.000,00|
|25/04/2018|R|13.000,00|11.000,00|11.000,00|11.000,00|1|7|77.000,00|
|27/04/2018|R|11.000,00|12.000,00|12.000,00|12.000,00|2|52|624.000,00|
|02/05/2018|R|12.000,00|11.550,00|14.400,00|11.550,00|3|35|481.200,00|
|07/05/2018|R|11.550,00|11.500,00|11.500,00|11.500,00|1|100|1.150.000,00|
|11/05/2018|R|11.500,00|9.260,00|9.260,00|9.260,00|2|60.310|572.942.600,00|
|15/05/2018|R|9.260,00|9.100,00|9.100,00|9.100,00|1|10|91.000,00|
|17/05/2018|R|9.100,00|10.920,00|10.920,00|10.920,00|1|200|2.184.000,00|
|21/05/2018|R|10.920,00|10.920,00|10.920,00|10.920,00|1|50|546.000,00|
|22/05/2018|R|10.920,00|12.000,00|12.000,00|10.920,00|2|37|406.200,00|
|23/05/2018|R|10.920,00|10.920,00|13.000,00|13.000,00|1|2|26.000,00|
|24/05/2018|R|10.920,00|13.100,00|13.100,00|13.000,00|3|293|3.814.000,00|
|25/05/2018|R|13.100,00|15.720,00|15.720,00|15.720,00|1|200|3.144.000,00|
|31/05/2018|R|15.720,00|18.860,00|18.860,00|18.860,00|3|1.000|18.860.000,00|
|01/06/2018|R|18.860,00|22.600,00|22.600,00|22.600,00|1|30|678.000,00|
|05/06/2018|R|22.600,00|24.000,00|24.000,00|24.000,00|1|400|9.600.000,00|
|06/06/2018|R|24.000,00|34.500,00|34.500,00|34.500,00|2|5|172.500,00|
|07/06/2018|R|34.500,00|41.300,00|41.300,00|41.300,00|2|970|40.061.000,00|
|11/06/2018|R|41.300,00|49.560,00|49.560,00|49.560,00|1|56|2.775.360,00|
|13/06/2018|R|49.560,00|59.400,00|59.400,00|59.400,00|1|79|4.692.600,00|
|14/06/2018|R|59.400,00|59.400,00|59.400,00|59.400,00|1|100|5.940.000,00|
|19/06/2018|R|59.400,00|71.000,00|71.000,00|71.000,00|1|765|54.315.000,00|
|20/06/2018|R|71.000,00|82.000,00|82.000,00|82.000,00|1|100|8.200.000,00|
|22/06/2018|R|82.000,00|82.000,00|82.000,00|82.000,00|4|2.484|203.688.000,00|
|25/06/2018|R|82.000,00|98.400,00|98.400,00|98.400,00|2|500|49.200.000,00|
|26/06/2018|R|98.400,00|98.400,00|0,00|0,00|1|110.000|10.824.000.000,00|
|29/06/2018|R|98.400,00|118.000,00|118.000,00|118.000,00|1|10|1.180.000,00|
|03/07/2018|R|118.000,00|118.000,00|118.000,00|117.990,00|2|507|59.822.930,00|
|10/07/2018|R|118.000,00|115.000,00|118.000,00|115.000,00|2|41|4.745.000,00|
|12/07/2018|R|115.000,00|115.000,00|115.000,00|115.000,00|1|10|1.150.000,00|
|16/07/2018|R|115.000,00|120.000,00|120.000,00|120.000,00|1|8|960.000,00|
|18/07/2018|R|120.000,00|130.000,00|130.000,00|130.000,00|2|1.230|159.900.000,00|
|20/07/2018|R|130.000,00|155.000,00|155.000,00|155.000,00|1|10|1.550.000,00|
|23/07/2018|R|155.000,00|140.000,00|140.000,00|140.000,00|1|82|11.480.000,00|
|03/08/2018|R|140.000,00|140.000,00|140.000,00|140.000,00|3|163|22.820.000,00|
|07/08/2018|R|140.000,00|160.000,00|160.000,00|160.000,00|1|20|3.200.000,00|
|08/08/2018|R|160.000,00|144.000,00|144.000,00|144.000,00|2|100|14.400.000,00|
|09/08/2018|R|144.000,00|118.000,00|118.000,00|118.000,00|1|477|56.286.000,00|
|10/08/2018|R|118.000,00|118.000,00|122.000,00|118.000,00|2|1.823|218.314.000,00|
|13/08/2018|R|118.000,00|94.990,00|94.990,00|94.990,00|1|673|63.928.270,00|
|14/08/2018|R|94.990,00|113.000,00|113.000,00|95.000,00|2|1.118|124.210.000,00|
|22/08/2018|R|1,13|1,35|1,35|1,35|1|82|110,70|
|24/08/2018|R|1,35|1,61|1,61|1,61|3|361|581,21|
|28/08/2018|R|1,61|1,70|1,70|1,35|3|120|200,50|
|31/08/2018|R|1,70|2,04|2,04|2,04|2|3.337|6.807,48|
|03/09/2018|R|2,04|2,05|2,05|2,05|2|1.903|3.901,15|
|04/09/2018|R|2,05|2,46|2,46|2,46|1|100|246,00|
|05/09/2018|R|2,46|2,95|2,95|2,95|1|100|295,00|
|07/09/2018|R|2,95|3,53|3,53|3,50|3|6.000|21.030,00|
|11/09/2018|R|3,53|5,00|5,00|4,20|7|3.100|15.035,00|
|12/09/2018|R|5,00|6,00|6,00|6,00|4|520|3.120,00|
|13/09/2018|R|6,00|7,15|7,20|7,15|6|9.053|64.731,45|
|19/09/2018|R|7,15|7,50|7,50|7,00|3|389|2.723,50|
|21/09/2018|R|7,50|7,50|7,50|7,50|1|60|450,00|
|24/09/2018|R|7,50|8,90|8,99|8,00|4|126|1.122,30|
|27/09/2018|R|8,90|8,37|8,50|7,12|3|3.180|26.819,10|
|03/10/2018|R|8,37|8,90|9,00|8,90|2|11|98,00|
|26/10/2018|R|8,90|7,12|7,12|7,12|3|7.500|56.950,00|
|31/10/2018|R|7,12|7,12|7,12|7,12|2|103|733,36|
|02/11/2018|R|7,12|8,50|8,50|8,50|2|8.417|71.544,50|
|07/11/2018|R|8,50|12,00|12,00|10,20|2|200|2.220,00|
|08/11/2018|R|12,00|14,35|14,35|13,90|3|600|8.385,00|
|09/11/2018|R|14,35|17,00|17,00|17,00|1|5.000|85.000,00|
|12/11/2018|R|17,00|19,99|19,99|19,99|2|250|4.997,50|
|14/11/2018|R|19,99|23,50|23,50|22,00|2|60|1.335,00|
|15/11/2018|R|23,50|26,10|26,10|26,10|2|100|2.610,00|
|16/11/2018|R|26,10|27,00|27,00|27,00|2|13|351,00|
|19/11/2018|R|27,00|30,00|30,00|27,00|5|285|7.725,00|
|23/11/2018|R|30,00|28,00|28,00|28,00|1|20|560,00|
|26/11/2018|R|28,00|29,90|29,90|29,90|1|10|299,00|
|27/11/2018|R|29,90|29,90|29,90|29,90|2|2.357|69.535,50|
|28/11/2018|R|29,90|29,45|29,45|29,45|2|40|1.178,00|
|29/11/2018|R|29,45|29,50|29,50|29,50|1|5|147,50|
|30/11/2018|R|29,50|29,50|29,50|29,50|3|570|16.815,00|
|05/12/2018|R|29,50|29,50|29,50|29,50|1|10|295,00|
|06/12/2018|R|29,50|29,50|29,50|29,50|1|250|7.375,00|
|07/12/2018|R|29,50|29,50|29,50|29,50|1|1|29,50|
|10/12/2018|R|29,50|29,50|29,50|29,50|2|151|4.454,50|
|14/12/2018|R|29,50|24,00|24,00|24,00|2|900|21.600,00|
|19/12/2018|R|24,00|24,00|24,00|24,00|1|40|960,00|
|20/12/2018|R|24,00|24,00|24,00|24,00|1|100|2.400,00|
|21/12/2018|R|24,00|24,00|24,00|24,00|1|800|19.200,00|
|26/12/2018|R|24,00|20,00|20,00|20,00|4|412|8.240,00|
|27/12/2018|R|20,00|20,00|20,00|20,00|4|1.773|35.460,00|
|28/12/2018|R|20,00|20,00|20,00|20,00|1|79|1.580,00|
|03/01/2019|R|20,00|23,00|24,00|23,00|2|4.525|107.247,00|
|04/01/2019|R|23,00|30,00|33,12|26,00|6|5.000|133.424,00|
|07/01/2019|R|30,00|43,00|43,00|36,00|2|301|11.543,00|
|08/01/2019|R|43,00|48,00|48,00|48,00|1|175|8.400,00|
|09/01/2019|R|48,00|48,00|48,00|48,00|1|50|2.400,00|
|10/01/2019|R|48,00|48,00|48,00|48,00|1|660|31.680,00|
|11/01/2019|R|48,00|57,00|57,00|57,00|2|5.000|285.000,00|
|14/01/2019|R|57,00|95,00|95,00|68,40|8|27.619|2.264.226,00|
|15/01/2019|R|95,00|91,20|95,00|76,00|7|3.665|313.600,00|
|16/01/2019|R|91,20|95,00|95,00|95,00|2|8.035|763.325,00|
|17/01/2019|R|95,00|94,00|94,00|94,00|1|3|282,00|
|18/01/2019|R|94,00|93,00|95,00|80,00|5|10.033|803.099,00|
|22/01/2019|R|93,00|93,00|91,00|91,00|1|1|91,00|
|23/01/2019|R|93,00|93,00|89,00|89,00|1|10|890,00|
|25/01/2019|R|93,00|90,00|90,00|89,00|2|56|4.994,00|
|28/01/2019|R|90,00|94,00|95,00|90,00|3|10.080|907.920,00|
|29/01/2019|R|94,00|106,00|106,00|106,00|1|56|5.936,00|
|31/01/2019|R|106,00|110,00|110,00|110,00|3|10|1.100,00|
|01/02/2019|R|110,00|120,00|120,00|119,00|3|85|10.185,00|
|04/02/2019|R|120,00|120,00|120,00|120,00|1|40|4.800,00|
|05/02/2019|R|120,00|120,00|120,00|120,00|1|10|1.200,00|
|06/02/2019|R|120,00|120,00|120,00|120,00|2|100|12.000,00|
|07/02/2019|R|120,00|120,00|120,00|120,00|1|10|1.200,00|
|11/02/2019|R|120,00|119,00|119,00|119,00|2|110|13.090,00|
|12/02/2019|R|119,00|119,00|115,00|115,00|1|5|575,00|
|13/02/2019|R|119,00|115,00|115,00|115,00|2|20|2.300,00|
|14/02/2019|R|115,00|100,00|100,00|100,00|1|20|2.000,00|
|15/02/2019|R|100,00|90,00|100,00|90,00|4|290|26.800,00|
|18/02/2019|R|90,00|108,00|108,00|85,00|4|9.505|809.575,00|
|19/02/2019|R|108,00|108,00|120,00|108,00|7|1.069|118.772,00|
|20/02/2019|R|108,00|119,99|119,99|119,99|2|160|19.198,40|
|21/02/2019|R|119,99|119,00|130,00|119,00|2|103|12.290,00|
|22/02/2019|R|119,00|205,63|205,63|119,00|5|362|55.001,70|
|25/02/2019|R|205,63|240,00|240,00|240,00|1|40|9.600,00|
|26/02/2019|R|240,00|288,00|288,00|288,00|1|50|14.400,00|
|27/02/2019|R|288,00|345,00|345,00|345,00|1|20|6.900,00|
|06/03/2019|R|345,00|370,00|413,00|370,00|2|150|59.800,00|
|07/03/2019|R|370,00|400,00|400,00|400,00|2|1.000|400.000,00|
|14/03/2019|R|400,00|390,00|390,00|390,00|3|1.850|721.500,00|
|15/03/2019|R|390,00|345,00|355,00|345,00|2|600|207.100,00|
|18/03/2019|R|345,00|413,00|413,00|413,00|1|49|20.237,00|
|21/03/2019|R|413,00|489,00|489,00|489,00|1|37|18.093,00|
|01/04/2019|R|489,00|586,79|586,79|586,79|1|200|117.358,00|
|05/04/2019|R|586,79|515,00|564,00|515,00|2|2.037|1.049.202,00|
|09/04/2019|R|515,00|515,00|411,00|411,00|1|8|3.288,00|
|10/04/2019|R|515,00|390,00|412,00|390,00|3|45|17.660,00|
|11/04/2019|R|390,00|390,00|400,00|400,00|1|3|1.200,00|
|12/04/2019|R|390,00|467,75|467,75|467,75|1|66|30.871,50|
|22/04/2019|R|467,75|460,00|467,75|460,00|4|1.754|820.278,50|
|23/04/2019|R|460,00|420,00|467,75|420,00|2|1.373|633.960,00|
|24/04/2019|R|420,00|400,00|420,00|400,00|5|855|350.200,00|
|26/04/2019|R|400,00|400,00|400,00|400,00|3|2.668|1.067.200,00|
|29/04/2019|R|400,00|385,00|400,00|385,00|5|1.117|445.545,00|
|08/05/2019|R|375,00|375,00|365,00|360,00|2|17|6.165,00|
|09/05/2019|R|375,00|375,00|370,00|370,00|1|3|1.110,00|
|10/05/2019|R|375,00|375,00|365,00|365,00|1|12|4.380,00|
|13/05/2019|R|375,00|360,00|370,00|360,00|2|160|58.200,00|
|14/05/2019|R|360,00|360,00|360,00|355,00|2|12|4.270,00|
|15/05/2019|R|360,00|350,00|350,00|350,00|1|220|77.000,00|
|16/05/2019|R|350,00|325,00|339,00|324,00|3|163|53.752,00|
|17/05/2019|R|325,00|290,00|300,00|290,00|3|154|44.930,00|
|27/05/2019|R|233,00|200,00|250,00|200,00|7|12.815|2.568.000,00|
|28/05/2019|R|200,00|200,00|200,00|200,00|6|9.653|1.930.600,00|
|30/05/2019|R|200,00|215,00|239,97|200,00|5|14.197|3.039.774,59|
|31/05/2019|R|215,00|200,05|205,00|200,05|2|140|28.026,80|
|04/06/2019|R|200,05|220,00|220,00|220,00|2|5.000|1.100.000,00|
|05/06/2019|R|220,00|220,00|257,97|257,97|1|10|2.579,70|
|06/06/2019|R|220,00|215,00|215,00|200,00|4|616|132.230,00|
|07/06/2019|R|215,00|200,00|215,00|200,00|7|8.078|1.636.544,45|
|10/06/2019|R|200,00|220,00|220,00|220,00|1|1.000|220.000,00|
|11/06/2019|R|220,00|200,00|215,00|200,00|4|5.074|1.032.770,00|
|12/06/2019|R|200,00|196,00|196,00|195,00|8|8.189|1.603.908,00|
|13/06/2019|R|196,00|196,00|200,00|196,00|5|2.253|443.188,00|
|14/06/2019|R|196,00|196,00|196,00|196,00|3|5.797|1.136.212,00|
|18/06/2019|R|196,00|196,00|196,00|196,00|2|428|83.888,00|
|27/06/2019|R|196,00|235,19|235,19|220,00|5|10.535|2.325.645,00|
|28/06/2019|R|235,19|220,01|220,01|220,01|1|2.500|550.025,00|
|02/07/2019|R|220,01|260,00|260,00|256,00|3|5.776|1.501.552,00|
|03/07/2019|R|260,00|260,00|311,97|311,97|1|31|9.671,07|
|08/07/2019|R|260,00|260,00|300,00|260,00|2|13|3.780,00|
|11/07/2019|R|259,69|300,00|300,00|300,00|3|990|297.000,00|
|17/07/2019|R|300,00|301,00|301,00|301,00|2|600|180.600,00|
|22/07/2019|R|301,00|301,00|301,00|301,00|1|83|24.983,00|
|25/07/2019|R|301,00|360,00|360,00|360,00|1|500|180.000,00|
|26/07/2019|R|360,00|360,00|360,00|360,00|1|10|3.600,00|
|29/07/2019|R|360,00|400,00|400,00|400,00|1|500|200.000,00|
|08/08/2019|R|400,00|480,00|480,00|480,00|1|315|151.200,00|
|13/08/2019|R|480,00|550,00|550,00|550,00|1|190|104.500,00|
|16/08/2019|R|550,00|550,00|550,00|550,00|2|203|111.650,00|
|20/08/2019|R|550,00|550,00|550,00|550,00|2|68|37.400,00|
|21/08/2019|R|550,00|600,00|600,00|600,00|1|300|180.000,00|
|22/08/2019|R|600,00|680,00|680,00|680,00|2|407|276.760,00|
|23/08/2019|R|680,00|815,00|815,00|815,00|1|869|708.235,00|
|26/08/2019|R|815,00|975,00|975,00|975,00|2|44|42.900,00|
|27/08/2019|R|975,00|975,00|975,00|975,00|8|857|720.075,00|
|28/08/2019|R|975,00|975,00|975,00|975,00|3|201|195.975,00|
|29/08/2019|R|975,00|975,00|975,00|975,00|1|300|292.500,00|
|30/08/2019|R|975,00|1.000,00|1.000,00|1.000,00|2|302|302.000,00|
|05/09/2019|R|1.000,00|990,00|990,00|990,00|3|516|510.840,00|
|06/09/2019|R|990,00|1.000,00|1.000,00|1.000,00|2|57|57.000,00|
|10/09/2019|R|1.000,00|1.000,00|1.000,00|1.000,00|1|45|45.000,00|
|11/09/2019|R|1.000,00|1.050,00|1.050,00|1.050,00|1|43|45.150,00|
|12/09/2019|R|1.050,00|1.050,00|1.100,00|1.050,00|3|240|254.000,00|
|17/09/2019|R|1.050,00|1.050,00|1.050,00|1.050,00|4|901|946.050,00|
|24/09/2019|R|1.050,00|1.050,00|1.050,00|1.050,00|1|25|26.250,00|
|27/09/2019|R|1.050,00|1.045,00|1.045,00|1.045,00|2|92|96.140,00|
|03/10/2019|R|1.045,00|1.000,00|1.000,00|1.000,00|2|40|40.000,00|
|04/10/2019|R|1.000,00|999,99|999,99|999,99|2|371|370.996,29|
|07/10/2019|R|999,99|1.000,00|1.000,00|960,00|2|34|33.400,00|
|08/10/2019|R|1.000,00|1.000,00|960,00|960,00|1|23|22.080,00|
|09/10/2019|R|1.000,00|1.000,00|970,00|970,00|1|2|1.940,00|
|11/10/2019|R|1.000,00|801,00|801,00|801,00|1|145|116.145,00|
|18/10/2019|R|801,00|950,00|950,00|950,00|2|84|79.800,00|
|23/10/2019|R|950,00|950,00|985,00|985,00|1|24|23.640,00|
|24/10/2019|R|950,00|920,00|920,00|920,00|3|58|53.360,00|
|25/10/2019|R|920,00|921,00|921,00|921,00|1|100|92.100,00|
|28/10/2019|R|921,00|1.000,00|1.000,00|1.000,00|1|150|150.000,00|
|29/10/2019|R|1.000,00|980,00|980,00|980,00|1|110|107.800,00|
|30/10/2019|R|980,00|960,00|1.000,00|960,00|3|351|344.920,00|
|01/11/2019|R|960,00|985,00|985,00|960,00|3|34|33.415,00|
|05/11/2019|R|985,00|985,00|950,00|950,00|1|30|28.500,00|
|07/11/2019|R|985,00|985,00|0,00|0,00|1|100|97.500,00|
|08/11/2019|R|985,00|985,00|985,00|985,00|2|401|394.985,00|
|13/11/2019|R|985,00|985,00|0,00|0,00|1|4.351|4.699.080,00|
|19/11/2019|R|985,00|1.100,00|1.100,00|1.000,00|4|741|804.365,00|
|20/11/2019|R|1.100,00|1.100,00|1.100,00|1.100,00|3|296|325.600,00|
|22/11/2019|R|1.100,00|1.300,00|1.300,00|1.300,00|3|261|339.300,00|
|26/11/2019|R|1.300,00|1.559,97|1.559,97|1.559,97|1|106|165.356,82|
|02/12/2019|R|1.559,97|1.600,00|1.600,00|1.600,00|3|316|505.600,00|
|06/12/2019|R|1.600,00|1.550,00|1.550,00|1.550,00|2|1.114|1.726.700,00|
|09/12/2019|R|1.550,00|1.550,00|1.500,00|1.500,00|1|5|7.500,00|
|13/12/2019|R|1.550,00|1.450,00|1.450,00|1.450,00|1|23|33.350,00|
|18/12/2019|R|1.450,00|1.400,00|1.450,00|1.400,00|2|220|318.000,00|
|19/12/2019|R|1.400,00|1.400,00|1.400,00|1.400,00|2|125|175.000,00|
|20/12/2019|R|1.400,00|1.400,00|1.400,00|1.400,00|2|4.675|6.545.000,00|
|23/12/2019|R|1.400,00|1.400,00|1.400,00|1.400,00|1|15|21.000,00|
|26/12/2019|R|1.400,00|1.600,00|1.600,00|1.600,00|2|68|108.800,00|
|27/12/2019|R|1.600,00|1.600,00|1.600,00|1.600,00|1|1.200|1.920.000,00|
|07/01/2020|R|1.600,00|1.600,00|1.600,01|1.600,01|1|4|6.400,04|
|08/01/2020|R|1.600,00|1.919,97|1.919,97|1.919,97|2|30|57.599,10|
|09/01/2020|R|1.919,97|2.303,95|2.303,95|2.303,95|3|39|89.854,05|
|10/01/2020|R|2.303,95|2.764,50|2.764,50|2.764,50|1|72|199.044,00|
|13/01/2020|R|2.764,50|2.300,00|2.300,00|2.300,00|1|500|1.150.000,00|
|14/01/2020|R|2.300,00|2.759,00|2.759,00|2.759,00|3|134|369.706,00|
|15/01/2020|R|2.759,00|2.300,00|2.300,00|2.300,00|1|2.500|5.750.000,00|
|17/01/2020|R|2.300,00|2.300,00|2.500,00|2.500,00|1|11|27.500,00|
|21/01/2020|R|2.300,00|2.750,00|2.750,00|2.750,00|2|18|49.500,00|
|22/01/2020|R|2.750,00|2.750,00|2.750,00|2.750,00|2|503|1.383.250,00|
|23/01/2020|R|2.750,00|2.750,00|2.700,00|2.700,00|1|10|27.000,00|
|24/01/2020|R|2.750,00|2.750,00|2.750,00|2.750,00|1|7|19.250,00|
|27/01/2020|R|2.750,00|3.000,00|3.000,00|3.000,00|2|105|315.000,00|
|29/01/2020|R|3.000,00|2.400,01|3.599,99|2.400,01|2|24|69.600,04|
|31/01/2020|R|2.400,01|2.500,00|2.500,00|2.500,00|1|83|207.500,00|
|03/02/2020|R|2.500,00|2.500,00|2.500,00|2.500,00|1|715|1.787.500,00|
|04/02/2020|R|2.500,00|2.999,99|2.999,99|2.999,99|1|56|167.999,44|
|17/02/2020|R|290,00|2.900,00|2.900,00|2.900,00|1|19|55.100,00|
|18/02/2020|R|2.900,00|2.999,00|2.999,00|2.350,00|5|407|1.025.893,00|
|26/02/2020|R|2.600,00|2.700,00|2.700,00|2.700,00|1|500|1.350.000,00|
|27/02/2020|R|2.700,00|2.500,00|2.800,00|2.500,00|2|26|65.300,00|
|28/02/2020|R|2.500,00|2.500,00|2.999,99|2.999,99|1|5|14.999,95|
|02/03/2020|R|2.500,00|2.999,00|2.999,00|2.999,00|1|15|44.985,00|
|04/03/2020|R|2.999,00|2.999,00|2.999,00|2.999,00|1|120|359.880,00|
|06/03/2020|R|2.999,00|2.999,00|2.999,00|2.999,00|2|467|1.400.533,00|
|11/03/2020|R|2.999,00|2.900,00|2.900,00|2.900,00|1|421|1.220.900,00|
|23/03/2020|R|2.900,00|2.950,00|2.950,00|2.950,00|1|22|64.900,00|
|25/03/2020|R|2.950,00|2.900,00|2.900,00|2.900,00|1|47|136.300,00|
|27/03/2020|R|2.900,00|3.000,00|3.000,00|3.000,00|1|90|270.000,00|
|02/04/2020|R|3.000,00|3.474,00|3.474,00|3.474,00|1|55|191.070,00|
|03/04/2020|R|3.474,00|3.474,00|3.474,00|3.474,00|3|45|156.330,00|
|08/04/2020|R|3.474,00|4.000,00|4.000,00|4.000,00|1|250|1.000.000,00|
|15/04/2020|R|4.000,00|4.500,00|4.500,00|4.500,00|1|20|90.000,00|
|17/04/2020|R|4.500,00|3.998,00|4.000,00|3.997,00|4|395|1.579.790,00|
|20/04/2020|R|3.998,00|3.250,00|3.995,00|3.250,00|3|437|1.443.345,00|
|21/04/2020|R|3.250,00|3.300,00|3.300,00|3.300,00|3|904|2.983.200,00|
|22/04/2020|R|3.300,00|3.960,00|3.960,00|3.960,00|1|2.000|7.920.000,00|
|23/04/2020|R|3.960,00|4.751,00|4.751,00|4.751,00|2|38|180.538,00|
|27/04/2020|R|4.751,00|4.800,00|4.800,00|4.800,00|2|180|864.000,00|
|30/04/2020|R|4.800,00|4.800,00|5.759,97|5.759,97|1|3|17.279,91|
|06/05/2020|R|4.800,00|4.800,00|4.800,00|4.800,00|3|110|528.000,00|
|07/05/2020|R|4.800,00|5.000,00|5.000,00|5.000,00|3|605|3.025.000,00|
|08/05/2020|R|5.000,00|6.000,00|6.000,00|5.999,98|4|158|947.998,00|
|11/05/2020|R|6.000,00|6.100,00|6.100,00|6.100,00|1|28|170.800,00|
|13/05/2020|R|6.100,00|6.200,00|6.200,00|6.200,00|1|307|1.903.400,00|
|14/05/2020|R|6.200,00|6.200,00|0,00|0,00|1|30|180.000,00|
|15/05/2020|R|6.200,00|5.000,00|6.098,00|5.000,00|5|616|3.207.568,00|
|18/05/2020|R|5.000,00|5.000,00|5.000,00|5.000,00|1|200|1.000.000,00|
|21/05/2020|R|5.000,00|5.000,00|5.000,00|5.000,00|1|519|2.595.000,00|
|22/05/2020|R|5.000,00|5.200,00|5.200,00|5.200,00|1|296|1.539.200,00|
|26/05/2020|R|5.200,00|6.000,00|6.000,00|6.000,00|3|492|2.952.000,00|
|27/05/2020|R|6.000,00|7.000,00|7.000,00|7.000,00|1|27|189.000,00|
|28/05/2020|R|7.000,00|5.601,00|5.601,00|5.601,00|1|100|560.100,00|
|29/05/2020|R|5.601,00|6.100,00|6.100,00|6.000,00|2|25|151.000,00|
|04/06/2020|R|6.100,00|7.320,00|7.320,00|7.320,00|3|115|841.800,00|
|08/06/2020|R|7.320,00|6.000,00|7.320,00|6.000,00|5|860|5.904.120,00|
|09/06/2020|R|6.000,00|5.000,00|5.000,00|5.000,00|1|79|395.000,00|
|10/06/2020|R|5.000,00|6.000,00|6.000,00|6.000,00|1|27|162.000,00|
|12/06/2020|R|6.000,00|7.000,00|7.000,00|7.000,00|1|42|294.000,00|
|16/06/2020|R|7.000,00|6.500,00|6.500,00|5.700,00|6|1.935|11.509.372,00|
|17/06/2020|R|6.500,00|6.500,00|6.501,00|6.500,00|3|262|1.703.227,00|
|18/06/2020|R|6.500,00|6.500,00|6.500,00|6.500,00|2|281|1.826.500,00|
|19/06/2020|R|6.500,00|6.300,00|6.300,00|6.300,00|1|270|1.701.000,00|
|23/06/2020|R|6.300,00|6.000,00|6.300,00|6.000,00|2|500|3.000.600,00|
|25/06/2020|R|6.000,00|6.000,00|6.000,00|6.000,00|1|18|108.000,00|
|26/06/2020|R|6.000,00|6.000,00|6.000,00|6.000,00|1|10|60.000,00|
|01/07/2020|R|6.000,00|5.300,00|6.000,00|5.300,00|3|729|4.076.000,00|
|03/07/2020|R|5.300,00|5.300,00|5.300,00|5.300,00|2|48|254.400,00|
|06/07/2020|R|5.300,00|5.200,00|5.200,00|5.200,00|3|180|936.000,00|
|13/07/2020|R|5.200,00|5.200,00|5.300,00|5.300,00|3|31|164.300,00|
|14/07/2020|R|5.200,00|5.200,00|6.000,00|6.000,00|1|23|138.000,00|
|15/07/2020|R|5.200,00|6.000,00|6.000,00|6.000,00|1|200|1.200.000,00|
|16/07/2020|R|6.000,00|6.000,00|7.199,00|7.199,00|1|20|143.980,00|
|20/07/2020|R|6.000,00|6.000,00|6.999,00|6.999,00|2|17|118.983,00|
|23/07/2020|R|6.000,00|7.000,00|7.000,00|7.000,00|1|50|350.000,00|
|29/07/2020|R|7.000,00|7.000,00|7.000,00|7.000,00|1|4|28.000,00|
|30/07/2020|R|7.000,00|7.000,00|7.000,00|7.000,00|2|2.862|20.034.000,00|
|31/07/2020|R|7.000,00|8.000,00|8.000,00|8.000,00|2|219|1.752.000,00|
|03/08/2020|R|8.000,00|9.000,00|9.000,00|8.000,00|5|150|1.317.968,00|
|04/08/2020|R|9.000,00|9.000,00|9.000,00|9.000,00|4|242|2.178.000,00|
|05/08/2020|R|9.000,00|9.000,00|9.500,00|9.500,00|1|9|85.500,00|
|06/08/2020|R|9.000,00|10.000,00|10.000,00|10.000,00|3|34|340.000,00|
|07/08/2020|R|10.000,00|10.000,00|10.000,00|10.000,00|1|450|4.500.000,00|
|10/08/2020|R|10.000,00|10.000,00|11.000,00|10.000,00|2|61|614.000,00|
|12/08/2020|R|10.000,00|10.000,00|10.000,00|10.000,00|2|110|1.100.000,00|
|13/08/2020|R|10.000,00|10.000,00|9.900,00|9.900,00|3|511|5.108.900,00|
|14/08/2020|R|10.000,00|9.000,00|10.000,00|9.000,00|4|365|3.445.000,00|
|17/08/2020|R|9.000,00|9.500,00|10.000,00|9.000,00|10|4.543|40.900.510,00|
|18/08/2020|R|9.500,00|10.000,00|10.000,00|10.000,00|1|455|4.550.000,00|
|19/08/2020|R|10.000,00|10.000,00|10.000,00|10.000,00|1|10|100.000,00|
|20/08/2020|R|10.000,00|10.000,00|10.000,00|10.000,00|1|83|830.000,00|
|24/08/2020|R|10.000,00|11.000,00|11.000,00|11.000,00|3|653|7.183.000,00|
|26/08/2020|R|11.000,00|11.500,00|11.500,00|11.500,00|1|33|379.500,00|
|27/08/2020|R|11.500,00|10.000,00|10.000,00|10.000,00|2|20|200.000,00|
|28/08/2020|R|10.000,00|10.000,00|10.000,00|10.000,00|2|133|1.330.000,00|
|31/08/2020|R|10.000,00|10.000,00|10.000,00|10.000,00|2|82|820.000,00|
|01/09/2020|R|10.000,00|10.000,00|10.000,00|10.000,00|1|5|50.000,00|
|02/09/2020|R|10.000,00|10.000,00|10.000,00|10.000,00|4|504|5.040.000,00|
|04/09/2020|R|10.000,00|10.000,00|10.000,00|10.000,00|4|215|2.159.000,00|
|07/09/2020|R|10.000,00|9.999,00|9.999,00|9.999,00|2|55|549.945,00|
|08/09/2020|R|9.999,00|9.999,00|9.999,00|9.000,00|6|2.108|20.034.480,00|
|10/09/2020|R|9.999,00|9.999,00|9.999,00|9.999,00|3|99|989.901,00|
|11/09/2020|R|9.999,00|9.999,00|10.000,00|9.999,00|2|49|489.970,00|
|16/09/2020|R|9.999,00|9.999,00|11.998,79|11.998,79|1|12|143.985,48|
|18/09/2020|R|9.999,00|11.000,00|11.998,00|11.000,00|4|689|7.603.950,00|
|21/09/2020|R|11.000,00|11.000,00|0,00|0,00|1|9|99.000,00|
|22/09/2020|R|11.000,00|11.000,00|11.000,00|11.000,00|2|170|1.870.000,00|
|24/09/2020|R|11.000,00|11.000,00|11.000,00|11.000,00|2|188|2.068.000,00|
|25/09/2020|R|11.000,00|11.000,00|11.500,00|11.000,00|2|616|6.784.000,00|
|29/09/2020|R|11.000,00|11.000,00|11.000,00|11.000,00|2|39|429.000,00|
|01/10/2020|R|11.000,00|11.000,00|11.500,00|11.500,00|1|9|103.500,00|
|06/10/2020|R|11.000,00|11.000,00|11.000,00|11.000,00|1|31|341.000,00|
|07/10/2020|R|11.000,00|10.000,00|10.000,00|10.000,00|1|100|1.000.000,00|
|08/10/2020|R|10.000,00|11.950,00|11.950,00|11.950,00|1|350|4.182.500,00|
|14/10/2020|R|11.950,00|14.250,00|14.250,00|14.250,00|2|55|783.750,00|
|15/10/2020|R|14.250,00|14.000,00|14.000,00|14.000,00|1|22|308.000,00|
|16/10/2020|R|14.000,00|14.250,00|14.250,00|14.250,00|1|100|1.425.000,00|
|20/10/2020|R|14.250,00|14.000,00|14.000,00|14.000,00|1|663|9.282.000,00|
|21/10/2020|R|14.000,00|14.000,00|14.000,00|14.000,00|2|105|1.470.000,00|
|23/10/2020|R|14.000,00|14.000,00|14.000,00|14.000,00|2|50|700.000,00|
|29/10/2020|R|14.000,00|14.000,00|14.000,00|14.000,00|1|300|4.200.000,00|
|30/10/2020|R|14.000,00|15.100,00|15.100,00|15.000,00|2|665|10.040.000,00|
|04/11/2020|R|15.100,00|15.100,00|0,00|0,00|1|9|135.900,00|
|06/11/2020|R|15.100,00|16.000,00|16.000,00|15.100,00|4|438|6.683.100,00|
|09/11/2020|R|16.000,00|16.000,00|16.000,00|16.000,00|1|1.157|18.512.000,00|
|11/11/2020|R|16.000,00|17.000,00|17.000,00|17.000,00|2|610|10.370.000,00|
|17/11/2020|R|17.000,00|19.000,00|19.000,00|19.000,00|1|20|380.000,00|
|18/11/2020|R|19.000,00|19.000,00|20.000,00|19.000,00|3|564|10.739.000,00|
|20/11/2020|R|19.000,00|20.000,00|20.000,00|20.000,00|2|182|3.640.000,00|
|25/11/2020|R|20.000,00|20.700,00|20.700,00|20.700,00|1|280|5.796.000,00|
|30/11/2020|R|20.700,00|23.000,00|23.000,00|23.000,00|1|100|2.300.000,00|
|01/12/2020|R|23.000,00|27.500,00|27.500,00|27.500,00|5|425|11.687.500,00|
|02/12/2020|R|27.500,00|33.000,00|33.000,00|30.000,00|3|25|810.000,00|
|10/12/2020|R|33.000,00|39.590,00|39.590,00|39.590,00|6|100|3.959.000,00|
|11/12/2020|R|39.590,00|40.000,00|40.000,00|40.000,00|2|9|360.000,00|
|15/12/2020|R|40.000,00|40.000,00|40.000,00|40.000,00|2|500|20.000.000,00|
|18/12/2020|R|40.000,00|40.000,00|40.000,00|40.000,00|1|85|3.400.000,00|
|23/12/2020|R|40.000,00|40.000,00|40.000,00|40.000,00|1|572|22.880.000,00|
|29/12/2020|R|40.000,00|40.000,00|45.000,00|40.000,00|3|50|2.100.000,00|
|30/12/2020|R|40.000,00|46.000,00|46.000,00|46.000,00|1|23|1.058.000,00|
|04/01/2021|R|46.000,00|47.000,00|47.000,00|47.000,00|2|416|19.552.000,00|
|05/01/2021|R|47.000,00|42.000,00|42.000,00|42.000,00|2|121|5.082.000,00|
|08/01/2021|R|42.000,00|50.400,00|50.400,00|47.000,00|5|506|23.952.000,00|
|12/01/2021|R|50.400,00|60.470,00|60.470,00|60.470,00|2|1.002|60.590.940,00|
|13/01/2021|R|60.470,00|60.470,00|60.470,00|60.470,00|1|30|1.814.100,00|
|14/01/2021|R|60.470,00|68.000,00|72.550,00|68.000,00|3|575|39.332.050,00|
|19/01/2021|R|68.000,00|68.000,00|68.000,00|68.000,00|3|787|53.516.000,00|
|22/01/2021|R|68.000,00|81.500,00|81.500,00|81.500,00|1|6|489.000,00|
|29/01/2021|R|81.500,00|89.650,00|89.650,00|89.650,00|1|4|358.600,00|
|02/02/2021|R|89.650,00|90.000,00|90.000,00|90.000,00|1|21|1.890.000,00|
|03/02/2021|R|90.000,00|94.990,00|97.500,00|94.990,00|3|55|5.339.910,00|
|04/02/2021|R|94.990,00|94.990,00|95.000,00|95.000,00|1|10|950.000,00|
|05/02/2021|R|94.990,00|90.000,00|90.000,00|90.000,00|1|665|59.850.000,00|
|08/02/2021|R|90.000,00|97.500,00|97.500,00|85.000,00|7|918|78.967.500,00|
|10/02/2021|R|97.500,00|85.000,00|85.000,00|85.000,00|2|74|6.290.000,00|
|11/02/2021|R|85.000,00|72.000,00|85.000,00|72.000,00|3|1.810|138.745.000,00|
|17/02/2021|R|72.000,00|72.000,00|72.000,00|72.000,00|1|126|9.072.000,00|
|18/02/2021|R|72.000,00|72.000,00|86.400,00|86.400,00|1|3|259.200,00|
|23/02/2021|R|72.000,00|83.000,00|83.000,00|83.000,00|1|341|28.303.000,00|
|24/02/2021|R|83.000,00|83.000,00|99.500,00|99.500,00|1|1|99.500,00|
|02/03/2021|R|83.000,00|83.100,00|83.100,00|83.100,00|2|279|23.184.900,00|
|04/03/2021|R|83.100,00|83.000,00|83.000,00|83.000,00|1|538|44.654.000,00|
|05/03/2021|R|83.000,00|99.600,00|99.600,00|99.600,00|3|35|3.486.000,00|
|08/03/2021|R|99.600,00|95.000,00|95.000,00|95.000,00|2|532|50.540.000,00|
|09/03/2021|R|95.000,00|95.000,00|95.000,00|95.000,00|1|80|7.600.000,00|
|10/03/2021|R|95.000,00|95.000,00|95.000,00|95.000,00|1|10|950.000,00|
|11/03/2021|R|95.000,00|95.000,00|95.000,00|95.000,00|1|523|49.685.000,00|
|12/03/2021|R|95.000,00|95.000,00|95.000,00|95.000,00|1|616|58.520.000,00|
|15/03/2021|R|95.000,00|95.000,00|0,00|0,00|1|100|9.960.000,00|
|16/03/2021|R|95.000,00|96.000,00|99.600,00|96.000,00|2|361|34.728.000,00|
|17/03/2021|R|96.000,00|115.200,00|115.200,00|115.200,00|2|65|7.488.000,00|
|18/03/2021|R|115.200,00|115.200,00|115.200,00|115.200,00|1|37|4.262.400,00|
|22/03/2021|R|115.200,00|115.000,00|115.200,00|115.000,00|3|367|42.245.000,00|
|23/03/2021|R|115.000,00|115.200,00|115.200,00|115.200,00|2|170|19.584.000,00|
|24/03/2021|R|115.200,00|115.200,00|115.000,00|115.000,00|1|5|575.000,00|
|26/03/2021|R|115.200,00|115.200,00|115.200,00|115.200,00|2|129|14.860.800,00|
|31/03/2021|R|115.200,00|138.240,00|138.240,00|138.240,00|1|40|5.529.600,00|
|05/04/2021|R|138.240,00|135.000,00|135.000,00|135.000,00|3|17|2.295.000,00|
|08/04/2021|R|135.000,00|165.000,00|165.000,00|162.000,00|2|41|6.699.000,00|
|09/04/2021|R|165.000,00|190.000,00|190.000,00|190.000,00|2|202|38.380.000,00|
|12/04/2021|R|190.000,00|228.000,00|228.000,00|190.000,00|4|2.037|387.258.000,00|
|13/04/2021|R|228.000,00|270.000,00|273.590,00|255.000,00|4|1.979|505.368.590,00|
|14/04/2021|R|270.000,00|301.000,00|323.980,00|270.000,00|8|1.401|384.376.340,00|
|15/04/2021|R|301.000,00|359.990,00|359.990,00|320.000,00|4|633|202.879.920,00|
|20/04/2021|R|359.990,00|359.990,00|430.000,00|430.000,00|1|2|860.000,00|
|21/04/2021|R|359.990,00|360.000,00|370.000,00|360.000,00|3|49|17.690.000,00|
|22/04/2021|R|360.000,00|359.990,00|400.000,00|359.990,00|7|398|143.924.220,00|
|23/04/2021|R|359.990,00|360.000,00|360.000,00|360.000,00|2|320|121.200.000,00|
|26/04/2021|R|360.000,00|360.000,00|380.000,00|380.000,00|1|3|1.140.000,00|
|27/04/2021|R|360.000,00|360.000,00|360.000,00|360.000,00|1|1|360.000,00|
|28/04/2021|R|360.000,00|360.000,00|360.000,00|360.000,00|6|113|40.680.000,00|
|29/04/2021|R|360.000,00|380.000,00|380.000,00|380.000,00|2|195|74.100.000,00|
|03/05/2021|R|380.000,00|380.000,00|380.000,00|380.000,00|1|65|24.700.000,00|
|04/05/2021|R|380.000,00|380.000,00|380.000,00|380.000,00|4|5.051|1.919.380.000,00|
|05/05/2021|R|380.000,00|380.000,00|400.000,00|380.000,00|5|377|143.520.000,00|
|06/05/2021|R|380.000,00|380.000,00|390.000,00|380.000,00|7|697|265.360.000,00|
|07/05/2021|R|380.000,00|380.000,00|380.000,00|380.000,00|6|391|148.580.000,00|
|10/05/2021|R|380.000,00|350.000,00|380.000,00|350.000,00|4|268|93.950.000,00|
|11/05/2021|R|350.000,00|345.000,00|350.000,00|340.000,00|7|240|83.773.150,00|
|12/05/2021|R|345.000,00|370.000,00|370.000,00|370.000,00|3|44|16.280.000,00|
|13/05/2021|R|370.000,00|369.000,00|370.000,00|369.000,00|3|400|147.900.000,00|
|14/05/2021|R|369.000,00|296.010,00|369.990,00|296.010,00|3|319|97.662.600,00|
|17/05/2021|R|296.010,00|300.000,00|300.000,00|295.000,00|8|3.474|1.040.195.000,00|
|18/05/2021|R|300.000,00|350.000,00|350.000,00|350.000,00|1|40|14.000.000,00|
|19/05/2021|R|350.000,00|350.000,00|350.000,00|350.000,00|3|15|5.250.000,00|
|20/05/2021|R|350.000,00|349.990,00|350.000,00|349.990,00|2|34|11.899.810,00|
|21/05/2021|R|349.990,00|339.990,00|339.990,00|339.990,00|1|34|11.559.660,00|
|25/05/2021|R|339.990,00|339.990,00|339.990,00|339.990,00|2|340|115.596.600,00|
|26/05/2021|R|339.990,00|347.000,00|347.000,00|339.990,00|4|782|271.318.950,00|
|27/05/2021|R|347.000,00|344.000,00|345.000,00|344.000,00|3|120|41.365.000,00|
|28/05/2021|R|344.000,00|344.000,00|329.990,00|329.990,00|1|6|1.979.940,00|
|31/05/2021|R|344.000,00|329.990,00|329.990,00|329.990,00|1|20|6.599.800,00|
|01/06/2021|R|329.990,00|300.000,00|300.000,00|300.000,00|1|50|15.000.000,00|
|03/06/2021|R|300.000,00|300.000,00|300.000,00|300.000,00|4|527|158.100.000,00|
|04/06/2021|R|300.000,00|300.000,00|300.000,00|300.000,00|2|89|26.700.000,00|
|07/06/2021|R|300.000,00|340.000,00|349.000,00|340.000,00|3|281|95.567.000,00|
|08/06/2021|R|340.000,00|338.000,00|338.000,00|338.000,00|1|9|3.042.000,00|
|09/06/2021|R|338.000,00|330.000,00|330.000,00|330.000,00|2|101|33.330.000,00|
|10/06/2021|R|330.000,00|329.990,00|329.990,00|329.990,00|1|10|3.299.900,00|
|15/06/2021|R|329.990,00|329.990,00|329.750,00|329.750,00|1|3|989.250,00|
|16/06/2021|R|329.990,00|300.000,00|329.740,00|300.000,00|3|1.526|458.721.940,00|
|21/06/2021|R|300.000,00|320.000,00|320.000,00|320.000,00|1|15|4.800.000,00|
|22/06/2021|R|320.000,00|320.000,00|320.000,00|320.000,00|6|262|83.840.000,00|
|29/06/2021|R|320.000,00|319.000,00|319.990,00|319.000,00|8|694|221.437.480,00|
|30/06/2021|R|319.000,00|319.000,00|319.000,00|319.000,00|4|27|8.613.000,00|
|01/07/2021|R|319.000,00|318.000,00|318.000,00|318.000,00|2|12|3.816.000,00|
|02/07/2021|R|318.000,00|318.000,00|318.000,00|318.000,00|1|10|3.180.000,00|
|06/07/2021|R|318.000,00|317.900,00|317.900,00|317.900,00|1|30|9.537.000,00|
|07/07/2021|R|317.900,00|315.000,00|315.000,00|315.000,00|4|131|41.265.000,00|
|08/07/2021|R|315.000,00|310.000,00|314.990,00|300.000,00|4|403|121.444.970,00|
|09/07/2021|R|310.000,00|300.000,00|310.000,00|300.000,00|5|350|107.500.000,00|
|12/07/2021|R|300.000,00|300.000,00|300.000,00|300.000,00|5|233|69.900.000,00|
|14/07/2021|R|300.000,00|300.000,00|300.000,00|300.000,00|3|19|5.700.000,00|
|15/07/2021|R|300.000,00|300.000,00|349.000,00|300.000,00|2|3|998.000,00|
|16/07/2021|R|300.000,00|300.000,00|324.990,00|300.000,00|2|164|49.349.940,00|
|22/07/2021|R|300.000,00|359.000,00|359.000,00|359.000,00|2|60|21.540.000,00|
|23/07/2021|R|359.000,00|359.000,00|359.000,00|300.000,00|2|5|1.559.000,00|
|26/07/2021|R|359.000,00|345.000,00|345.000,00|300.000,00|4|213|66.195.000,00|
|27/07/2021|R|345.000,00|345.000,00|345.000,00|345.000,00|2|590|203.550.000,00|
|28/07/2021|R|345.000,00|345.000,00|345.000,00|345.000,00|1|300|103.500.000,00|
|29/07/2021|R|345.000,00|276.010,00|345.000,00|276.010,00|2|140|45.540.400,00|
|02/08/2021|R|276.010,00|331.210,00|331.210,00|331.210,00|1|15|4.968.150,00|
|03/08/2021|R|331.210,00|350.000,00|370.000,00|350.000,00|6|132|47.800.000,00|
|06/08/2021|R|350.000,00|350.000,00|349.990,00|349.990,00|1|2|699.980,00|
|09/08/2021|R|350.000,00|419.900,00|419.900,00|419.900,00|1|8|3.359.200,00|
|10/08/2021|R|419.900,00|336.000,00|349.990,00|336.000,00|4|389|130.899.860,00|
|12/08/2021|R|336.000,00|336.000,00|349.990,00|349.990,00|1|3|1.049.970,00|
|13/08/2021|R|336.000,00|336.000,00|344.990,00|344.990,00|1|5|1.724.950,00|
|18/08/2021|R|336.000,00|344.990,00|344.990,00|344.990,00|6|243|83.832.570,00|
|19/08/2021|R|344.990,00|344.980,00|344.990,00|344.980,00|5|530|182.841.670,00|
|20/08/2021|R|344.980,00|344.940,00|344.980,00|344.940,00|3|317|109.346.210,00|
|23/08/2021|R|344.940,00|349.000,00|349.980,00|348.000,00|3|941|327.910.980,00|
|24/08/2021|R|349.000,00|349.000,00|349.000,00|349.000,00|2|420|146.580.000,00|
|25/08/2021|R|349.000,00|350.000,00|395.000,00|350.000,00|5|229|80.330.000,00|
|26/08/2021|R|350.000,00|350.000,00|418.000,00|350.000,00|4|111|38.986.000,00|
|27/08/2021|R|350.000,00|380.000,00|380.000,00|380.000,00|1|7|2.660.000,00|
|30/08/2021|R|380.000,00|380.000,00|380.000,00|380.000,00|3|86|31.940.000,00|
|31/08/2021|R|380.000,00|380.000,00|399.000,00|380.000,00|3|1.229|467.077.000,00|
|01/09/2021|R|380.000,00|380.000,00|380.000,00|380.000,00|2|30|11.400.000,00|
|02/09/2021|R|380.000,00|380.000,00|380.000,00|380.000,00|4|31|11.780.000,00|
|03/09/2021|R|380.000,00|380.000,00|380.000,00|380.000,00|3|359|136.420.000,00|
|06/09/2021|R|380.000,00|378.000,00|380.000,00|378.000,00|2|11|4.166.000,00|
|08/09/2021|R|378.000,00|378.000,00|378.000,00|368.000,00|4|350|132.190.000,00|
|09/09/2021|R|378.000,00|379.000,00|380.000,00|379.000,00|3|25|9.477.000,00|
|10/09/2021|R|379.000,00|379.000,00|380.000,00|379.000,00|5|161|61.023.000,00|






























 
































