

|30/01/2020|R|25.650,00|35.000,00|35.000,00|31.500,00|5|142|4.805.500,00|
|31/01/2020|R|35.000,00|36.000,00|38.000,00|36.000,00|7|123|4.510.400,00|
|03/02/2020|R|36.000,00|37.500,00|37.500,00|37.500,00|1|10|375.000,00|
|04/02/2020|R|37.500,00|37.000,00|37.000,00|37.000,00|1|3|111.000,00|
|05/02/2020|R|37.000,00|37.600,00|37.600,00|37.500,00|2|41|1.541.500,00|
|06/02/2020|R|37.600,00|37.000,00|37.000,00|37.000,00|2|22|814.000,00|
|07/02/2020|R|37.000,00|37.000,00|40.000,00|37.000,00|2|23|911.000,00|
|10/02/2020|R|37.000,00|37.000,00|37.000,00|37.000,00|5|162|5.994.000,00|
|11/02/2020|R|37.000,00|37.000,00|37.500,00|37.000,00|11|1.945|72.926.000,00|
|12/02/2020|R|37.000,00|37.000,00|37.000,00|36.000,00|6|185|6.745.000,00|
|17/02/2020|R|37.000,00|37.000,00|37.000,00|37.000,00|1|2|74.000,00|
|18/02/2020|R|37.000,00|36.000,00|37.000,00|36.000,00|5|82|3.026.000,00|
|19/02/2020|R|36.000,00|36.000,00|0,00|0,00|2|280.000|10.360.000.000,00|
|26/02/2020|R|36.000,00|32.000,00|34.000,00|32.000,00|8|214|6.856.000,00|
|27/02/2020|R|32.000,00|30.000,00|32.000,00|30.000,00|4|250|7.512.000,00|
|28/02/2020|R|30.000,00|31.000,00|32.000,00|31.000,00|6|126|3.912.000,00|
|02/03/2020|R|31.000,00|31.000,00|29.999,00|29.999,00|1|1|29.999,00|
|03/03/2020|R|31.000,00|29.501,00|30.500,00|26.000,00|13|579|17.090.704,00|
|05/03/2020|R|29.501,00|29.000,00|30.000,00|29.000,00|9|3.000|87.108.691,00|
|06/03/2020|R|29.000,00|29.000,00|29.000,00|29.000,00|3|90|2.610.000,00|
|09/03/2020|R|29.000,00|30.000,00|30.000,00|30.000,00|2|9|270.000,00|
|10/03/2020|R|30.000,00|30.000,00|30.000,00|30.000,00|2|67|2.010.000,00|
|11/03/2020|R|30.000,00|30.000,00|30.000,00|30.000,00|5|121|3.630.000,00|
|12/03/2020|R|30.000,00|30.000,00|30.000,00|30.000,00|2|10|300.000,00|
|13/03/2020|R|30.000,00|30.000,00|30.000,00|30.000,00|6|75|2.250.000,00|
|20/03/2020|R|30.000,00|29.650,00|29.650,00|29.650,00|1|6|177.900,00|
|23/03/2020|R|29.650,00|27.500,00|27.500,00|27.500,00|4|279|7.674.000,00|
|25/03/2020|R|27.500,00|27.000,00|27.500,00|25.500,00|7|30.983|820.396.000,00|
|26/03/2020|R|27.000,00|26.999,99|27.000,00|26.999,99|2|35|944.999,75|
|27/03/2020|R|26.999,99|26.500,00|26.500,00|26.500,00|3|21|556.500,00|
|30/03/2020|R|26.500,00|27.000,00|27.000,00|25.000,00|4|252|6.404.000,00|
|31/03/2020|R|27.000,00|27.000,00|27.000,00|27.000,00|2|33|891.000,00|
|01/04/2020|R|27.000,00|26.500,00|27.000,00|26.500,00|3|551|14.605.500,00|
|02/04/2020|R|26.500,00|30.001,00|30.001,00|27.000,00|9|1.340|38.937.215,00|
|03/04/2020|R|30.001,00|36.000,00|36.000,00|33.000,00|8|1.691|55.974.000,00|
|06/04/2020|R|36.000,00|42.995,00|42.995,00|37.000,00|4|334|12.507.975,00|
|07/04/2020|R|42.995,00|45.000,00|45.000,00|43.000,00|8|1.551|67.415.000,00|
|08/04/2020|R|45.000,00|49.995,00|49.995,00|47.000,00|4|155|7.299.975,00|
|13/04/2020|R|49.995,00|55.000,00|55.000,00|55.000,00|5|508|27.940.000,00|
|14/04/2020|R|55.000,00|56.500,00|65.000,00|56.500,00|5|554|32.082.550,00|
|15/04/2020|R|56.500,00|56.500,00|56.500,00|56.500,00|2|19|1.073.500,00|
|16/04/2020|R|56.500,00|50.000,00|50.000,00|50.000,00|5|583|29.148.800,00|
|17/04/2020|R|50.000,00|49.995,00|50.000,00|49.995,00|2|4|199.990,00|
|20/04/2020|R|49.995,00|50.000,00|52.000,00|48.000,00|4|20|994.000,00|
|21/04/2020|R|50.000,00|51.995,00|51.995,00|50.000,00|6|1.143|58.649.255,00|
|22/04/2020|R|51.995,00|51.000,00|51.500,00|51.000,00|15|1.002|51.501.250,00|
|23/04/2020|R|51.000,00|54.995,00|54.995,00|54.995,00|2|7|384.965,00|
|24/04/2020|R|54.995,00|53.000,00|54.000,00|50.000,00|8|191|10.193.000,00|
|27/04/2020|R|53.000,00|50.000,00|52.000,00|50.000,00|7|530|26.760.000,00|
|28/04/2020|R|50.000,00|55.000,00|55.000,00|50.000,00|11|484|24.729.835,00|
|29/04/2020|R|55.000,00|62.000,00|62.000,00|55.000,00|13|985|57.239.950,00|
|30/04/2020|R|62.000,00|70.000,00|70.000,00|69.500,00|5|130|9.089.800,00|
|04/05/2020|R|70.000,00|69.000,01|72.000,00|69.000,00|11|582|40.517.000,05|
|05/05/2020|R|69.000,01|69.995,00|70.000,00|69.000,00|5|264|18.376.990,00|
|06/05/2020|R|69.995,00|77.500,00|77.500,00|69.000,00|6|46|3.367.460,00|
|07/05/2020|R|77.500,00|85.000,00|90.000,00|85.000,00|5|70|5.980.000,00|
|08/05/2020|R|85.000,00|90.000,00|100.000,00|85.000,00|9|204|18.675.000,00|
|11/05/2020|R|90.000,00|95.500,00|96.000,00|90.000,00|7|267|25.107.500,00|
|12/05/2020|R|95.500,00|96.000,00|114.645,00|96.000,00|5|27|2.832.790,00|
|13/05/2020|R|96.000,00|92.999,99|100.000,00|92.999,99|12|597|57.248.954,76|
|14/05/2020|R|92.999,99|91.995,00|91.995,00|90.000,00|2|11|991.995,00|
|15/05/2020|R|91.995,00|84.500,00|91.650,00|84.500,00|8|259|22.441.500,00|
|18/05/2020|R|84.500,00|81.000,00|83.500,00|80.000,01|11|530|43.486.500,10|
|19/05/2020|R|81.000,00|81.000,00|90.000,00|81.000,00|8|688|55.753.500,00|
|20/05/2020|R|81.000,00|80.500,00|80.500,00|80.500,00|5|83|6.681.500,00|
|21/05/2020|R|80.500,00|81.500,00|83.500,00|81.500,00|2|16|1.334.000,00|
|22/05/2020|R|81.500,00|84.000,00|84.000,00|84.000,00|1|2|168.000,00|
|26/05/2020|R|84.000,00|82.000,00|84.050,00|80.000,01|6|256|21.165.000,20|
|27/05/2020|R|82.000,00|80.000,00|80.000,00|75.000,00|5|1.127|85.461.000,00|
|28/05/2020|R|80.000,00|74.000,00|80.000,00|74.000,00|7|1.070|79.495.500,00|
|29/05/2020|R|74.000,00|76.500,00|78.000,00|76.500,00|10|691|53.225.000,00|
|01/06/2020|R|76.500,00|76.500,00|76.500,00|76.500,00|5|1.208|92.412.000,00|
|02/06/2020|R|76.500,00|76.000,00|76.500,00|70.050,00|9|795|57.684.400,00|
|03/06/2020|R|76.000,00|77.500,00|78.000,00|76.000,00|8|316|24.204.001,20|
|04/06/2020|R|77.500,00|79.800,00|79.800,00|77.500,00|7|90|6.998.000,00|
|05/06/2020|R|79.800,00|78.500,00|79.800,00|78.500,00|2|8|633.200,00|
|08/06/2020|R|78.500,00|78.500,00|78.500,00|78.500,00|5|25|1.962.500,00|
|09/06/2020|R|78.500,00|72.000,00|75.000,00|72.000,00|3|500|36.034.500,00|
|10/06/2020|R|72.000,00|75.000,00|84.000,00|72.000,00|5|620|45.768.000,00|
|11/06/2020|R|75.000,00|81.000,00|81.000,00|75.000,00|7|80|6.060.000,00|
|12/06/2020|R|81.000,00|81.000,00|81.000,00|81.000,00|2|53|4.293.000,00|
|16/06/2020|R|81.000,00|71.000,00|80.500,00|71.000,00|7|794|57.266.550,00|
|17/06/2020|R|71.000,00|71.000,00|75.000,00|71.000,00|3|27|1.977.000,00|
|18/06/2020|R|71.000,00|71.000,00|71.000,00|70.000,00|7|153|10.838.000,00|
|19/06/2020|R|71.000,00|71.000,00|71.000,00|69.000,00|7|195|13.573.000,00|
|22/06/2020|R|71.000,00|71.000,00|71.000,00|71.000,00|5|518|36.778.000,00|
|23/06/2020|R|71.000,00|74.999,00|74.999,00|71.000,00|11|242|17.381.950,00|
|25/06/2020|R|74.999,00|70.000,00|74.999,00|70.000,00|4|114|8.049.986,00|
|26/06/2020|R|70.000,00|70.000,00|71.000,00|70.000,00|12|250|17.522.000,00|
|30/06/2020|R|70.000,00|70.000,00|70.000,00|67.000,00|6|210|14.670.000,00|
|01/07/2020|R|70.000,00|70.000,00|70.000,00|70.000,00|1|136|9.520.000,00|
|02/07/2020|R|70.000,00|68.000,00|70.000,00|68.000,00|4|14|974.000,00|
|03/07/2020|R|68.000,00|68.000,00|68.000,00|68.000,00|3|8|544.000,00|
|06/07/2020|R|68.000,00|68.000,00|74.500,00|68.000,00|4|238|16.689.000,00|
|07/07/2020|R|68.000,00|65.000,00|65.000,00|65.000,00|2|45|2.925.000,00|
|08/07/2020|R|65.000,00|65.500,00|70.000,00|65.500,00|5|261|17.995.500,00|
|09/07/2020|R|65.500,00|68.000,00|68.000,00|68.000,00|1|5|340.000,00|
|10/07/2020|R|68.000,00|65.000,00|67.999,99|65.000,00|3|40|2.626.999,91|
|13/07/2020|R|65.000,00|64.000,00|67.999,99|64.000,00|7|234|15.337.999,29|
|14/07/2020|R|64.000,00|65.000,00|65.000,00|63.000,00|5|205|13.130.000,00|
|15/07/2020|R|65.000,00|65.000,00|65.000,00|62.500,00|8|510|32.650.000,00|
|17/07/2020|R|65.000,00|65.000,00|65.000,00|61.000,00|17|5.314|330.614.374,00|
|20/07/2020|R|65.000,00|65.000,00|65.000,00|65.000,00|2|400|26.000.000,00|
|21/07/2020|R|65.000,00|67.000,00|69.000,00|65.000,00|7|229|15.241.000,00|
|22/07/2020|R|67.000,00|70.000,00|70.000,00|69.000,00|10|908|63.456.000,00|
|23/07/2020|R|70.000,00|72.000,00|72.000,00|72.000,00|4|20|1.440.000,00|
|27/07/2020|R|72.000,00|68.000,00|68.000,00|68.000,00|1|20|1.360.000,00|
|28/07/2020|R|68.000,00|72.000,00|72.000,00|72.000,00|3|41|2.952.000,00|
|29/07/2020|R|72.000,00|72.000,00|73.000,00|72.000,00|5|242|17.426.000,00|
|30/07/2020|R|72.000,00|77.000,00|77.000,00|72.000,00|7|743|56.561.000,00|
|31/07/2020|R|77.000,00|80.999,99|80.999,99|77.100,00|4|52|4.204.199,50|
|03/08/2020|R|80.999,99|86.995,00|87.999,00|86.995,00|6|305|26.800.040,00|
|04/08/2020|R|86.995,00|88.000,00|90.000,00|88.000,00|6|90|7.982.000,00|
|05/08/2020|R|88.000,00|89.000,00|89.000,00|89.000,00|6|99|8.811.000,00|
|06/08/2020|R|89.000,00|89.000,00|93.000,00|89.000,00|3|81|7.329.000,00|
|07/08/2020|R|89.000,00|97.000,00|97.000,00|88.999,00|11|660|58.779.872,00|
|10/08/2020|R|97.000,00|97.000,00|100.000,00|95.000,00|7|1.339|130.052.000,00|
|11/08/2020|R|97.000,00|85.000,00|85.000,00|85.000,00|5|229|19.525.000,00|
|12/08/2020|R|85.000,00|88.900,00|90.000,00|88.000,00|7|480|42.820.700,00|
|13/08/2020|R|88.900,00|89.000,00|93.000,00|89.000,00|15|4.929|438.963.990,00|
|14/08/2020|R|89.000,00|92.900,00|92.900,00|89.500,00|9|905|81.119.900,00|
|17/08/2020|R|92.900,00|90.000,00|92.000,00|90.000,00|4|58|5.260.000,00|
|18/08/2020|R|90.000,00|85.000,00|89.500,00|85.000,00|9|953|81.970.407,00|
|19/08/2020|R|85.000,00|93.500,00|93.500,00|89.999,99|8|364|33.494.959,88|
|20/08/2020|R|93.500,00|93.000,00|93.500,00|93.000,00|10|382|35.548.000,00|
|21/08/2020|R|93.000,00|92.999,00|95.000,00|92.999,00|10|1.383|129.064.509,00|
|24/08/2020|R|92.999,00|90.000,00|92.999,00|90.000,00|14|1.435|131.591.715,00|
|25/08/2020|R|90.000,00|90.000,00|90.000,00|90.000,00|17|1.077|95.881.050,00|
|26/08/2020|R|90.000,00|89.900,00|90.000,00|89.900,00|4|241|21.686.900,00|
|27/08/2020|R|89.900,00|89.900,00|89.900,00|89.900,00|11|737|66.256.300,00|
|28/08/2020|R|89.900,00|95.000,00|95.000,00|95.000,00|7|802|76.190.000,00|
|31/08/2020|R|95.000,00|95.000,00|95.000,00|95.000,00|6|524|49.780.000,00|
|01/09/2020|R|95.000,00|95.000,00|97.000,00|95.000,00|9|435|41.335.000,00|
|02/09/2020|R|95.000,00|95.000,00|95.000,00|94.990,00|9|635|60.324.900,00|
|03/09/2020|R|95.000,00|95.000,00|105.000,00|95.000,00|11|780|74.280.000,00|
|04/09/2020|R|95.000,00|95.000,00|95.000,00|92.500,00|13|1.233|116.967.500,00|
|07/09/2020|R|95.000,00|95.000,00|95.000,00|95.000,00|2|387|36.765.000,00|
|08/09/2020|R|95.000,00|95.000,00|95.000,00|95.000,00|6|222|21.090.000,00|
|09/09/2020|R|95.000,00|95.000,00|95.000,00|94.999,00|5|253|24.034.960,00|
|10/09/2020|R|95.000,00|100.000,00|100.000,00|95.000,00|2|13|1.250.000,00|
|11/09/2020|R|100.000,00|98.000,00|100.000,00|95.000,00|7|561|54.490.000,00|
|15/09/2020|R|98.000,00|95.000,00|98.000,00|95.000,00|10|610|57.968.000,00|
|16/09/2020|R|95.000,00|94.999,00|95.000,00|94.999,00|6|476|45.219.920,00|
|17/09/2020|R|94.999,00|94.500,00|94.998,00|94.500,00|10|642|60.839.392,00|
|18/09/2020|R|94.500,00|95.000,00|95.000,00|95.000,00|1|10|950.000,00|
|21/09/2020|R|95.000,00|95.000,00|95.000,00|95.000,00|3|168|15.960.000,00|
|22/09/2020|R|95.000,00|95.000,00|96.000,00|94.999,00|14|1.243|118.937.960,00|
|23/09/2020|R|95.000,00|94.999,98|95.000,00|94.999,98|4|82|7.789.999,60|
|24/09/2020|R|94.999,98|95.000,00|95.000,00|94.995,00|3|68|6.459.900,00|
|25/09/2020|R|95.000,00|95.000,00|100.000,00|95.000,00|10|1.185|112.675.000,00|
|28/09/2020|R|95.000,00|100.000,00|100.000,00|95.000,00|3|75|7.375.000,00|
|29/09/2020|R|100.000,00|100.000,00|100.000,00|100.000,00|11|1.525|152.500.000,00|
|30/09/2020|R|100.000,00|100.000,00|104.000,00|100.000,00|14|2.005|200.900.000,00|
|01/10/2020|R|100.000,00|100.000,00|100.000,00|100.000,00|4|505|50.500.000,00|
|02/10/2020|R|100.000,00|97.000,00|100.000,00|97.000,00|8|1.336|131.650.000,00|
|05/10/2020|R|97.000,00|100.000,00|100.000,00|100.000,00|1|6|600.000,00|
|06/10/2020|R|100.000,00|100.000,00|100.000,00|97.000,00|15|2.044|199.598.600,00|
|07/10/2020|R|100.000,00|100.000,00|100.000,00|95.000,00|14|1.276|121.923.000,00|
|08/10/2020|R|100.000,00|100.000,00|100.000,00|100.000,00|4|35|3.500.000,00|
|09/10/2020|R|100.000,00|100.000,00|100.000,00|100.000,00|8|1.150|115.000.000,00|
|13/10/2020|R|100.000,00|100.000,00|100.000,00|100.000,00|12|1.218|121.800.000,00|
|14/10/2020|R|100.000,00|100.000,00|100.000,00|100.000,00|8|803|80.300.000,00|
|15/10/2020|R|100.000,00|100.000,00|100.000,00|98.000,00|9|979|97.700.000,00|
|16/10/2020|R|100.000,00|100.000,00|100.000,00|100.000,00|11|710|71.000.000,00|
|19/10/2020|R|100.000,00|100.000,00|100.000,00|100.000,00|4|724|72.400.000,00|
|20/10/2020|R|100.000,00|100.000,00|100.000,00|100.000,00|5|29|2.900.000,00|
|21/10/2020|R|100.000,00|100.000,00|100.000,01|100.000,00|11|492|49.200.000,07|
|22/10/2020|R|100.000,00|100.000,00|100.000,00|100.000,00|7|166|16.600.000,00|
|23/10/2020|R|100.000,00|100.000,00|100.000,00|100.000,00|6|296|29.600.000,00|
|26/10/2020|R|100.000,00|100.000,00|100.000,00|100.000,00|4|280|28.000.000,00|
|27/10/2020|R|100.000,00|100.000,00|100.000,50|100.000,00|17|3.324|332.400.512,00|
|28/10/2020|R|100.000,00|100.000,00|100.000,00|100.000,00|1|397|39.700.000,00|
|29/10/2020|R|100.000,00|100.000,02|100.000,02|100.000,02|1|14|1.400.000,28|
|30/10/2020|R|100.000,02|120.100,00|120.100,00|107.000,00|5|225|26.986.800,10|
|02/11/2020|R|120.100,00|123.000,00|123.000,00|120.100,00|5|117|14.086.500,00|
|03/11/2020|R|123.000,00|143.000,00|144.000,00|143.000,00|9|227|32.600.000,00|
|04/11/2020|R|143.000,00|135.000,00|144.000,00|135.000,00|5|117|15.884.999,00|
|05/11/2020|R|135.000,00|135.000,00|135.000,00|135.000,00|1|99|13.365.000,00|
|06/11/2020|R|135.000,00|140.000,00|140.000,00|140.000,00|3|100|14.000.000,00|
|09/11/2020|R|140.000,00|138.000,00|138.000,00|138.000,00|2|143|19.734.000,00|
|10/11/2020|R|138.000,00|137.000,00|138.000,00|137.000,00|7|933|128.750.000,00|
|11/11/2020|R|137.000,00|137.000,00|140.000,00|137.000,00|11|852|117.617.000,00|
|12/11/2020|R|137.000,00|137.000,00|140.000,00|137.000,00|12|400|54.971.000,00|
|13/11/2020|R|137.000,00|140.000,00|140.000,00|140.000,00|7|364|50.960.000,00|
|16/11/2020|R|140.000,00|140.000,00|140.000,00|140.000,00|10|42|5.880.000,00|
|17/11/2020|R|140.000,00|140.000,00|140.000,00|140.000,00|1|38|5.320.000,00|
|18/11/2020|R|140.000,00|138.000,00|138.000,00|138.000,00|4|32|4.416.000,00|
|19/11/2020|R|138.000,00|138.000,00|138.000,00|138.000,00|5|74|10.212.000,00|
|20/11/2020|R|138.000,00|140.000,00|140.000,00|140.000,00|8|765|107.100.000,00|
|24/11/2020|R|140.000,00|140.000,00|140.000,01|140.000,00|30|2.055|287.700.001,25|
|25/11/2020|R|140.000,00|155.000,00|155.000,00|140.000,00|12|975|137.045.000,00|
|26/11/2020|R|155.000,00|185.000,00|185.000,00|165.000,00|14|528|89.835.000,00|
|27/11/2020|R|185.000,00|230.000,00|230.000,00|210.000,00|16|1.566|316.468.000,04|
|30/11/2020|R|230.000,00|260.000,00|260.000,00|230.000,00|6|232|60.260.000,00|
|01/12/2020|R|260.000,00|260.000,00|260.010,00|260.000,00|8|676|175.760.060,00|
|02/12/2020|R|260.000,00|259.990,00|270.000,00|259.000,00|14|531|138.202.560,00|
|03/12/2020|R|259.990,00|258.990,00|259.990,00|258.990,00|5|63|16.337.370,00|
|04/12/2020|R|258.990,00|259.000,00|259.000,00|258.990,00|15|372|96.346.530,00|
|07/12/2020|R|259.000,00|299.000,00|300.000,00|299.000,00|5|389|113.898.700,00|
|08/12/2020|R|299.000,00|294.990,00|297.990,00|294.990,00|5|311|92.566.900,00|
|09/12/2020|R|294.990,00|283.990,00|293.990,00|283.990,00|8|245|71.585.210,00|
|10/12/2020|R|283.990,00|280.000,00|284.990,00|279.000,00|8|644|183.089.000,00|
|11/12/2020|R|280.000,00|265.000,00|289.000,00|265.000,00|2|34|9.610.000,00|
|15/12/2020|R|265.000,00|317.990,00|317.990,00|317.990,00|2|101|26.817.990,00|
|16/12/2020|R|317.990,00|260.000,00|299.000,00|260.000,00|10|1.112|311.188.000,00|
|17/12/2020|R|260.000,00|270.000,00|279.000,00|270.000,00|4|125|33.768.000,00|
|18/12/2020|R|270.000,00|250.000,00|270.000,00|250.000,00|3|171|45.270.000,00|
|21/12/2020|R|250.000,00|250.000,00|260.000,00|250.000,00|3|117|29.360.000,00|
|22/12/2020|R|250.000,00|260.000,00|260.000,00|250.000,00|8|1.250|314.530.000,00|
|23/12/2020|R|260.000,00|260.000,00|260.000,00|249.990,00|20|3.473|875.784.800,00|
|28/12/2020|R|260.000,00|265.000,00|265.010,00|260.000,00|11|1.004|263.005.450,00|
|29/12/2020|R|265.000,00|285.000,00|285.000,00|280.000,00|5|165|46.325.000,00|
|30/12/2020|R|285.000,00|317.990,00|317.990,00|317.990,00|2|28|8.903.720,00|
|04/01/2021|R|317.990,00|360.000,00|360.000,00|360.000,00|1|1|360.000,00|
|05/01/2021|R|360.000,00|390.000,00|390.000,00|370.000,00|7|30|11.660.000,00|
|06/01/2021|R|390.000,00|390.000,00|390.000,00|390.000,00|5|72|28.080.000,00|
|07/01/2021|R|390.000,00|435.010,00|435.010,00|431.990,00|12|10.878|4.731.273.080,00|
|08/01/2021|R|435.010,00|522.000,00|522.000,00|490.000,00|6|116|57.892.050,00|
|12/01/2021|R|522.000,00|595.000,00|615.000,00|522.000,00|6|152|89.049.000,00|
|13/01/2021|R|595.000,00|522.000,00|579.000,00|522.000,00|2|8|4.461.000,00|
|14/01/2021|R|522.000,00|500.010,00|500.010,00|500.010,00|1|145|72.501.450,00|
|15/01/2021|R|500.010,00|501.000,00|501.000,00|500.010,00|14|1.648|824.764.920,00|
|19/01/2021|R|501.000,00|539.990,00|539.990,00|501.000,00|3|88|45.945.660,00|
|20/01/2021|R|539.990,00|540.000,00|540.000,00|540.000,00|6|180|97.200.000,00|
|21/01/2021|R|540.000,00|567.000,00|567.000,00|567.000,00|6|77|42.957.000,00|
|22/01/2021|R|567.000,00|567.000,00|567.000,00|567.000,00|4|15|8.505.000,00|
|26/01/2021|R|567.000,00|567.000,00|567.000,00|567.000,00|7|2.265|1.284.255.000,00|
|27/01/2021|R|567.000,00|600.000,00|600.000,00|567.000,00|5|410|233.757.000,00|
|28/01/2021|R|600.000,00|602.000,00|602.000,00|602.000,00|1|50|30.100.000,00|
|29/01/2021|R|602.000,00|602.000,00|602.000,00|602.000,00|6|64|38.528.000,00|
|01/02/2021|R|602.000,00|602.000,00|602.000,00|602.000,00|7|91|54.782.000,00|
|02/02/2021|R|602.000,00|602.000,00|602.000,00|602.000,00|3|8|4.816.000,00|
|03/02/2021|R|602.000,00|602.000,00|602.000,00|602.000,00|2|13|7.826.000,00|
|04/02/2021|R|602.000,00|599.990,00|602.000,00|550.000,00|5|219|125.969.000,00|
|05/02/2021|R|599.990,00|550.000,00|605.000,00|550.000,00|9|21.262|11.694.625.170,00|
|08/02/2021|R|550.000,00|550.000,00|605.000,00|605.000,00|1|1|605.000,00|
|09/02/2021|R|550.000,00|500.000,00|525.000,00|500.000,00|21|3.621|1.815.500.000,00|
|10/02/2021|R|500.000,00|520.000,00|520.000,00|500.000,00|5|8.923|4.461.640.000,00|
|11/02/2021|R|520.000,00|530.000,00|530.000,00|530.000,00|1|6|3.180.000,00|
|12/02/2021|R|530.000,00|530.000,00|579.990,00|530.000,00|4|108|60.274.980,00|
|17/02/2021|R|530.000,00|550.000,00|599.000,00|530.000,00|10|2.824|1.501.308.880,00|
|18/02/2021|R|550.000,00|550.000,00|550.000,00|545.000,00|17|3.576|1.965.455.000,00|
|19/02/2021|R|550.000,00|550.000,00|550.000,00|550.000,00|12|4.848|2.666.400.000,00|
|22/02/2021|R|550.000,00|550.000,00|550.000,00|550.000,00|3|384|211.200.000,00|
|23/02/2021|R|550.000,00|520.000,00|550.000,00|520.000,00|7|1.103|603.650.000,00|
|24/02/2021|R|520.000,00|530.000,00|535.000,00|530.000,00|3|1.011|550.835.000,00|
|25/02/2021|R|530.000,00|530.000,00|530.000,00|525.000,00|9|939|497.245.000,00|
|26/02/2021|R|530.000,00|570.000,00|580.000,00|570.000,00|5|307|178.035.000,00|
|01/03/2021|R|570.000,00|570.000,00|570.000,00|570.000,00|7|1.690|963.300.000,00|
|02/03/2021|R|570.000,00|570.000,00|635.000,00|570.000,00|4|1.225|701.500.000,00|
|03/03/2021|R|570.000,00|571.000,00|575.000,00|571.000,00|11|328|187.532.000,00|
|04/03/2021|R|571.000,00|571.000,00|0,00|0,00|2|1.272|725.040.000,00|
|05/03/2021|R|571.000,00|575.000,00|575.000,00|571.000,00|5|7.060|4.031.500.000,00|
|08/03/2021|R|575.000,00|575.000,00|575.000,00|575.000,00|5|582|334.650.000,00|
|09/03/2021|R|575.000,00|580.000,00|630.000,00|580.000,00|6|183|106.720.000,00|
|10/03/2021|R|580.000,00|600.000,00|600.000,00|600.000,00|3|104|62.400.000,00|
|11/03/2021|R|600.000,00|600.000,00|600.000,00|600.000,00|1|500|300.000.000,00|
|12/03/2021|R|600.000,00|600.000,00|600.000,00|600.000,00|1|20|12.000.000,00|
|15/03/2021|R|600.000,00|600.000,00|600.000,00|600.000,00|5|42|25.200.000,00|
|16/03/2021|R|600.000,00|650.000,00|650.000,00|630.000,00|2|10|6.320.000,00|
|17/03/2021|R|650.000,00|600.000,00|660.000,00|600.000,00|4|1.207|729.145.000,00|
|18/03/2021|R|600.000,00|600.000,00|600.000,00|595.000,00|8|1.311|785.100.000,00|
|22/03/2021|R|600.000,00|600.000,00|719.990,00|600.000,00|8|630|378.239.980,00|
|23/03/2021|R|600.000,00|600.050,00|600.050,00|600.000,00|12|968|580.801.400,00|
|24/03/2021|R|600.050,00|601.000,00|670.000,00|601.000,00|9|491|298.472.000,00|
|25/03/2021|R|601.000,00|601.000,00|650.000,00|601.000,00|5|414|249.562.000,00|
|26/03/2021|R|601.000,00|602.000,00|650.000,00|550.000,00|5|470|277.140.000,00|
|29/03/2021|R|602.000,00|602.000,00|602.000,00|602.000,00|2|160|96.320.000,00|
|31/03/2021|R|602.000,00|605.000,00|605.000,00|605.000,00|13|590|356.950.000,00|.
|05/04/2021|R|605.000,00|590.000,00|605.000,00|590.000,00|9|637|380.966.000,00|
|06/04/2021|R|590.000,00|590.000,00|590.000,00|550.000,00|17|2.957|1.662.297.000,00|
|07/04/2021|R|590.000,00|591.000,00|591.000,00|575.000,00|7|1.007|586.832.000,00|
|08/04/2021|R|591.000,00|620.000,00|620.000,00|595.000,00|3|34|20.375.000,00|
|09/04/2021|R|620.000,00|630.000,00|630.000,00|630.000,00|3|87|54.810.000,00|
|12/04/2021|R|630.000,00|630.000,00|630.000,00|630.000,00|8|1.562|984.060.000,00|
|13/04/2021|R|630.000,00|630.000,00|650.000,00|630.000,00|7|714|451.840.000,00|
|14/04/2021|R|630.000,00|670.000,00|670.000,00|670.000,00|5|258|172.860.000,00|
|15/04/2021|R|670.000,00|700.000,00|700.000,00|700.000,00|2|7|4.900.000,00|
|16/04/2021|R|700.000,00|750.000,00|750.000,00|700.000,00|10|150|111.600.000,00|
|20/04/2021|R|750.000,00|750.000,00|760.000,00|750.000,00|3|60|45.030.000,00|
|21/04/2021|R|750.000,00|790.000,00|790.000,00|765.000,00|9|254|200.372.000,00|
|22/04/2021|R|790.000,00|900.000,00|900.000,00|790.000,00|6|504|398.710.000,00|
|23/04/2021|R|900.000,00|1.000.000,00|1.000.000,00|1.000.000,00|4|14|14.000.000,00|
|26/04/2021|R|1.000.000,00|1.187.000,00|1.199.000,00|1.000.000,00|16|624|737.728.000,00|
|27/04/2021|R|1.187.000,00|1.200.000,00|1.200.000,00|1.187.000,00|10|519|616.157.000,00|
|28/04/2021|R|1.200.000,00|1.300.000,00|1.300.000,00|1.250.000,00|9|3.689|4.623.700.000,00|
|29/04/2021|R|1.300.000,00|1.399.000,00|1.400.000,00|1.399.000,00|6|89|124.594.000,00|
|30/04/2021|R|1.399.000,00|1.300.000,00|1.399.000,00|1.300.000,00|3|240|315.960.000,00|
|03/05/2021|R|1.300.000,00|1.205.000,00|1.300.000,00|1.205.000,00|7|348|452.115.000,00|
|04/05/2021|R|1.205.000,00|1.205.000,00|1.205.000,00|1.205.000,00|3|56|67.480.000,00|
|05/05/2021|R|1.205.000,00|1.200.000,00|1.200.000,00|1.200.000,00|7|89|106.800.000,00|
|06/05/2021|R|1.200.000,00|1.261.000,00|1.261.000,00|1.200.000,00|5|120|154.427.000,00|
|10/05/2021|R|1.261.000,00|1.300.000,00|1.300.000,00|1.222.000,00|16|2.454|3.038.157.000,00|
|11/05/2021|R|1.300.000,00|1.250.000,00|1.305.000,00|1.250.000,00|8|81|102.450.000,00|
|12/05/2021|R|1.250.000,00|1.250.000,00|1.250.000,00|1.250.000,00|9|226|282.500.000,00|
|13/05/2021|R|1.250.000,00|1.250.000,00|1.250.000,00|1.250.000,00|8|2.425|3.031.250.000,00|
|14/05/2021|R|1.250.000,00|1.250.000,00|1.260.000,00|1.200.000,00|6|127|153.800.000,00|
|17/05/2021|R|1.250.000,00|1.200.000,00|1.300.000,00|1.200.000,00|11|2.247|2.738.400.000,00|
|18/05/2021|R|1.200.000,00|1.200.010,00|1.320.000,00|1.199.990,00|16|2.362|2.836.100.460,00|
|19/05/2021|R|1.200.010,00|1.200.000,00|1.300.000,00|1.200.000,00|16|4.204|5.135.165.000,00|
|20/05/2021|R|1.200.000,00|1.200.000,00|1.205.000,00|1.199.000,00|15|4.080|4.901.035.000,00|
|21/05/2021|R|1.200.000,00|1.200.000,00|1.205.000,00|1.200.000,00|18|1.589|1.906.865.000,00|
|25/05/2021|R|1.200.000,00|1.250.000,00|1.250.000,00|1.245.000,00|6|3.014|3.617.480.000,00|
|26/05/2021|R|1.250.000,00|1.253.000,00|1.253.000,00|1.200.000,00|10|2.443|2.932.768.000,00|
|27/05/2021|R|1.253.000,00|1.250.000,00|1.250.000,00|1.250.000,00|5|133|166.250.000,00|
|28/05/2021|R|1.250.000,00|1.295.000,00|1.299.990,00|1.250.000,00|4|23|29.444.960,00|
|31/05/2021|R|1.295.000,00|1.300.000,00|1.300.000,00|1.300.000,00|1|10|13.000.000,00|
|01/06/2021|R|1.300.000,00|1.230.000,00|1.299.000,00|1.230.000,00|11|165|204.780.000,00|
|02/06/2021|R|1.230.000,00|1.150.000,00|1.150.000,00|1.100.000,00|4|1.696|1.915.050.000,00|
|03/06/2021|R|1.150.000,00|1.100.000,00|1.200.000,00|1.100.000,00|5|1.555|1.714.560.000,00|
|04/06/2021|R|1.100.000,00|1.099.000,00|1.100.000,00|1.050.000,00|15|5.291|5.720.097.000,00|
|07/06/2021|R|1.099.000,00|1.250.000,00|1.250.000,00|1.250.000,00|1|3|3.750.000,00|
|08/06/2021|R|1.250.000,00|1.245.000,00|1.250.000,00|1.245.000,00|9|5.350|6.663.549.820,00|
|09/06/2021|R|1.245.000,00|1.200.000,00|1.200.000,00|1.200.000,00|5|2.614|3.136.800.000,00|
|10/06/2021|R|1.200.000,00|1.200.000,00|1.200.000,00|1.200.000,00|3|92|110.400.000,00|
|11/06/2021|R|1.200.000,00|1.150.000,00|1.150.000,00|1.150.000,00|4|25|28.750.000,00|
|15/06/2021|R|1.150.000,00|1.100.000,00|1.150.000,00|1.001.000,00|8|635|697.016.000,00|
|16/06/2021|R|1.100.000,00|1.100.000,00|1.100.000,00|1.100.000,00|3|905|995.500.000,00|
|17/06/2021|R|1.100.000,00|1.090.000,00|1.100.000,00|1.000.000,00|15|2.106|2.163.387.880,00|
|18/06/2021|R|1.090.000,00|1.090.000,00|1.100.000,00|1.090.000,00|12|1.887|2.058.819.710,00|
|21/06/2021|R|1.090.000,00|1.089.980,00|1.090.000,00|1.089.980,00|4|69|75.209.000,00|
|22/06/2021|R|1.089.980,00|1.088.990,00|1.089.990,00|1.088.990,00|6|51|55.550.490,00|
|23/06/2021|R|1.088.990,00|1.088.990,00|1.089.990,00|1.000.000,00|13|410|415.871.810,00|
|25/06/2021|R|1.088.990,00|1.090.000,00|1.090.000,00|1.088.990,00|4|378|411.661.450,00|
|29/06/2021|R|1.090.000,00|1.087.000,00|1.088.000,00|1.000.000,00|13|1.908|1.909.540.470,00|
|30/06/2021|R|1.087.000,00|1.090.000,00|1.100.000,00|1.088.000,00|11|1.476|1.608.870.000,00|
|01/07/2021|R|1.090.000,00|1.085.990,00|1.089.000,00|1.005.000,00|13|2.635|2.758.514.950,00|
|02/07/2021|R|1.085.990,00|1.195.000,00|1.199.000,00|1.086.000,00|3|34|38.381.000,00|
|06/07/2021|R|1.195.000,00|1.195.000,00|1.195.000,00|1.194.950,00|8|362|432.588.750,00|
|07/07/2021|R|1.195.000,00|1.139.000,00|1.178.000,00|1.139.000,00|6|142|144.709.000,00|
|08/07/2021|R|1.139.000,00|1.138.000,00|1.139.000,00|1.138.000,00|5|66|75.110.000,00|
|09/07/2021|R|1.138.000,00|1.100.000,00|1.100.000,00|1.100.000,00|2|163|161.400.000,00|
|12/07/2021|R|1.100.000,00|1.099.990,00|1.100.000,00|1.099.990,00|4|14|15.399.920,00|
|13/07/2021|R|1.099.990,00|1.098.000,00|1.098.000,00|1.098.000,00|2|6|6.588.000,00|
|14/07/2021|R|1.098.000,00|1.099.990,00|1.099.990,00|1.099.990,00|2|6|6.599.940,00|
|15/07/2021|R|1.099.990,00|1.099.950,00|1.099.990,00|1.098.000,00|15|648|712.714.790,00|
|16/07/2021|R|1.099.950,00|1.100.000,00|1.150.000,00|1.050.000,00|20|7.557|8.363.371.420,00|
|19/07/2021|R|1.100.000,00|1.150.000,00|1.150.000,00|1.149.000,00|9|2.059|2.367.807.000,00|
|20/07/2021|R|1.150.000,00|1.150.000,00|1.150.000,00|1.150.000,00|2|88|101.200.000,00|
|21/07/2021|R|1.150.000,00|1.169.000,00|1.169.000,00|951.000,00|6|18.573|19.500.127.000,00|
|22/07/2021|R|1.169.000,00|1.168.990,00|1.379.000,00|1.000.000,00|5|668|669.643.970,00|
|23/07/2021|R|1.168.990,00|1.168.000,00|1.248.000,00|1.000.000,00|5|117|133.704.110,00|




























 























