
|13/02/2013|R|11,73|15,50|15,50|15,50|1|1.458|22.599,00|
|28/01/2014|R|8,31|8,31|10,00|10,00|1|120|1.200,00|
|16/04/2015|R|8,31|105,01|105,01|105,01|1|72|7.560,72|
|27/04/2015|R|105,01|105,01|0,00|0,00|1|732|87.840,00|
|29/06/2017|R|6.500,00|6.500,00|6.500,00|6.500,00|14|7.328|47.632.000,00|
|30/06/2017|R|6.500,00|9.000,00|9.050,00|6.500,00|11|1.210|8.418.600,00|
|04/07/2017|R|9.000,00|10.000,00|10.000,00|10.000,00|9|658|6.580.000,00|
|06/07/2017|R|10.000,00|10.000,00|10.500,00|10.000,00|7|650|6.652.500,00|
|07/07/2017|R|10.000,00|9.100,00|10.000,00|9.100,00|12|350|3.275.465,30|
|10/07/2017|R|9.100,00|9.100,00|0,00|0,00|2|105|955.500,00|
|11/07/2017|R|9.100,00|9.100,00|9.100,00|9.100,00|2|21|191.100,00|
|12/07/2017|R|9.100,00|9.100,00|9.100,00|9.100,00|3|31|282.100,00|
|13/07/2017|R|9.100,00|9.100,00|9.100,00|9.100,00|6|113|1.028.300,00|
|14/07/2017|R|9.100,00|9.100,00|9.500,00|9.100,00|4|51|465.300,00|
|17/07/2017|R|9.100,00|9.500,00|9.500,00|9.500,00|4|221|2.099.500,00|
|18/07/2017|R|9.500,00|9.500,00|9.500,00|9.400,00|10|619|5.860.590,00|
|19/07/2017|R|9.500,00|9.500,00|9.600,00|9.500,00|3|216|2.067.000,00|
|21/07/2017|R|9.500,00|9.500,00|9.500,00|9.500,00|8|236|2.242.000,00|
|25/07/2017|R|9.500,00|9.300,00|9.300,00|9.300,00|1|100|930.000,00|
|28/07/2017|R|9.300,00|10.950,00|10.950,00|10.950,00|1|100|1.095.000,00|
|01/08/2017|R|10.950,00|10.900,00|10.900,00|10.500,00|5|231|2.507.898,00|
|02/08/2017|R|10.900,00|10.898,99|10.899,99|10.898,99|3|65|708.449,35|
|03/08/2017|R|10.898,99|10.890,00|10.890,00|10.890,00|3|409|4.454.010,00|
|04/08/2017|R|10.890,00|12.500,00|12.500,00|10.889,00|11|1.150|12.848.395,00|
|07/08/2017|R|12.500,00|10.001,00|10.001,00|10.001,00|1|500|5.000.500,00|
|08/08/2017|R|10.001,00|10.001,01|12.000,00|10.000,00|13|2.740|28.288.265,53|
|09/08/2017|R|10.001,01|11.500,00|12.000,00|11.500,00|7|1.238|14.806.700,00|
|10/08/2017|R|11.500,00|10.500,00|10.500,00|10.500,00|1|200|2.100.000,00|
|11/08/2017|R|10.500,00|10.800,00|10.800,00|10.500,00|7|2.480|26.072.000,00|
|15/08/2017|R|10.800,00|12.899,00|12.899,00|12.899,00|1|5|64.495,00|
|17/08/2017|R|12.899,00|11.500,00|12.900,00|11.500,00|3|54|636.000,00|
|18/08/2017|R|11.500,00|12.000,00|13.797,00|12.000,00|3|911|10.951.767,00|
|21/08/2017|R|12.000,00|12.000,00|12.989,00|12.000,00|2|351|4.212.989,00|
|22/08/2017|R|12.000,00|11.550,00|12.000,00|11.550,00|5|586|6.972.150,00|
|23/08/2017|R|11.550,00|11.000,00|11.999,99|11.000,00|9|786|8.724.475,22|
|24/08/2017|R|11.000,00|11.000,00|11.000,00|11.000,00|2|260|2.860.000,00|
|25/08/2017|R|11.000,00|10.999,99|10.999,99|10.995,00|4|540|5.938.797,00|
|28/08/2017|R|10.999,99|10.600,00|10.900,00|10.600,00|2|391|4.144.900,00|
|29/08/2017|R|10.600,00|10.800,00|10.800,00|10.800,00|1|45|486.000,00|
|30/08/2017|R|10.800,00|10.600,00|10.700,00|10.600,00|5|1.187|12.583.200,00|
|31/08/2017|R|10.600,00|10.600,00|10.600,00|10.400,00|6|82|866.700,00|
|01/09/2017|R|10.600,00|10.600,00|10.600,00|10.600,00|3|343|3.635.800,00|
|04/09/2017|R|10.600,00|10.600,00|10.600,00|10.600,00|13|7.470|79.182.000,00|
|05/09/2017|R|10.600,00|11.000,00|11.000,00|10.600,00|15|5.191|56.370.800,00|
|06/09/2017|R|11.000,00|11.499,99|11.499,99|11.000,00|5|3.332|36.667.399,70|
|07/09/2017|R|11.499,99|11.500,00|12.000,00|11.200,00|5|3.449|38.747.517,20|
|08/09/2017|R|11.500,00|11.601,00|11.601,00|11.590,00|10|1.310|15.191.100,00|
|12/09/2017|R|11.601,00|13.000,00|13.000,00|11.600,00|5|2.576|30.023.661,00|
|13/09/2017|R|13.000,00|15.550,00|15.550,00|14.000,00|4|3.809|55.031.000,00|
|14/09/2017|R|15.550,00|18.000,00|18.000,00|17.500,00|10|898|16.060.500,00|
|15/09/2017|R|18.000,00|18.200,00|18.499,99|17.990,00|11|483|8.874.096,44|
|18/09/2017|R|18.200,00|19.500,00|19.500,00|19.500,00|5|724|14.118.000,00|
|19/09/2017|R|19.500,00|20.500,00|20.500,00|19.500,00|11|904|18.516.000,00|
|20/09/2017|R|20.500,00|22.000,00|22.000,00|20.000,01|10|283|6.033.000,15|
|21/09/2017|R|22.000,00|21.000,00|21.850,00|21.000,00|3|97|2.051.450,00|
|25/09/2017|R|21.000,00|21.850,00|21.850,00|21.000,00|6|338|7.300.300,00|
|26/09/2017|R|21.850,00|22.000,00|22.000,00|21.850,00|6|307|6.712.000,00|
|27/09/2017|R|22.000,00|25.000,00|25.000,00|21.990,00|10|1.646|37.058.390,00|
|28/09/2017|R|25.000,00|28.150,00|28.500,00|25.000,00|8|339|9.036.250,00|
|29/09/2017|R|28.150,00|29.000,00|30.000,00|29.000,00|13|349|10.163.000,00|
|02/10/2017|R|29.000,00|30.000,00|30.100,00|29.000,00|8|45|1.345.100,00|
|03/10/2017|R|30.000,00|32.000,00|33.000,00|31.000,00|5|67|2.125.000,00|
|04/10/2017|R|32.000,00|32.000,00|32.000,01|30.100,01|9|706|22.478.001,56|
|05/10/2017|R|32.000,00|34.000,00|34.000,00|34.000,00|4|78|2.652.000,00|
|06/10/2017|R|34.000,00|33.900,00|33.900,00|33.900,00|3|100|3.390.000,00|
|09/10/2017|R|33.900,00|32.000,00|33.000,00|32.000,00|9|192|6.151.500,00|
|10/10/2017|R|32.000,00|31.000,01|31.100,00|31.000,01|2|115|3.572.000,45|
|11/10/2017|R|31.000,01|31.500,00|31.500,00|31.500,00|1|10|315.000,00|
|13/10/2017|R|31.500,00|31.850,00|31.900,00|31.000,00|6|164|5.144.350,00|
|16/10/2017|R|31.850,00|31.850,00|31.850,00|31.850,00|4|100|3.185.000,00|
|18/10/2017|R|31.850,00|35.000,00|35.000,00|34.000,00|8|825|28.280.000,00|
|19/10/2017|R|35.000,00|38.000,00|38.000,00|38.000,00|4|100|3.800.000,00|
|20/10/2017|R|38.000,00|40.000,00|42.000,00|40.000,00|15|1.068|43.437.030,00|
|23/10/2017|R|40.000,00|41.000,00|41.000,00|41.000,00|10|188|7.708.000,00|
|24/10/2017|R|41.000,00|41.000,00|41.000,00|40.000,00|7|197|8.016.000,00|
|25/10/2017|R|41.000,00|40.990,00|43.000,00|40.000,00|13|1.174|47.809.950,00|
|26/10/2017|R|40.990,00|40.500,00|42.000,00|40.500,00|5|155|6.405.000,00|
|27/10/2017|R|40.500,00|41.000,00|41.000,00|40.000,00|6|150|6.060.300,00|
|30/10/2017|R|41.000,00|40.500,00|43.999,00|40.500,00|8|211|8.580.490,00|
|31/10/2017|R|40.500,00|39.400,00|40.500,00|39.400,00|8|203|8.122.500,00|
|01/11/2017|R|39.400,00|40.500,00|41.000,00|40.000,00|28|3.018|122.244.250,00|
|02/11/2017|R|40.500,00|43.000,00|43.000,00|40.500,00|20|3.909|165.768.442,00|
|03/11/2017|R|43.000,00|45.000,00|45.000,00|43.000,00|10|548|24.564.000,00|
|07/11/2017|R|45.000,00|48.000,00|50.000,00|48.000,00|3|92|4.460.000,00|
|08/11/2017|R|48.000,00|40.500,00|47.999,00|40.500,00|26|2.192|93.947.950,00|
|09/11/2017|R|40.500,00|37.000,00|40.500,00|37.000,00|19|2.013|77.182.500,00|
|10/11/2017|R|37.000,00|37.000,00|38.500,00|37.000,00|8|246|9.123.000,00|
|13/11/2017|R|37.000,00|44.400,00|44.400,00|40.499,00|7|110|4.696.990,00|
|14/11/2017|R|22.158,50|20.001,00|24.999,00|20.000,00|24|3.811|76.528.702,00|
|15/11/2017|R|20.001,00|25.000,00|28.800,00|22.000,00|20|3.272|79.686.038,00|
|16/11/2017|R|25.000,00|29.750,00|29.750,00|29.750,00|8|823|23.445.450,00|
|17/11/2017|R|29.750,00|33.000,00|33.499,00|32.500,00|5|26|858.499,00|
|20/11/2017|R|33.000,00|32.999,00|33.000,00|32.999,00|9|883|29.138.992,00|
|21/11/2017|R|32.999,00|32.978,00|32.995,00|32.978,00|7|363|11.973.180,00|
|22/11/2017|R|32.978,00|32.990,00|32.990,00|32.990,00|3|369|12.173.310,00|
|23/11/2017|R|32.990,00|35.000,00|35.000,00|35.000,00|3|49|1.715.000,00|
|24/11/2017|R|35.000,00|32.990,00|34.000,00|32.980,00|11|264|8.761.780,00|
|27/11/2017|R|32.990,00|32.850,00|32.990,00|32.850,00|9|645|21.273.650,00|
|28/11/2017|R|32.850,00|32.750,00|32.850,00|32.750,00|5|1.023|33.603.950,00|
|29/11/2017|R|32.750,00|32.850,00|32.850,00|32.850,00|5|113|3.712.050,00|
|30/11/2017|R|32.850,00|32.850,00|32.850,00|32.850,00|5|1.674|50.715.900,00|
|04/12/2017|R|32.850,00|37.000,00|37.000,00|33.000,00|11|1.062|38.789.000,00|
|05/12/2017|R|37.000,00|37.000,00|37.000,00|36.000,00|8|1.452|53.474.000,00|
|06/12/2017|R|37.000,00|37.000,00|37.000,00|35.500,00|13|1.134|40.624.500,00|
|07/12/2017|R|37.000,00|37.000,00|37.101,00|37.101,00|1|1|37.101,00|
|12/12/2017|R|37.000,00|39.000,00|39.500,00|37.000,00|20|1.350|51.922.500,00|
|13/12/2017|R|39.000,00|42.000,00|43.000,00|39.000,00|9|931|38.477.100,00|
|14/12/2017|R|42.000,00|43.000,00|43.500,00|43.000,00|11|926|40.119.500,00|
|15/12/2017|R|43.000,00|43.000,00|46.750,00|40.500,00|9|2.478|106.600.500,00|
|18/12/2017|R|43.000,00|45.000,00|45.000,00|45.000,00|1|1.000|45.000.000,00|
|19/12/2017|R|45.000,00|44.000,00|45.500,00|44.000,00|3|309|13.725.000,00|
|20/12/2017|R|44.000,00|39.000,00|40.000,00|39.000,00|3|202|8.076.000,00|
|22/12/2017|R|39.000,00|41.400,00|42.000,00|41.400,00|5|1.577|65.948.600,00|
|26/12/2017|R|41.400,00|40.000,00|40.000,00|40.000,00|3|241|9.640.000,00|
|27/12/2017|R|40.000,00|36.000,00|40.000,00|36.000,00|4|157|5.680.000,00|
|28/12/2017|R|36.000,00|40.000,00|40.000,00|40.000,00|2|4|160.000,00|
|29/12/2017|R|40.000,00|40.000,00|40.000,00|40.000,00|1|51|2.040.000,00|
|02/01/2018|R|40.000,00|40.000,00|40.000,00|40.000,00|1|2|80.000,00|
|03/01/2018|R|40.000,00|40.000,00|40.000,00|39.950,00|2|63|2.517.000,00|
|04/01/2018|R|40.000,00|38.000,00|38.000,00|38.000,00|1|1.000|38.000.000,00|
|05/01/2018|R|38.000,00|39.000,00|39.000,00|39.000,00|1|25|975.000,00|
|08/01/2018|R|39.000,00|40.000,00|40.000,00|37.000,00|10|3.505|135.290.800,00|
|09/01/2018|R|40.000,00|42.000,00|42.000,00|42.000,00|1|30|1.260.000,00|
|10/01/2018|R|42.000,00|42.000,00|42.000,00|42.000,00|1|5|210.000,00|
|11/01/2018|R|42.000,00|42.000,00|42.000,00|42.000,00|1|10|420.000,00|
|12/01/2018|R|42.000,00|49.900,00|50.000,00|42.000,00|5|163|7.164.000,00|
|15/01/2018|R|49.900,00|55.000,00|55.000,00|55.000,00|1|9|495.000,00|
|16/01/2018|R|55.000,00|65.000,00|65.000,00|64.500,00|6|574|37.301.500,00|
|17/01/2018|R|65.000,00|60.000,00|70.000,00|60.000,00|9|1.247|81.108.763,00|
|18/01/2018|R|60.000,00|66.000,00|66.000,00|60.000,00|6|1.079|67.731.000,00|
|19/01/2018|R|66.000,00|68.999,00|68.999,00|66.000,00|6|931|63.041.990,00|
|22/01/2018|R|68.999,00|70.001,00|70.001,00|68.000,00|9|259|18.024.016,00|
|23/01/2018|R|70.001,00|70.000,00|70.000,00|70.000,00|2|100|7.000.000,00|
|24/01/2018|R|70.000,00|75.000,00|75.000,00|75.000,00|4|1.310|98.250.000,00|
|25/01/2018|R|75.000,00|84.998,00|85.000,00|75.000,00|5|723|54.824.994,00|
|26/01/2018|R|84.998,00|100.000,00|100.000,00|100.000,00|10|605|60.500.000,00|
|29/01/2018|R|100.000,00|115.000,00|115.000,00|115.000,00|13|464|53.360.000,00|
|30/01/2018|R|115.000,00|110.000,00|115.000,00|110.000,00|13|257|29.345.000,00|
|31/01/2018|R|110.000,00|105.000,00|105.000,00|105.000,00|1|10|1.050.000,00|
|01/02/2018|R|105.000,00|84.500,00|100.000,00|84.500,00|4|57|5.042.000,00|
|02/02/2018|R|84.500,00|75.000,00|84.000,00|75.000,00|10|420|31.746.000,00|
|05/02/2018|R|75.000,00|80.000,00|80.000,00|75.000,00|8|2.416|189.908.800,00|
|06/02/2018|R|80.000,00|95.000,00|95.000,00|85.000,00|6|1.100|97.000.000,00|
|07/02/2018|R|95.000,00|100.000,00|105.000,00|100.000,00|9|631|64.985.000,00|
|08/02/2018|R|100.000,00|100.000,00|105.000,00|100.000,00|8|495|49.550.000,00|
|09/02/2018|R|100.000,00|100.000,00|100.000,00|100.000,00|6|163|16.300.000,00|
|14/02/2018|R|100.000,00|96.000,00|100.000,00|96.000,00|3|405|38.900.000,00|
|15/02/2018|R|96.000,00|85.000,00|95.000,00|85.000,00|4|2.100|186.850.000,00|
|16/02/2018|R|85.000,00|101.990,00|101.995,00|101.990,00|3|28|2.855.770,00|
|19/02/2018|R|101.990,00|100.000,00|101.000,00|100.000,00|17|1.281|128.103.000,00|
|20/02/2018|R|100.000,00|140.000,00|140.000,00|98.000,00|15|15.135|1.652.049.370,00|
|21/02/2018|R|140.000,00|150.000,00|165.000,00|150.000,00|8|5.617|843.230.000,00|
|22/02/2018|R|150.000,00|155.000,00|165.000,00|155.000,00|10|249|39.310.000,00|
|23/02/2018|R|155.000,00|160.000,00|160.000,00|160.000,00|5|49|7.840.000,00|
|26/02/2018|R|160.000,00|170.000,00|170.000,00|150.000,00|16|9.695|1.588.745.000,00|
|27/02/2018|R|170.000,00|175.000,01|180.000,00|175.000,01|10|1.897|340.560.001,00|
|28/02/2018|R|175.000,01|175.000,00|175.000,00|175.000,00|5|2.371|414.925.000,00|
|01/03/2018|R|175.000,00|174.799,00|175.000,00|172.792,00|7|5.541|957.526.599,00|
|02/03/2018|R|174.799,00|169.999,99|170.000,00|169.999,99|5|79|13.429.999,51|
|05/03/2018|R|169.999,99|170.000,01|170.000,01|170.000,00|6|595|101.150.005,00|
|06/03/2018|R|170.000,01|195.000,00|198.000,00|180.000,00|9|156|29.497.000,05|
|07/03/2018|R|195.000,00|200.000,00|200.000,00|195.000,00|8|825|160.185.000,00|
|08/03/2018|R|200.000,00|215.000,00|215.000,00|201.000,00|6|500|105.168.000,00|
|09/03/2018|R|215.000,00|237.990,00|237.990,00|216.000,00|5|3.319|789.866.820,00|
|12/03/2018|R|237.990,00|258.500,00|285.000,00|257.990,00|6|95|26.807.450,00|
|13/03/2018|R|258.500,00|275.000,01|300.000,00|275.000,01|16|562|165.474.808,25|
|14/03/2018|R|275.000,01|285.000,00|299.998,00|276.000,00|12|2.121|585.764.732,00|
|15/03/2018|R|285.000,00|285.000,00|299.000,00|285.000,00|21|3.587|1.023.043.600,20|
|16/03/2018|R|285.000,00|310.000,00|310.150,00|290.000,00|15|278|80.780.750,00|
|20/03/2018|R|310.000,00|299.900,00|305.000,00|299.900,00|11|108|32.483.360,00|
|21/03/2018|R|299.900,00|250.000,00|295.000,00|250.000,00|6|2.044|511.930.000,00|
|22/03/2018|R|250.000,00|260.000,00|260.000,00|250.000,00|20|1.345|344.437.500,00|
|23/03/2018|R|260.000,00|260.000,00|260.000,00|260.000,00|9|264|68.520.000,00|
|26/03/2018|R|260.000,00|250.000,00|260.000,00|250.000,00|14|279|72.325.000,00|
|27/03/2018|R|250.000,00|260.000,00|260.000,00|250.000,00|11|681|177.000.000,00|
|28/03/2018|R|260.000,00|260.000,00|260.000,00|260.000,00|6|100|26.000.000,00|
|02/04/2018|R|260.000,00|220.000,00|260.000,00|220.000,00|10|905|222.550.000,00|
|03/04/2018|R|220.000,00|230.000,00|240.000,00|230.000,00|15|8.655|2.070.810.000,00|
|04/04/2018|R|230.000,00|255.000,00|255.000,00|230.000,00|6|1.681|423.220.000,00|
|05/04/2018|R|255.000,00|270.000,00|300.000,00|255.000,00|11|865|227.350.000,50|
|06/04/2018|R|270.000,00|300.000,00|300.000,00|235.000,00|20|3.820|1.136.650.000,00|
|09/04/2018|R|300.000,00|360.000,00|360.000,00|350.000,00|11|223|79.550.000,00|
|10/04/2018|R|360.000,00|518.000,00|518.000,00|360.000,00|18|4.793|1.964.250.000,00|
|11/04/2018|R|518.000,00|630.000,00|630.000,00|620.000,00|11|3.727|2.332.440.000,00|
|12/04/2018|R|630.000,00|800.000,00|800.000,00|700.000,00|15|261|199.136.000,00|
|13/04/2018|R|800.000,00|1.100.000,00|1.150.000,00|800.000,00|17|1.054|1.067.840.000,00|
|16/04/2018|R|1.100.000,00|1.250.000,00|1.250.000,00|1.150.000,00|32|2.316|2.844.729.000,00|
|17/04/2018|R|1.250.000,00|1.002.000,00|1.260.000,00|1.002.000,00|13|552|685.120.000,00|
|18/04/2018|R|1.002.000,00|1.200.000,00|1.205.000,00|1.100.000,00|20|656|773.182.140,00|
|20/04/2018|R|1.200.000,00|1.100.000,00|1.250.000,00|1.100.000,00|19|975|1.181.250.210,00|
|23/04/2018|R|1.100.000,00|1.250.000,00|1.250.000,00|1.250.000,00|4|74|92.500.000,00|
|24/04/2018|R|1.250.000,00|1.040.000,00|1.250.000,00|1.040.000,00|14|289|319.236.000,00|
|25/04/2018|R|1.040.000,00|867.000,00|1.040.000,00|867.000,00|12|389|350.046.000,00|
|26/04/2018|R|867.000,00|1.000.000,00|1.000.000,00|800.000,00|16|20.567|16.478.376.400,00|
|27/04/2018|R|1.000.000,00|980.000,00|1.000.000,00|980.000,00|15|350|347.900.000,00|
|30/04/2018|R|980.000,00|1.100.000,00|1.150.000,00|1.000.000,00|14|480|502.304.600,00|
|02/05/2018|R|1.100.000,00|1.000.000,00|1.150.000,00|1.000.000,00|7|90|98.199.900,00|
|03/05/2018|R|1.000.000,00|990.000,00|1.090.000,00|900.000,00|16|1.501|1.379.640.000,00|
|04/05/2018|R|990.000,00|850.000,00|900.000,00|800.000,00|17|5.510|4.897.700.000,00|
|07/05/2018|R|850.000,00|800.000,00|849.990,00|800.000,00|6|207|169.209.970,00|
|08/05/2018|R|800.000,00|760.000,00|799.990,00|760.000,00|15|200|155.869.850,00|
|09/05/2018|R|760.000,00|760.000,00|760.000,00|700.000,00|18|1.104|828.840.000,00|
|10/05/2018|R|760.000,00|700.000,00|720.000,00|700.000,00|27|3.512|2.458.600.000,00|
|11/05/2018|R|700.000,00|700.000,00|800.000,00|700.000,00|30|3.415|2.391.100.000,00|
|15/05/2018|R|700.000,00|600.000,00|700.000,00|600.000,00|25|15.555|9.360.840.000,00|
|16/05/2018|R|600.000,00|800.000,00|800.000,00|700.000,00|19|1.033|769.110.060,00|
|17/05/2018|R|800.000,00|900.000,00|900.010,00|800.000,00|30|10.847|9.519.740.210,00|
|18/05/2018|R|900.000,00|950.000,00|950.000,00|900.000,00|23|8.770|8.149.950.000,00|
|21/05/2018|R|950.000,00|850.000,00|944.000,00|830.000,00|15|3.057|2.581.130.000,00|
|22/05/2018|R|850.000,00|895.000,00|900.000,00|880.000,00|18|1.157|1.030.530.000,00|
|23/05/2018|R|895.000,00|894.990,00|895.000,00|880.000,00|23|6.231|5.536.213.770,00|
|24/05/2018|R|894.990,00|900.000,00|900.000,00|880.000,00|24|9.322|8.336.640.000,00|
|25/05/2018|R|900.000,00|930.000,00|950.000,00|900.000,00|26|3.526|3.225.110.000,00|
|28/05/2018|R|930.000,00|935.000,00|944.000,00|934.000,00|21|1.231|1.152.531.000,00|
|29/05/2018|R|935.000,00|925.000,00|940.000,00|925.000,00|17|1.492|1.393.865.000,00|
|30/05/2018|R|925.000,00|1.100.000,00|1.100.000,00|925.000,00|9|554|552.899.000,00|
|31/05/2018|R|1.100.000,00|1.099.000,00|1.100.000,00|1.099.000,00|13|347|381.677.000,00|
|01/06/2018|R|1.099.000,00|1.099.000,00|1.150.000,00|1.000.000,00|21|3.033|3.319.538.000,00|
|05/06/2018|R|1.099.000,00|990.000,00|1.099.000,00|990.000,00|25|1.865|1.898.792.000,00|
|06/06/2018|R|990.000,00|970.000,00|990.000,00|960.000,00|22|3.961|3.844.104.000,00|
|07/06/2018|R|970.000,00|968.000,00|970.000,00|960.000,00|36|1.813|1.757.534.000,00|
|08/06/2018|R|968.000,00|969.000,00|970.000,00|968.000,00|13|1.102|1.068.490.100,00|
|11/06/2018|R|969.000,00|974.000,00|980.000,00|970.000,00|10|409|399.812.000,00|
|12/06/2018|R|974.000,00|974.000,00|974.000,00|969.000,00|25|1.398|1.358.234.000,00|
|13/06/2018|R|974.000,00|1.050.000,00|1.050.000,00|975.000,00|13|1.632|1.601.819.930,00|
|14/06/2018|R|1.050.000,00|1.149.990,00|1.150.000,00|1.095.000,00|18|7.149|8.196.274.800,00|
|15/06/2018|R|1.149.990,00|1.350.000,00|1.400.000,00|1.000.010,00|28|2.516|3.113.319.240,00|
|18/06/2018|R|1.350.000,00|1.350.000,00|1.350.000,00|1.300.000,00|17|10.880|14.169.800.000,00|
|19/06/2018|R|1.350.000,00|1.750.000,00|1.760.000,00|1.600.000,00|14|808|1.378.520.000,00|
|20/06/2018|R|1.750.000,00|2.450.000,00|2.460.000,00|1.760.000,00|26|1.177|2.632.140.000,00|
|21/06/2018|R|2.450.000,00|2.400.000,00|2.450.000,00|2.400.000,00|26|2.316|5.565.000.000,00|
|22/06/2018|R|2.400.000,00|2.399.990,00|2.450.000,00|2.000.000,00|19|2.293|5.571.468.960,00|
|25/06/2018|R|2.399.990,00|2.500.000,00|2.500.000,00|2.300.000,00|26|2.297|5.662.646.620,00|
|26/06/2018|R|2.500.000,00|2.500.000,00|2.550.000,00|2.500.000,00|19|5.315|13.286.125.000,00|
|27/06/2018|R|2.500.000,00|2.600.000,00|2.600.000,00|2.550.000,00|11|421|1.092.150.000,00|
|28/06/2018|R|2.600.000,00|3.095.000,00|3.100.000,00|2.599.000,00|16|1.893|4.928.446.000,00|
|29/06/2018|R|3.095.000,00|3.094.000,00|3.100.000,00|3.094.000,00|12|595|1.842.281.000,00|
|03/07/2018|R|3.094.000,00|4.000.000,00|4.000.000,00|3.200.000,00|14|1.543|5.701.688.500,00|
|04/07/2018|R|4.000.000,00|5.000.000,00|5.000.000,00|4.250.000,00|37|529|2.518.860.000,00|
|06/07/2018|R|5.000.000,00|4.500.000,00|5.000.000,00|4.500.000,00|28|1.566|7.286.880.000,00|
|09/07/2018|R|4.500.000,00|3.800.000,00|4.500.000,00|3.600.000,00|20|243|967.448.000,00|
|10/07/2018|R|3.800.000,00|3.000.000,00|3.800.000,00|3.000.000,00|23|509|1.611.040.000,00|
|11/07/2018|R|3.000.000,00|2.450.000,00|3.000.000,00|2.300.000,00|44|2.388|6.261.920.000,00|
|12/07/2018|R|2.450.000,00|2.700.000,00|2.900.000,00|2.700.000,00|20|1.317|3.618.670.000,00|
|13/07/2018|R|2.700.000,00|3.500.000,00|3.500.000,00|3.000.000,00|24|1.536|5.114.060.000,00|
|16/07/2018|R|3.500.000,00|4.200.000,00|4.200.000,00|3.600.000,00|8|170|703.000.000,00|
|17/07/2018|R|4.200.000,00|3.900.000,00|4.200.000,00|3.600.000,00|15|5.225|19.401.800.000,00|
|18/07/2018|R|3.900.000,00|3.611.000,00|4.050.000,00|3.611.000,00|29|5.021|19.414.281.000,00|
|19/07/2018|R|3.611.000,00|3.950.000,00|4.000.000,00|3.900.000,00|21|835|3.311.040.000,00|
|20/07/2018|R|3.950.000,00|3.500.000,00|3.900.000,00|3.205.000,00|12|1.390|4.837.700.000,00|
|23/07/2018|R|3.500.000,00|3.600.000,00|3.600.000,00|3.400.000,00|12|487|1.689.300.000,00|
|25/07/2018|R|3.600.000,00|3.300.000,00|3.700.000,00|3.205.000,00|16|358|1.235.150.000,00|
|26/07/2018|R|3.300.000,00|3.600.000,00|3.600.000,00|3.300.000,00|8|564|1.862.700.000,00|
|27/07/2018|R|3.600.000,00|3.700.000,00|3.700.000,00|3.600.000,00|14|1.323|4.870.600.000,00|
|30/07/2018|R|3.700.000,00|3.600.000,00|3.600.000,00|3.600.000,00|6|102|367.200.000,00|
|01/08/2018|R|3.600.000,00|3.599.990,00|3.650.000,00|3.300.000,00|15|1.147|4.128.649.900,00|
|02/08/2018|R|3.599.990,00|4.300.000,00|4.300.000,00|4.000.000,00|21|943|3.832.202.600,00|
|03/08/2018|R|4.300.000,00|3.900.000,00|4.300.000,00|3.900.000,00|12|1.988|7.820.800.000,00|
|06/08/2018|R|3.900.000,00|4.450.000,00|4.500.000,00|3.899.000,00|11|199|816.990.000,00|
|07/08/2018|R|4.450.000,00|4.000.000,00|4.600.000,00|4.000.000,00|12|342|1.478.594.000,00|
|08/08/2018|R|4.000.000,00|4.100.000,00|4.400.000,00|3.900.000,00|18|2.365|10.059.906.000,00|
|09/08/2018|R|4.100.000,00|4.080.000,00|4.250.000,00|3.900.000,00|16|692|2.778.700.000,00|
|10/08/2018|R|4.080.000,00|3.800.000,00|4.080.000,00|3.800.000,00|14|176|691.030.000,00|
|13/08/2018|R|3.800.000,00|3.800.000,00|4.200.000,00|3.800.000,00|11|2.363|9.010.700.000,00|
|14/08/2018|R|3.800.000,00|4.300.000,00|4.560.000,00|4.000.000,00|33|5.810|24.319.880.000,00|
|15/08/2018|R|4.300.000,00|5.000.000,00|5.000.010,00|4.700.000,00|29|6.909|34.232.536.190,00|
|16/08/2018|R|5.000.000,00|8.200.000,00|8.200.000,00|5.005.000,00|20|3.489|25.735.040.000,00|
|21/08/2018|R|82,00|140,00|180,00|98,40|18|1.083|174.000,20|
|22/08/2018|R|140,00|150,00|150,00|130,00|23|1.899|258.812,50|
|23/08/2018|R|150,00|150,00|156,00|150,00|22|1.514|228.894,00|
|24/08/2018|R|150,00|142,00|160,00|142,00|26|3.086|462.732,00|
|27/08/2018|R|142,00|114,00|145,00|114,00|15|360|45.080,14|
|28/08/2018|R|114,00|115,00|120,00|100,00|23|1.258|139.102,00|
|29/08/2018|R|115,00|130,00|130,00|115,00|15|166|19.755,00|
|30/08/2018|R|130,00|125,00|130,00|120,00|11|95|12.015,00|
|31/08/2018|R|125,00|135,00|135,00|125,00|11|168|21.411,00|
|03/09/2018|R|135,00|125,00|134,00|125,00|10|774|99.140,50|
|04/09/2018|R|125,00|120,00|125,00|120,00|8|180|22.390,00|
|05/09/2018|R|120,00|121,00|132,00|120,00|13|3.126|388.439,20|
|06/09/2018|R|121,00|125,00|130,00|120,00|26|2.962|379.364,00|
|07/09/2018|R|125,00|134,00|134,00|130,00|27|2.845|374.827,75|
|11/09/2018|R|134,00|130,00|134,00|127,00|9|409|54.196,00|
|12/09/2018|R|130,00|120,00|134,00|120,00|14|1.027|130.095,00|
|13/09/2018|R|120,00|128,00|128,00|125,00|9|2.534|322.042,00|
|14/09/2018|R|128,00|130,00|135,00|128,00|16|2.149|280.565,00|
|17/09/2018|R|130,00|126,00|130,00|126,00|17|984|125.951,93|
|18/09/2018|R|126,00|124,99|129,00|120,00|13|1.016|125.691,95|
|19/09/2018|R|124,99|120,00|125,00|115,00|15|2.062|245.460,00|
|20/09/2018|R|120,00|100,00|125,00|100,00|25|2.155|240.140,00|
|21/09/2018|R|100,00|100,00|101,00|100,00|13|419|41.906,05|
|24/09/2018|R|100,00|110,00|115,00|105,00|9|1.140|124.120,00|
|25/09/2018|R|110,00|110,50|110,50|107,00|8|1.170|128.965,00|
|26/09/2018|R|110,50|115,00|130,00|115,00|12|5.569|644.500,00|
|27/09/2018|R|115,00|120,00|130,00|115,00|10|362|42.820,01|
|28/09/2018|R|120,00|130,00|130,00|115,00|20|5.052|634.655,00|
|01/10/2018|R|130,00|137,00|140,00|134,95|12|2.275|307.714,10|
|02/10/2018|R|137,00|135,00|140,00|135,00|16|3.120|424.235,10|
|03/10/2018|R|135,00|135,00|135,00|134,50|11|482|65.025,50|
|04/10/2018|R|135,00|130,00|135,00|125,00|12|153|19.990,04|
|05/10/2018|R|130,00|130,00|135,00|130,00|7|605|79.194,38|
|08/10/2018|R|130,00|130,00|130,00|129,00|5|607|78.410,00|
|09/10/2018|R|130,00|129,00|135,00|128,00|12|1.084|139.789,00|
|10/10/2018|R|129,00|130,00|134,75|130,00|5|58|7.624,75|
|11/10/2018|R|130,00|130,05|133,00|125,00|17|851|109.508,30|
|15/10/2018|R|130,05|130,00|130,00|127,00|17|2.525|328.175,00|
|16/10/2018|R|130,00|140,00|140,00|135,00|17|1.002|137.630,20|
|17/10/2018|R|140,00|138,00|140,00|138,00|13|428|59.455,00|
|18/10/2018|R|138,00|140,00|140,00|138,00|24|1.073|149.460,00|
|19/10/2018|R|140,00|148,00|148,00|145,00|2|187|27.151,00|
|22/10/2018|R|148,00|137,00|148,00|137,00|13|562|78.671,00|
|23/10/2018|R|137,00|137,00|140,00|135,06|15|3.364|462.470,00|
|24/10/2018|R|137,00|136,00|137,00|130,00|23|4.423|594.829,00|
|25/10/2018|R|136,00|139,90|147,00|138,00|14|982|137.279,47|
|26/10/2018|R|139,90|140,05|147,00|139,90|12|2.507|351.018,50|
|29/10/2018|R|140,05|150,00|150,00|145,00|15|1.899|278.724,00|
|30/10/2018|R|150,00|150,00|150,00|146,00|9|1.946|289.937,00|
|31/10/2018|R|150,00|170,00|170,00|155,00|20|2.049|331.831,77|
|01/11/2018|R|170,00|170,00|170,00|160,00|13|1.006|162.080,00|
|02/11/2018|R|170,00|180,00|180,00|170,00|11|617|110.359,06|
|06/11/2018|R|180,00|180,00|180,00|177,00|11|1.089|195.381,00|
|07/11/2018|R|180,00|200,00|200,00|180,00|24|1.538|295.722,44|
|08/11/2018|R|200,00|240,00|240,00|216,00|13|749|165.766,10|
|09/11/2018|R|240,00|238,00|240,00|237,00|16|766|182.303,16|
|12/11/2018|R|238,00|238,00|240,00|210,00|19|1.826|421.288,04|
|13/11/2018|R|238,00|230,00|230,00|230,00|12|874|201.020,00|
|14/11/2018|R|230,00|230,00|240,00|230,00|7|284|67.370,00|
|15/11/2018|R|230,00|220,00|230,00|220,00|9|4.761|1.071.330,00|
|16/11/2018|R|220,00|220,00|225,00|220,00|20|1.182|260.961,00|
|19/11/2018|R|220,00|185,00|239,98|185,00|18|1.291|262.322,90|
|20/11/2018|R|185,00|150,00|180,00|150,00|21|2.984|456.615,00|
|21/11/2018|R|150,00|150,00|170,00|150,00|15|889|139.260,00|
|22/11/2018|R|150,00|170,00|170,00|165,00|7|1.723|284.900,00|
|23/11/2018|R|170,00|175,00|184,98|165,00|20|4.979|858.724,62|
|26/11/2018|R|175,00|181,00|181,00|180,00|14|2.639|475.924,00|
|27/11/2018|R|181,00|260,00|260,00|195,00|19|3.593|762.347,06|
|28/11/2018|R|260,00|310,00|310,00|290,00|19|5.597|1.694.895,74|
|29/11/2018|R|310,00|340,00|340,00|310,00|14|1.664|526.948,50|
|30/11/2018|R|340,00|405,00|407,98|350,00|13|2.376|955.431,86|
|03/12/2018|R|405,00|450,00|450,00|439,00|13|2.872|1.284.430,00|
|04/12/2018|R|450,00|450,00|538,00|450,00|11|525|241.202,00|
|05/12/2018|R|450,00|430,00|455,00|400,00|17|3.064|1.374.736,00|
|06/12/2018|R|430,00|345,00|425,00|345,00|9|104|41.065,00|
|07/12/2018|R|345,00|300,00|345,00|276,01|5|63|18.073,38|
|10/12/2018|R|300,00|350,00|359,97|300,00|16|1.265|407.307,00|
|11/12/2018|R|350,00|340,00|380,00|340,00|10|474|167.155,00|
|12/12/2018|R|340,00|300,00|340,00|300,00|10|172|53.688,00|
|13/12/2018|R|300,00|290,00|300,00|270,00|14|1.866|536.029,87|
|14/12/2018|R|290,00|320,00|320,00|300,00|10|676|215.100,00|
|17/12/2018|R|320,00|340,00|383,98|340,00|5|38|14.139,50|
|18/12/2018|R|340,00|350,00|350,00|310,00|14|1.367|435.630,00|
|19/12/2018|R|350,00|370,00|370,00|325,00|11|3.505|1.233.480,00|
|20/12/2018|R|370,00|370,00|400,00|370,00|5|533|197.300,00|
|21/12/2018|R|370,00|400,00|400,00|380,00|10|3.075|1.226.000,00|
|26/12/2018|R|400,00|479,00|479,00|410,00|12|2.090|941.460,00|
|27/12/2018|R|479,00|574,80|574,80|570,00|10|1.431|817.527,60|
|28/12/2018|R|574,80|590,00|590,00|590,00|6|1.569|925.710,00|
|02/01/2019|R|590,00|590,00|590,00|590,00|1|15|8.850,00|
|03/01/2019|R|590,00|590,00|590,00|590,00|17|5.250|3.097.500,00|
|04/01/2019|R|590,00|590,00|590,00|589,95|24|13.722|8.095.979,00|
|07/01/2019|R|590,00|840,00|840,00|700,00|17|3.394|2.618.196,00|
|08/01/2019|R|840,00|880,00|950,00|840,00|11|1.291|1.217.510,00|
|09/01/2019|R|880,00|850,00|950,00|800,00|24|12.176|10.342.633,00|
|10/01/2019|R|850,00|850,00|900,00|850,00|16|3.330|2.875.840,00|
|11/01/2019|R|850,00|1.250,00|1.250,00|880,00|54|26.243|27.645.914,00|
|14/01/2019|R|1.250,00|2.160,00|2.160,00|1.250,00|17|3.496|4.501.120,00|
|15/01/2019|R|2.160,00|1.728,00|2.250,00|1.728,00|23|1.846|3.633.218,00|
|16/01/2019|R|1.728,00|1.710,00|1.800,00|1.650,00|24|1.580|2.723.002,00|
|17/01/2019|R|1.710,00|1.700,00|1.800,00|1.700,00|19|5.108|8.838.500,00|
|18/01/2019|R|1.700,00|1.700,00|1.750,00|1.700,00|10|297|519.600,00|
|21/01/2019|R|1.700,00|1.750,00|1.750,00|1.700,00|9|395|688.000,00|
|22/01/2019|R|1.750,00|1.700,00|1.900,00|1.700,00|19|9.760|16.825.350,00|
|23/01/2019|R|1.700,00|1.700,00|1.750,00|1.700,00|4|207|352.250,00|
|24/01/2019|R|1.700,00|1.700,00|1.700,00|1.700,00|7|157|266.900,00|
|25/01/2019|R|1.700,00|1.900,00|1.950,00|1.750,00|14|1.476|2.781.680,00|
|28/01/2019|R|1.900,00|1.810,00|1.900,00|1.800,00|17|973|1.765.240,00|
|29/01/2019|R|1.810,00|1.816,00|1.900,00|1.815,00|22|682|1.248.646,00|
|30/01/2019|R|1.816,00|1.800,00|1.816,00|1.780,00|23|1.819|3.276.140,00|
|31/01/2019|R|1.800,00|1.850,00|1.850,00|1.800,00|6|155|283.850,00|
|01/02/2019|R|1.850,00|1.800,00|1.850,00|1.650,00|14|3.508|5.819.197,00|
|04/02/2019|R|1.800,00|1.750,00|1.750,00|1.450,00|10|6.037|9.504.400,00|
|05/02/2019|R|1.750,00|1.850,00|1.900,00|1.750,00|25|2.024|3.654.870,00|
|06/02/2019|R|1.850,00|1.840,00|1.850,00|1.800,00|13|2.559|4.727.400,00|
|07/02/2019|R|1.840,00|1.750,00|1.800,00|1.750,00|12|150.843|263.978.600,00|
|08/02/2019|R|1.750,00|1.719,97|1.800,00|1.650,00|12|822|1.385.309,81|
|11/02/2019|R|1.719,97|1.750,00|1.820,00|1.750,00|10|482|850.850,00|
|12/02/2019|R|1.750,00|1.645,00|1.780,00|1.600,00|8|114|191.855,00|
|13/02/2019|R|1.645,00|1.500,00|1.625,00|1.500,00|7|644|980.870,00|
|14/02/2019|R|1.500,00|1.460,00|1.590,00|1.446,50|26|4.116|6.016.900,00|
|15/02/2019|R|1.460,00|1.750,00|1.750,00|1.500,00|12|8.457|14.560.150,00|
|18/02/2019|R|1.750,00|1.750,00|1.995,00|1.700,00|17|7.122|13.052.851,22|
|19/02/2019|R|1.750,00|1.780,00|1.800,00|1.710,00|15|5.594|9.819.370,00|
|20/02/2019|R|1.780,00|1.950,00|1.950,00|1.700,00|19|12.385|23.400.003,00|
|21/02/2019|R|1.950,00|2.000,00|2.000,00|1.900,00|17|3.058|6.095.850,00|
|22/02/2019|R|2.000,00|2.800,00|2.800,00|2.000,01|33|11.126|26.108.805,00|
|25/02/2019|R|2.800,00|2.750,00|2.900,00|2.750,00|21|5.101|14.258.740,00|
|26/02/2019|R|2.750,00|3.300,00|3.350,00|2.750,00|18|3.806|10.775.450,00|
|27/02/2019|R|3.300,00|3.148,00|3.200,00|3.000,00|17|981|3.048.471,93|
|06/03/2019|R|3.148,00|2.700,00|3.140,01|2.600,00|18|1.394|3.908.141,14|
|07/03/2019|R|2.700,00|2.800,00|2.800,00|2.700,00|18|943|2.581.830,00|
|14/03/2019|R|2.800,00|2.400,00|2.750,00|2.241,00|4|337|901.745,00|
|15/03/2019|R|2.400,00|2.500,00|2.600,00|2.420,00|4|662|1.630.280,00|
|18/03/2019|R|2.500,00|2.900,00|2.900,00|2.450,00|9|486|1.377.650,00|
|20/03/2019|R|2.900,00|2.700,00|2.900,00|2.700,00|10|1.227|3.337.450,00|
|21/03/2019|R|2.700,00|2.879,50|3.000,00|2.799,00|15|3.408|9.669.211,50|
|22/03/2019|R|2.879,50|2.900,00|2.900,00|2.845,00|10|327|932.335,00|
|25/03/2019|R|2.900,00|2.845,00|2.879,50|2.700,00|7|328|899.615,00|
|29/03/2019|R|2.845,00|2.800,00|2.900,00|2.600,00|24|5.408|14.985.457,00|
|01/04/2019|R|2.800,00|2.500,00|3.300,00|2.250,00|10|1.603|4.007.400,00|
|02/04/2019|R|2.500,00|2.150,00|2.400,00|2.110,00|17|4.528|9.689.450,00|
|03/04/2019|R|2.150,00|2.399,99|2.400,00|2.150,00|20|305|712.778,33|
|04/04/2019|R|2.399,99|2.390,00|2.399,99|2.200,00|18|2.622|6.268.937,44|
|05/04/2019|R|2.390,00|2.399,99|2.399,99|2.380,00|14|3.005|7.179.828,69|
|08/04/2019|R|2.399,99|2.340,00|2.400,00|2.330,00|12|804|1.900.660,00|
|09/04/2019|R|2.340,00|2.300,00|2.340,00|2.290,00|9|4.005|9.217.895,00|
|10/04/2019|R|2.300,00|2.320,00|2.350,00|2.250,00|12|2.980|6.883.245,00|
|11/04/2019|R|2.320,00|2.400,00|2.400,00|2.295,00|16|2.147|4.978.675,00|
|12/04/2019|R|2.400,00|2.800,00|2.800,00|2.250,01|7|520|1.234.004,00|
|22/04/2019|R|2.800,00|3.200,00|3.400,00|3.000,00|26|3.216|9.831.890,00|
|23/04/2019|R|3.200,00|3.840,00|3.840,00|3.400,00|25|7.954|28.563.815,20|
|24/04/2019|R|3.840,00|3.600,00|4.000,00|3.600,00|21|12.656|49.253.002,00|
|25/04/2019|R|3.600,00|3.800,00|3.800,00|3.600,00|19|2.586|9.354.600,00|
|26/04/2019|R|3.800,00|3.700,00|3.800,00|3.650,00|34|7.290|27.191.935,00|
|29/04/2019|R|3.700,00|3.850,00|4.000,00|3.800,00|16|2.227|8.548.200,00|
|02/05/2019|R|3.850,00|3.900,00|3.999,00|3.900,00|27|3.876|15.251.250,00|
|03/05/2019|R|3.900,00|3.800,00|3.900,00|3.800,00|11|1.953|7.586.500,00|
|08/05/2019|R|3.500,00|3.500,00|3.500,00|3.400,00|9|1.615|5.731.900,00|
|09/05/2019|R|3.500,00|3.500,00|3.700,00|3.450,00|10|700|2.460.300,00|
|10/05/2019|R|3.500,00|3.500,00|3.700,00|3.500,00|21|7.922|27.933.145,33|
|13/05/2019|R|3.500,00|3.500,00|3.500,00|3.500,00|11|1.065|3.727.500,00|
|14/05/2019|R|3.500,00|3.100,00|3.500,00|3.100,00|10|1.619|5.514.060,00|
|15/05/2019|R|3.100,00|3.200,00|3.500,00|3.150,00|14|1.072|3.488.600,00|
|16/05/2019|R|3.200,00|3.300,00|3.300,00|3.250,00|17|1.865|6.093.900,00|
|17/05/2019|R|3.300,00|3.800,00|3.800,00|3.300,00|18|1.480|5.214.000,00|
|27/05/2019|R|3.500,00|3.550,00|3.600,00|3.550,00|8|984|3.540.470,00|
|28/05/2019|R|3.550,00|3.590,00|3.700,00|3.590,00|13|3.351|12.086.030,00|
|29/05/2019|R|3.590,00|3.600,00|3.850,00|3.500,00|3|119|419.400,00|
|30/05/2019|R|3.600,00|3.800,00|3.800,00|3.800,00|9|53|201.400,00|
|31/05/2019|R|3.800,00|3.500,00|3.650,00|3.500,00|18|2.504|8.768.450,00|
|04/06/2019|R|3.500,00|3.500,00|3.500,00|3.500,00|8|851|2.978.500,00|
|05/06/2019|R|3.500,00|3.300,00|3.600,00|3.300,00|8|1.415|4.914.800,00|
|06/06/2019|R|3.300,00|3.300,00|3.300,00|3.300,00|2|115|379.500,00|
|07/06/2019|R|3.300,00|3.150,00|3.280,00|3.150,00|10|1.776|5.785.065,00|
|10/06/2019|R|3.150,00|3.150,00|3.190,00|3.100,00|18|8.852|27.506.680,00|
|11/06/2019|R|3.150,00|3.000,00|3.150,00|3.000,00|13|1.755|5.277.250,00|
|12/06/2019|R|3.000,00|3.200,00|3.200,00|2.890,00|14|2.335|7.024.780,00|
|13/06/2019|R|3.200,00|3.600,00|3.600,00|3.100,00|7|1.430|4.753.500,00|
|14/06/2019|R|3.600,00|3.500,00|3.600,00|3.500,00|10|25.806|82.660.477,00|
|18/06/2019|R|3.500,00|3.700,00|3.700,00|3.500,00|14|1.784|6.307.650,00|
|19/06/2019|R|3.700,00|3.800,00|3.900,00|3.600,00|14|5.700|21.070.400,00|
|20/06/2019|R|3.800,00|3.750,00|3.800,00|3.500,00|10|4.937|17.372.000,00|
|21/06/2019|R|3.750,00|3.740,00|3.800,00|3.700,00|13|1.711|6.406.281,50|
|25/06/2019|R|3.740,00|3.600,00|3.745,00|3.550,00|21|2.679|9.646.708,00|
|26/06/2019|R|3.600,00|3.800,00|3.850,00|3.750,00|10|615|2.315.550,00|
|27/06/2019|R|3.800,00|3.800,00|3.850,00|3.750,00|17|1.358|5.189.100,00|
|28/06/2019|R|3.800,00|3.608,00|3.850,00|3.608,00|23|6.059|22.725.388,25|
|01/07/2019|R|3.608,00|3.800,00|3.900,00|3.700,01|10|2.001|7.514.708,40|
|02/07/2019|R|3.800,00|3.745,00|3.800,00|3.700,01|24|8.229|30.843.267,63|
|03/07/2019|R|3.745,00|3.800,00|3.800,00|3.750,00|10|2.345|8.834.405,50|
|04/07/2019|R|3.800,00|3.901,00|4.000,00|3.850,00|14|4.893|19.038.153,00|
|08/07/2019|R|3.901,00|3.950,00|3.950,00|3.900,00|11|987|3.898.600,00|
|09/07/2019|R|3.950,00|3.939,00|3.950,00|3.800,00|15|2.569|9.804.898,00|
|10/07/2019|R|3.939,00|3.939,00|3.950,00|3.900,00|19|3.259|12.832.723,00|
|11/07/2019|R|3.939,00|4.050,00|4.500,00|3.950,00|8|4.445|17.993.100,00|
|12/07/2019|R|4.050,00|4.850,00|4.850,00|4.250,00|8|166|760.100,00|
|15/07/2019|R|4.850,00|4.850,00|4.850,00|4.700,00|12|3.124|14.932.150,00|
|16/07/2019|R|4.850,00|4.930,00|4.930,00|4.850,00|11|5.715|27.748.351,00|
|17/07/2019|R|4.930,00|5.500,00|5.900,00|5.000,00|6|763|4.141.475,55|
|18/07/2019|R|5.500,00|6.500,00|6.591,00|5.650,00|6|393|2.470.588,00|
|19/07/2019|R|6.500,00|6.480,00|6.500,00|6.480,00|7|293|1.903.360,00|
|22/07/2019|R|6.480,00|6.800,00|6.800,00|6.500,00|5|829|5.547.200,00|
|25/07/2019|R|6.800,00|6.850,00|6.850,00|6.825,00|14|1.180|8.061.220,00|
|26/07/2019|R|6.850,00|6.850,00|6.950,00|6.800,00|24|7.377|50.529.359,00|
|29/07/2019|R|6.850,00|6.860,00|6.980,00|6.850,00|19|5.566|38.146.210,11|
|30/07/2019|R|6.860,00|6.859,01|7.000,00|6.859,01|11|577|3.985.772,50|
|31/07/2019|R|6.859,01|7.200,00|8.229,00|6.860,00|8|922|6.506.990,00|
|01/08/2019|R|7.200,00|8.639,00|8.639,00|8.400,00|27|2.533|21.554.736,00|
|02/08/2019|R|8.639,00|8.900,00|8.900,00|8.800,00|25|27.113|225.820.920,00|
|05/08/2019|R|8.900,00|10.500,00|10.500,00|9.250,00|20|2.530|24.700.751,00|
|06/08/2019|R|10.500,00|12.389,00|12.495,00|11.500,00|13|2.176|25.926.084,00|
|07/08/2019|R|12.389,00|13.000,00|13.500,00|12.350,00|24|1.974|25.701.593,00|
|08/08/2019|R|13.000,00|13.000,00|13.200,00|13.000,00|20|740|9.623.200,00|
|09/08/2019|R|13.000,00|13.100,00|13.200,00|13.000,00|26|1.331|17.349.650,00|
|12/08/2019|R|13.100,00|12.500,00|13.200,00|12.500,00|12|1.529|19.922.300,00|
|13/08/2019|R|12.500,00|12.300,00|12.500,00|12.300,00|17|2.196|27.409.400,00|
|14/08/2019|R|12.300,00|12.300,00|12.500,00|12.300,00|16|1.791|22.321.793,00|
|15/08/2019|R|12.300,00|12.000,00|12.500,00|12.000,00|16|2.101|25.780.000,00|
|16/08/2019|R|12.000,00|12.000,00|12.300,00|12.000,00|18|887|10.693.380,00|
|20/08/2019|R|12.000,00|11.645,00|12.000,00|11.500,00|15|2.246|26.013.069,00|
|21/08/2019|R|11.645,00|11.500,00|11.690,00|11.500,00|16|6.374|73.905.570,00|
|22/08/2019|R|11.500,00|11.690,00|11.690,00|11.500,00|13|672|7.821.840,00|
|23/08/2019|R|11.690,00|11.650,00|11.690,00|11.500,00|11|697|8.135.290,00|
|26/08/2019|R|11.650,00|11.500,00|11.650,00|11.500,00|11|1.577|18.212.440,54|
|27/08/2019|R|11.500,00|11.500,00|11.649,99|11.200,00|15|28.373|325.898.049,25|
|28/08/2019|R|11.500,00|11.400,00|11.500,00|11.400,00|8|254|2.918.915,00|
|29/08/2019|R|11.400,00|11.500,00|11.500,00|11.500,00|26|6.369|73.243.500,00|
|30/08/2019|R|11.500,00|12.500,00|13.700,00|11.500,00|21|5.100|59.726.265,00|
|02/09/2019|R|12.500,00|15.050,00|15.050,00|12.600,00|13|2.116|28.901.300,00|
|03/09/2019|R|15.050,00|17.500,00|18.000,00|17.500,00|21|7.242|126.790.000,00|
|04/09/2019|R|17.500,00|16.000,00|17.500,00|15.000,00|18|3.026|51.174.440,00|
|05/09/2019|R|16.000,00|15.965,00|16.900,00|15.965,00|9|132|2.116.235,00|
|06/09/2019|R|15.965,00|15.980,00|16.000,00|15.950,00|16|1.795|28.645.320,00|
|09/09/2019|R|15.980,00|15.980,00|16.500,00|15.980,00|15|5.258|84.023.880,00|
|10/09/2019|R|15.980,00|14.000,01|16.000,00|14.000,01|11|3.194|45.704.764,30|
|11/09/2019|R|14.000,01|14.500,00|14.900,00|14.000,00|19|1.601|22.688.504,70|
|12/09/2019|R|14.500,00|14.800,00|15.000,00|14.500,00|10|689|10.222.600,00|
|17/09/2019|R|14.500,00|14.500,00|14.500,00|14.490,00|23|7.421|107.602.500,00|
|18/09/2019|R|14.500,00|13.500,00|14.000,00|13.500,00|14|1.960|26.757.890,00|
|19/09/2019|R|13.500,00|14.300,00|14.300,00|13.200,00|11|4.150|55.440.250,00|
|20/09/2019|R|14.300,00|14.250,00|14.250,00|14.000,00|12|1.588|22.441.000,00|
|23/09/2019|R|14.250,00|14.199,00|14.250,00|14.199,00|8|497|7.059.783,00|
|24/09/2019|R|14.199,00|14.100,00|14.180,00|14.050,00|8|246|3.468.490,00|
|25/09/2019|R|14.100,00|14.045,00|14.160,00|14.045,00|10|586|8.236.100,00|
|26/09/2019|R|14.045,00|14.020,00|14.045,00|14.020,00|3|302|4.236.515,00|
|27/09/2019|R|14.020,00|14.000,00|14.000,00|14.000,00|8|500|7.000.000,00|
|30/09/2019|R|14.000,00|13.945,00|14.000,00|13.945,00|6|89|1.242.220,00|
|01/10/2019|R|13.945,00|13.890,00|13.950,00|13.890,00|10|148|2.056.860,00|
|02/10/2019|R|13.890,00|13.880,00|14.000,00|13.880,00|14|205|2.848.630,00|
|03/10/2019|R|13.880,00|13.510,00|13.800,00|13.500,00|15|1.753|23.997.100,00|
|04/10/2019|R|13.510,00|13.500,00|13.900,00|13.500,00|16|1.231|16.698.300,08|
|07/10/2019|R|13.500,00|13.000,00|13.000,00|13.000,00|7|202|2.626.000,00|
|08/10/2019|R|13.000,00|12.840,00|12.950,00|12.800,00|12|1.619|20.730.550,00|
|09/10/2019|R|12.840,00|13.500,00|13.500,00|12.800,00|13|1.344|17.204.600,00|
|10/10/2019|R|13.500,00|13.000,00|13.000,00|13.000,00|6|622|8.086.000,00|
|11/10/2019|R|13.000,00|13.000,00|13.200,00|12.800,00|24|2.109|27.057.514,00|
|14/10/2019|R|13.000,00|12.799,00|12.800,00|12.000,00|15|874|10.974.434,00|
|15/10/2019|R|12.799,00|12.700,00|12.800,00|12.200,00|19|1.021|12.888.310,00|
|16/10/2019|R|12.700,00|12.700,00|12.800,00|12.700,00|12|1.653|21.082.200,00|
|17/10/2019|R|12.700,00|12.002,00|12.700,00|12.001,00|10|843|10.231.013,00|
|18/10/2019|R|12.002,00|12.000,00|12.500,00|12.000,00|8|2.460|29.578.258,00|
|21/10/2019|R|12.000,00|12.000,00|12.000,00|12.000,00|6|185|2.220.000,00|
|22/10/2019|R|12.000,00|11.850,00|11.990,00|11.600,00|13|642|7.643.130,00|
|23/10/2019|R|11.850,00|12.002,01|12.100,00|11.950,00|19|2.338|28.036.860,30|
|24/10/2019|R|12.002,01|12.100,00|12.100,00|12.050,00|15|615|7.429.000,00|
|25/10/2019|R|12.100,00|13.000,00|13.000,00|12.100,00|19|1.022|13.061.000,00|
|28/10/2019|R|13.000,00|13.400,00|13.500,00|13.150,00|13|748|10.013.000,00|
|29/10/2019|R|13.400,00|13.399,00|13.500,00|13.399,00|19|1.326|17.876.521,00|
|30/10/2019|R|13.399,00|12.500,00|13.400,00|12.500,00|8|80|1.009.000,00|
|31/10/2019|R|12.500,00|12.000,00|12.600,00|11.000,00|10|1.632|18.269.100,00|
|01/11/2019|R|12.000,00|11.800,00|12.000,00|11.650,00|23|3.650|42.716.763,00|
|05/11/2019|R|11.800,00|12.800,00|12.800,00|12.000,00|16|1.717|21.918.875,00|
|06/11/2019|R|12.800,00|12.800,00|13.000,00|12.799,00|19|522|6.695.680,00|
|07/11/2019|R|12.800,00|13.500,00|13.500,00|12.800,00|9|1.003|12.940.000,00|
|08/11/2019|R|13.500,00|14.000,00|14.000,00|13.990,00|8|675|9.449.900,00|
|11/11/2019|R|14.000,00|14.400,00|14.500,00|14.100,00|11|1.033|14.872.500,00|
|12/11/2019|R|14.400,00|15.000,00|15.000,00|14.400,00|25|1.660|24.587.145,00|
|13/11/2019|R|15.000,00|16.498,99|16.498,99|15.000,00|18|720|11.326.779,90|
|14/11/2019|R|16.498,99|16.000,00|16.000,00|15.900,00|20|2.111|33.609.900,00|
|15/11/2019|R|16.000,00|15.498,00|15.600,00|15.000,00|17|1.004|15.355.446,00|
|18/11/2019|R|15.498,00|16.000,00|16.500,00|16.000,00|9|394|6.379.600,00|
|19/11/2019|R|16.000,00|16.450,00|16.800,00|16.000,00|15|934|15.387.350,00|
|20/11/2019|R|16.450,00|16.500,00|17.399,00|16.000,00|12|1.153|19.089.831,00|
|21/11/2019|R|16.500,00|16.290,00|16.500,00|16.290,00|15|550|8.973.860,00|
|22/11/2019|R|16.290,00|16.288,90|16.290,00|16.288,90|9|131|2.133.728,10|
|25/11/2019|R|16.288,90|15.000,00|16.289,00|15.000,00|8|235|3.710.675,73|
|26/11/2019|R|15.000,00|14.999,00|16.100,00|14.999,00|13|1.011|15.462.296,00|
|27/11/2019|R|14.999,00|14.950,00|15.000,00|14.000,00|46|13.355|195.715.643,00|
|28/11/2019|R|14.950,00|16.100,00|16.100,00|16.000,00|18|1.718|27.610.835,00|
|29/11/2019|R|16.100,00|16.200,00|16.499,00|16.200,00|13|4.916|78.917.997,00|
|02/12/2019|R|16.200,00|16.500,00|16.500,00|16.100,00|17|1.535|25.207.500,00|
|03/12/2019|R|16.500,00|16.100,00|19.400,00|16.100,00|20|1.245|20.510.600,00|
|04/12/2019|R|16.100,00|16.300,00|16.300,00|16.100,00|18|1.978|31.985.200,00|
|05/12/2019|R|16.300,00|17.000,00|17.000,00|16.300,00|17|255|4.310.999,50|
|06/12/2019|R|17.000,00|17.950,00|18.000,00|17.000,00|20|1.736|29.797.000,00|
|09/12/2019|R|17.950,00|17.998,00|18.000,00|17.500,00|21|1.217|21.634.055,00|
|10/12/2019|R|17.998,00|17.700,00|17.800,00|17.000,00|16|1.268|22.382.296,20|
|11/12/2019|R|17.700,00|17.400,00|17.694,00|17.400,00|2|38|670.020,00|
|12/12/2019|R|17.400,00|16.500,00|17.000,00|16.500,00|9|787|13.017.795,49|
|13/12/2019|R|16.500,00|15.500,00|15.999,99|15.100,00|19|10.135|161.045.926,59|
|16/12/2019|R|15.500,00|15.200,00|15.500,00|15.200,00|8|1.119|17.021.400,00|
|17/12/2019|R|15.200,00|14.400,00|15.189,00|14.000,00|29|8.796|127.777.014,00|
|18/12/2019|R|14.400,00|17.000,00|17.000,00|14.400,00|14|6.292|102.728.006,03|
|19/12/2019|R|17.000,00|17.000,00|17.600,00|17.000,00|17|1.445|24.748.000,00|
|20/12/2019|R|17.000,00|20.400,00|20.400,00|17.000,00|6|728|12.722.600,00|
|23/12/2019|R|20.400,00|23.900,00|23.900,00|21.000,00|17|154.300|3.266.263.840,00|
|26/12/2019|R|23.900,00|24.000,00|24.000,00|23.950,00|12|3.549|85.023.550,00|
|27/12/2019|R|24.000,00|27.000,00|27.000,00|26.900,00|10|200|5.398.000,00|
|30/12/2019|R|27.000,00|32.399,00|32.399,00|27.502,00|5|315|9.030.405,00|
|02/01/2020|R|32.399,00|34.000,00|34.000,00|34.000,00|12|137|4.658.000,00|
|03/01/2020|R|34.000,00|34.000,00|39.500,00|34.000,00|5|172|6.777.500,00|
|07/01/2020|R|34.000,00|34.000,00|34.500,00|34.000,00|23|8.328|283.159.500,00|
|08/01/2020|R|34.000,00|33.999,00|34.000,00|33.999,00|17|7.526|255.883.961,00|
|09/01/2020|R|33.999,00|33.990,00|34.100,00|33.500,00|12|212|7.205.360,00|
|10/01/2020|R|33.990,00|33.900,00|33.990,00|33.700,00|28|1.525|51.731.010,00|
|13/01/2020|R|33.900,00|33.889,00|33.889,00|33.889,00|8|558|18.910.062,00|
|14/01/2020|R|33.889,00|32.900,00|33.000,00|32.000,00|14|567|18.515.600,00|
|15/01/2020|R|32.900,00|31.899,00|31.900,00|31.899,00|9|247|8.017.192,00|
|16/01/2020|R|31.899,00|28.000,00|31.899,00|28.000,00|11|279|8.533.920,28|
|17/01/2020|R|28.000,00|27.999,00|27.999,00|27.999,00|13|4.722|132.211.278,00|
|21/01/2020|R|27.999,00|27.800,00|28.000,00|27.799,00|7|1.212|33.732.786,00|
|22/01/2020|R|27.800,00|25.000,02|25.550,00|22.300,00|15|1.805|46.090.900,04|
|23/01/2020|R|25.000,02|26.550,00|26.550,00|25.550,00|7|451|11.537.050,00|
|24/01/2020|R|26.550,00|27.000,00|28.000,00|26.000,00|15|1.603|42.946.000,00|
|27/01/2020|R|27.000,00|28.000,00|28.000,00|26.000,00|21|1.652|44.276.000,00|
|28/01/2020|R|28.000,00|28.000,01|28.001,00|27.000,00|15|4.526|126.823.037,91|
|29/01/2020|R|28.000,01|33.000,00|33.000,00|30.000,00|10|644|20.564.000,00|
|30/01/2020|R||35.000,00|35.000,00|35.000,00|6|399|13.471.000,00|
|31/01/2020|R|35.000,00|36.900,00|36.900,00|36.000,00|10|187|6.749.099,72|
|03/02/2020|R|36.900,00|36.700,00|37.500,00|36.700,00|11|165|6.151.600,00|
|04/02/2020|R|36.700,00|36.000,00|36.500,00|36.000,00|11|144|5.225.500,00|
|05/02/2020|R|36.000,00|34.000,00|36.000,00|34.000,00|14|304|10.612.900,00|
|06/02/2020|R|34.000,00|34.500,00|35.500,00|34.000,00|15|716|24.757.445,00|
|07/02/2020|R|34.500,00|34.800,00|35.500,00|34.000,00|19|2.330|80.230.900,00|
|10/02/2020|R|34.800,00|35.500,00|35.500,00|32.000,00|12|2.269|77.419.100,00|
|11/02/2020|R|35.500,00|36.100,00|36.100,00|36.000,00|14|244|8.773.000,00|
|12/02/2020|R|36.100,00|36.115,00|37.000,00|36.000,00|16|1.098|39.660.030,00|
|17/02/2020|R|36.115,00|40.000,00|40.000,00|38.000,00|14|1.776|70.382.000,00|
|18/02/2020|R|40.000,00|39.998,99|40.000,00|39.000,00|14|1.666|66.439.573,78|
|19/02/2020|R|39.998,99|40.000,00|40.000,00|39.000,00|26|5.607|222.829.809,46|
|26/02/2020|R|39.000,00|38.450,00|38.450,00|38.450,00|1|25|961.250,00|
|27/02/2020|R|38.450,00|32.000,00|32.000,00|31.000,00|10|676|21.410.000,00|
|28/02/2020|R|32.000,00|34.000,00|36.000,00|34.000,00|12|2.428|86.191.000,00|
|02/03/2020|R|34.000,00|33.498,50|34.490,00|33.498,50|16|11.924|408.249.765,00|
|03/03/2020|R|33.498,50|36.010,01|37.000,00|36.000,00|17|713|25.713.030,34|
|04/03/2020|R|36.010,01|38.050,00|38.050,00|34.500,00|15|1.539|55.384.000,00|
|05/03/2020|R|38.050,00|38.000,00|38.000,00|38.000,00|3|829|31.502.000,00|
|06/03/2020|R|38.000,00|39.000,00|39.000,00|38.000,00|10|2.412|91.863.500,00|
|09/03/2020|R|39.000,00|39.015,00|39.300,00|39.000,00|22|3.045|118.779.367,70|
|10/03/2020|R|39.015,00|39.015,00|39.015,00|39.000,00|13|2.352|91.755.240,00|
|11/03/2020|R|39.015,00|39.015,00|39.100,00|39.000,00|15|3.734|145.847.255,00|
|12/03/2020|R|39.015,00|39.015,00|40.000,00|39.015,00|16|429|16.791.800,00|
|13/03/2020|R|39.015,00|39.000,00|39.015,00|39.000,00|6|1.004|39.157.500,00|
|16/03/2020|R|39.000,00|39.500,00|39.500,00|39.500,00|4|405|15.997.500,00|
|17/03/2020|R|39.500,00|39.500,00|39.500,00|39.500,00|4|876|34.602.000,00|
|18/03/2020|R|39.500,00|39.500,00|39.500,00|39.500,00|7|1.047|41.356.500,00|
|20/03/2020|R|39.500,00|39.500,00|39.500,00|39.500,00|12|93|3.673.500,00|
|23/03/2020|R|39.500,00|39.000,00|39.500,00|39.000,00|2|49|1.929.500,00|
|24/03/2020|R|39.000,00|37.250,00|37.250,00|37.250,00|1|57|2.123.250,00|
|25/03/2020|R|37.250,00|37.250,00|37.250,00|37.250,00|2|2|74.500,00|
|26/03/2020|R|37.250,00|37.000,00|37.000,00|37.000,00|2|5|185.000,00|
|27/03/2020|R|37.000,00|34.000,00|36.000,00|34.000,00|2|943|32.338.000,00|
|30/03/2020|R|34.000,00|36.500,00|37.000,00|34.000,00|11|1.149|39.438.000,00|
|31/03/2020|R|36.500,00|38.999,00|39.000,00|38.000,00|6|74|2.853.981,00|
|01/04/2020|R|38.999,00|40.000,00|40.000,00|39.000,00|6|171|6.819.600,00|
|02/04/2020|R|40.000,00|40.000,00|40.000,00|39.500,00|7|676|26.735.500,00|
|03/04/2020|R|40.000,00|40.000,00|40.000,00|40.000,00|2|48|1.920.000,00|
|06/04/2020|R|40.000,00|46.000,00|46.000,00|41.000,00|6|159|7.244.000,00|
|07/04/2020|R|46.000,00|50.000,00|50.000,00|46.000,00|8|1.656|78.272.000,18|
|08/04/2020|R|50.000,00|55.000,00|55.000,00|50.000,00|9|1.464|74.715.002,50|
|13/04/2020|R|55.000,00|64.000,00|64.000,00|60.000,00|6|300|18.869.000,00|
|14/04/2020|R|64.000,00|63.999,00|64.000,00|63.999,00|11|771|49.343.614,00|
|15/04/2020|R|63.999,00|63.450,00|63.999,00|63.450,00|9|777|49.719.311,00|
|16/04/2020|R|63.450,00|58.500,00|63.450,00|58.500,00|9|1.582|95.751.000,00|
|17/04/2020|R|58.500,00|50.000,00|57.600,00|50.000,00|10|919|50.935.000,00|
|20/04/2020|R|50.000,00|50.000,00|51.000,00|49.000,01|9|1.027|50.853.005,00|
|21/04/2020|R|50.000,00|54.000,00|59.500,00|50.000,00|14|3.053|156.196.000,00|
|22/04/2020|R|54.000,00|57.000,00|58.000,00|49.500,00|22|5.462|300.122.500,00|
|23/04/2020|R|57.000,00|58.000,00|58.000,00|58.000,00|11|622|36.076.000,00|
|24/04/2020|R|58.000,00|60.000,01|60.000,01|58.000,00|15|2.297|133.745.302,57|
|27/04/2020|R|60.000,01|62.010,00|63.000,00|60.000,00|24|3.299|204.477.330,00|
|28/04/2020|R|62.010,00|65.000,00|65.000,00|62.000,00|7|226|14.203.010,00|
|29/04/2020|R|65.000,00|75.000,00|75.000,00|65.000,00|14|341|22.979.000,00|
|30/04/2020|R|75.000,00|75.000,01|85.000,00|72.000,00|7|415|30.281.000,50|
|04/05/2020|R|75.000,01|80.000,00|80.000,00|75.000,01|12|333|25.851.001,35|
|05/05/2020|R|80.000,00|85.000,00|85.000,00|79.999,00|4|1.123|89.864.850,00|
|06/05/2020|R|85.000,00|89.999,00|89.999,00|79.999,00|16|759|64.290.465,00|
|07/05/2020|R|89.999,00|90.000,00|90.000,00|90.000,00|9|216|19.440.000,00|
|08/05/2020|R|90.000,00|94.500,00|94.500,00|90.000,00|10|1.802|165.555.000,00|
|11/05/2020|R|94.500,00|97.000,00|107.990,00|96.000,00|5|805|77.298.990,00|
|12/05/2020|R|97.000,00|98.500,00|100.000,00|97.000,00|15|511|50.347.000,00|
|13/05/2020|R|98.500,00|94.999,00|95.000,00|94.999,00|8|442|43.242.988,77|
|14/05/2020|R|94.999,00|94.500,00|95.000,00|94.497,00|6|541|51.247.200,00|
|15/05/2020|R|94.500,00|90.000,00|100.000,00|90.000,00|7|76|7.289.400,00|
|18/05/2020|R|90.000,00|90.000,00|95.000,00|90.000,00|7|116|10.455.000,00|
|19/05/2020|R|90.000,00|90.000,00|93.800,00|90.000,00|8|202|16.627.730,00|
|20/05/2020|R|90.000,00|89.950,00|90.000,00|89.950,00|4|26|2.339.700,00|
|21/05/2020|R|89.950,00|86.000,00|86.000,00|85.900,00|6|178|15.305.000,00|
|22/05/2020|R|86.000,00|85.900,00|90.000,00|85.900,00|10|673|59.417.900,00|
|26/05/2020|R|85.900,00|84.000,00|86.450,00|84.000,00|16|405|34.185.950,00|
|27/05/2020|R|84.000,00|85.000,00|85.000,00|81.000,00|3|58|4.774.000,00|
|28/05/2020|R|85.000,00|88.000,00|90.000,00|86.000,00|9|140|12.246.000,00|
|29/05/2020|R|88.000,00|85.000,01|88.000,00|85.000,00|23|1.192|101.596.000,11|
|01/06/2020|R|85.000,01|85.000,00|85.500,00|85.000,00|8|186|15.825.000,00|
|02/06/2020|R|85.000,00|90.000,00|90.000,00|84.000,00|16|995|84.362.500,00|
|03/06/2020|R|90.000,00|89.000,00|89.999,00|89.000,00|9|1.631|146.624.990,00|
|04/06/2020|R|89.000,00|85.000,00|88.000,00|84.000,00|12|590|49.962.000,00|
|05/06/2020|R|85.000,00|85.000,00|90.000,00|85.000,00|9|110|9.553.000,00|
|08/06/2020|R|85.000,00|85.000,00|90.000,00|85.000,00|4|21|1.835.000,00|
|09/06/2020|R|85.000,00|83.000,00|85.000,00|83.000,00|5|129|10.764.000,00|
|10/06/2020|R|83.000,00|82.800,00|85.000,00|82.800,00|12|321|26.648.200,00|
|11/06/2020|R|82.800,00|84.000,00|88.000,00|83.500,00|13|697|60.039.000,00|
|12/06/2020|R|84.000,00|85.500,00|88.000,00|84.000,00|17|453|38.411.000,00|
|16/06/2020|R|85.500,00|83.000,00|85.510,00|80.000,00|14|580|48.253.650,00|
|17/06/2020|R|83.000,00|82.500,00|85.000,00|80.000,00|11|323|26.885.000,00|
|18/06/2020|R|82.500,00|80.000,00|82.500,00|80.000,00|8|1.677|137.701.500,00|
|19/06/2020|R|80.000,00|79.999,99|80.000,00|79.999,99|4|118|9.439.999,05|
|22/06/2020|R|79.999,99|80.000,00|80.000,00|80.000,00|4|380|30.400.000,00|
|23/06/2020|R|80.000,00|82.000,00|84.000,00|80.000,00|21|316|25.790.000,00|
|25/06/2020|R|82.000,00|70.000,00|84.000,00|70.000,00|16|830|67.650.000,00|
|26/06/2020|R|70.000,00|83.899,00|83.900,00|79.500,00|14|2.598|216.878.780,00|
|30/06/2020|R|83.899,00|79.000,00|80.000,00|79.000,00|5|48|3.807.000,00|
|01/07/2020|R|79.000,00|79.000,00|79.000,00|79.000,00|8|139|10.981.000,00|
|02/07/2020|R|79.000,00|79.000,00|79.000,00|79.000,00|4|50|3.950.000,00|
|03/07/2020|R|79.000,00|75.000,00|79.000,00|75.000,00|14|730|55.222.827,00|
|06/07/2020|R|75.000,00|75.000,00|79.000,00|75.000,00|8|1.191|89.438.000,00|
|07/07/2020|R|75.000,00|75.000,00|75.000,00|73.000,00|5|146|10.674.000,00|
|08/07/2020|R|75.000,00|75.000,00|75.000,01|75.000,00|7|444|33.300.000,02|
|09/07/2020|R|75.000,00|80.000,00|80.000,00|77.000,00|7|83|6.491.000,00|
|10/07/2020|R|80.000,00|80.000,00|82.000,00|80.000,00|7|364|29.369.999,47|
|13/07/2020|R|80.000,00|80.000,00|82.000,00|80.000,00|8|471|37.708.600,00|
|14/07/2020|R|80.000,00|82.000,00|82.000,00|82.000,00|3|27|2.214.000,00|
|15/07/2020|R|82.000,00|81.498,00|81.498,00|80.000,00|3|75|6.037.450,00|
|17/07/2020|R|81.498,00|82.000,00|82.000,00|82.000,00|3|38|3.116.000,00|
|20/07/2020|R|82.000,00|85.000,00|85.000,00|81.000,00|6|312|25.711.000,00|
|21/07/2020|R|85.000,00|85.000,00|85.000,00|85.000,00|2|33|2.805.000,00|
|22/07/2020|R|85.000,00|85.000,00|85.000,00|84.000,00|12|215|18.263.000,00|
|23/07/2020|R|85.000,00|86.000,00|90.000,00|85.000,00|10|1.585|138.960.000,00|
|27/07/2020|R|86.000,00|87.950,00|90.000,00|87.500,00|13|232|20.380.400,00|
|28/07/2020|R|87.950,00|91.000,00|92.000,00|89.000,00|11|1.178|106.521.200,00|
|29/07/2020|R|91.000,00|92.000,00|92.100,00|91.100,00|15|2.646|243.612.068,00|
|30/07/2020|R|92.000,00|92.501,00|93.000,00|92.501,00|3|517|47.831.500,00|
|31/07/2020|R|92.501,00|92.000,00|93.001,00|92.000,00|16|2.257|209.014.913,00|
|03/08/2020|R|92.000,00|92.000,00|0,00|0,00|3|2.106|195.900.000,00|
|04/08/2020|R|92.000,00|95.000,00|95.000,00|93.000,00|12|279|25.977.097,00|
|05/08/2020|R|95.000,00|100.000,00|100.000,00|95.000,00|13|1.579|152.590.000,00|
|06/08/2020|R|100.000,00|100.000,00|100.000,00|99.900,00|22|2.572|254.839.000,00|
|07/08/2020|R|100.000,00|115.000,00|115.000,00|105.000,00|10|720|79.890.000,00|
|10/08/2020|R|115.000,00|115.000,00|115.000,00|115.000,00|7|493|58.410.000,00|
|11/08/2020|R|115.000,00|113.000,00|115.000,00|112.000,00|7|831|93.903.000,00|
|12/08/2020|R|113.000,00|110.000,00|112.000,00|110.000,00|6|110|12.341.000,00|
|13/08/2020|R|110.000,00|115.000,00|115.000,00|115.000,00|7|747|85.905.000,00|
|14/08/2020|R|115.000,00|117.000,00|120.000,00|117.000,00|5|102|12.180.000,00|
|17/08/2020|R|117.000,00|112.000,00|117.000,00|112.000,00|12|777|88.752.000,00|
|18/08/2020|R|112.000,00|110.000,00|112.000,00|110.000,00|18|3.422|379.061.000,00|
|19/08/2020|R|110.000,00|114.000,00|114.000,00|107.000,00|19|4.091|443.053.000,00|
|20/08/2020|R|114.000,00|110.000,00|115.000,00|110.000,00|14|2.376|264.646.000,00|
|21/08/2020|R|110.000,00|113.000,00|115.000,00|113.000,00|11|600|68.196.000,00|
|24/08/2020|R|113.000,00|115.000,00|115.000,00|114.000,00|7|239|27.479.000,00|
|25/08/2020|R|115.000,00|115.000,00|116.000,00|115.000,00|7|346|38.951.000,96|
|26/08/2020|R|115.000,00|115.000,00|116.000,00|94.001,01|9|583|60.729.302,87|
|27/08/2020|R|115.000,00|115.000,00|119.999,00|115.000,00|9|1.322|152.177.974,00|
|28/08/2020|R|115.000,00|115.000,00|119.000,00|115.000,00|18|2.924|336.280.000,00|
|31/08/2020|R|115.000,00|118.000,00|118.000,00|114.999,00|11|2.919|336.928.358,00|
|01/09/2020|R|118.000,00|116.000,00|117.000,00|116.000,00|10|222|25.781.000,00|
|02/09/2020|R|116.000,00|115.000,00|116.000,00|111.000,00|13|562|62.923.000,00|
|03/09/2020|R|115.000,00|113.000,00|115.000,00|113.000,00|14|820|93.219.500,00|
|04/09/2020|R|113.000,00|112.999,00|113.000,00|112.999,00|8|477|53.900.996,00|
|07/09/2020|R|112.999,00|113.000,00|113.000,00|113.000,00|9|2.441|275.833.000,00|
|08/09/2020|R|113.000,00|112.500,00|113.000,00|112.500,00|10|284|32.092.000,00|
|09/09/2020|R|112.500,00|112.500,00|113.000,00|112.500,00|2|6|675.500,00|
|10/09/2020|R|112.500,00|111.999,99|112.500,00|111.500,00|13|856|95.994.998,00|
|11/09/2020|R|111.999,99|111.999,99|111.999,99|111.999,99|3|446|49.951.995,54|
|15/09/2020|R|111.999,99|111.999,00|112.000,00|111.999,00|2|5|559.996,00|
|16/09/2020|R|111.999,00|111.000,00|112.000,00|110.000,00|7|547|60.211.000,00|
|17/09/2020|R|111.000,00|110.000,00|112.000,00|110.000,00|8|439|48.396.500,00|
|18/09/2020|R|110.000,00|100.100,10|110.000,00|100.100,10|9|621|67.187.437,00|
|21/09/2020|R|100.100,10|110.000,00|110.000,00|105.000,00|8|191|20.195.000,00|
|22/09/2020|R|110.000,00|100.100,00|110.000,00|100.100,00|15|746|78.064.755,00|
|23/09/2020|R|100.100,00|101.000,00|101.000,00|101.000,00|11|706|71.306.000,00|
|24/09/2020|R|101.000,00|101.000,00|101.000,00|100.050,00|19|2.490|250.657.555,00|
|25/09/2020|R|101.000,00|113.000,00|113.000,00|101.000,00|17|2.382|242.035.000,34|
|28/09/2020|R|113.000,00|112.999,99|113.000,00|112.999,99|9|378|42.713.999,68|
|29/09/2020|R|112.999,99|112.000,00|112.000,00|112.000,00|6|727|81.424.000,00|
|30/09/2020|R|112.000,00|112.000,00|115.000,00|112.000,00|14|514|57.613.000,00|
|01/10/2020|R|112.000,00|112.000,00|119.999,00|111.000,00|16|1.475|164.807.999,00|
|02/10/2020|R|112.000,00|112.000,00|112.000,00|112.000,00|11|324|36.288.000,00|
|05/10/2020|R|112.000,00|110.000,00|112.000,00|110.000,00|6|1.174|129.148.000,00|
|06/10/2020|R|110.000,00|118.000,00|118.000,00|113.000,00|13|1.394|158.855.978,00|
|07/10/2020|R|118.000,00|117.000,00|118.000,00|115.000,00|18|1.324|153.666.000,00|
|08/10/2020|R|117.000,00|119.000,00|125.000,00|117.000,00|16|1.160|137.927.999,50|
|09/10/2020|R|119.000,00|119.000,00|119.000,00|119.000,00|8|623|74.137.000,00|
|13/10/2020|R|119.000,00|115.000,00|119.000,00|115.000,00|7|174|20.374.000,00|
|14/10/2020|R|115.000,00|115.000,00|116.000,00|115.000,00|11|441|50.742.000,00|
|15/10/2020|R|115.000,00|115.000,00|115.500,00|115.000,00|13|2.085|239.795.002,02|
|20/10/2020|R|115.000,00|112.000,00|116.000,00|110.000,00|9|2.953|342.218.000,00|
|21/10/2020|R|112.000,00|113.000,00|113.000,00|112.000,00|8|1.784|199.838.000,00|
|23/10/2020|R|113.000,00|135.599,99|135.599,99|135.599,99|1|2|271.199,98|
|26/10/2020|R|135.599,99|130.000,00|130.000,00|130.000,00|6|128|16.640.000,00|
|27/10/2020|R|130.000,00|130.000,00|134.999,99|134.999,99|1|1|134.999,99|
|28/10/2020|R|130.000,00|134.999,99|134.999,99|130.000,00|10|1.712|222.589.999,94|
|29/10/2020|R|134.999,99|130.000,00|130.000,00|130.000,00|2|89|11.570.000,00|
|30/10/2020|R|130.000,00|140.000,01|140.000,01|133.000,00|15|1.115|155.016.009,16|
|02/11/2020|R|140.000,01|141.000,00|141.000,00|140.000,01|13|1.384|194.514.006,30|
|03/11/2020|R|141.000,00|163.000,05|168.000,00|161.000,05|9|1.999|324.477.070,55|
|04/11/2020|R|163.000,05|170.000,00|170.000,00|166.000,00|5|85|14.385.000,00|
|05/11/2020|R|170.000,00|180.000,00|180.000,00|170.000,00|19|1.451|253.358.000,00|
|06/11/2020|R|180.000,00|190.000,00|195.000,00|190.000,00|8|943|179.180.000,00|
|09/11/2020|R|190.000,00|190.000,00|190.000,00|190.000,00|3|64|12.160.000,00|
|10/11/2020|R|190.000,00|200.000,00|200.000,00|190.000,00|10|1.190|229.580.000,00|
|11/11/2020|R|200.000,00|200.000,00|200.000,00|200.000,00|4|679|135.800.000,00|
|12/11/2020|R|200.000,00|215.000,00|225.000,00|215.000,00|14|457|99.505.000,00|
|13/11/2020|R|215.000,00|215.000,00|215.000,00|215.000,00|10|1.434|308.310.000,00|
|16/11/2020|R|215.000,00|200.000,00|215.000,00|200.000,00|6|106|22.490.000,00|
|17/11/2020|R|200.000,00|200.000,00|200.000,00|200.000,00|10|150|30.000.000,00|
|18/11/2020|R|200.000,00|194.000,00|195.000,00|193.500,00|9|101|19.604.500,00|
|19/11/2020|R|194.000,00|194.000,00|194.000,00|194.000,00|7|78|15.132.000,00|
|20/11/2020|R|194.000,00|209.000,00|209.000,00|200.000,00|8|709|142.277.000,04|
|24/11/2020|R|209.000,00|225.000,00|225.000,00|209.000,00|11|1.020|223.890.000,00|
|25/11/2020|R|225.000,00|225.000,00|225.000,00|225.000,00|3|33|7.425.000,00|
|26/11/2020|R|225.000,00|270.000,00|270.000,00|260.000,00|5|530|138.100.000,00|
|27/11/2020|R|270.000,00|370.000,00|370.000,00|300.000,00|6|434|148.696.000,04|
|30/11/2020|R|370.000,00|450.000,00|450.000,00|380.000,00|11|111|49.054.000,00|
|01/12/2020|R|450.000,00|450.050,00|450.050,00|450.000,00|4|193|86.854.250,00|
|02/12/2020|R|450.050,00|450.000,00|475.000,00|450.000,00|14|506|227.787.300,00|
|03/12/2020|R|450.000,00|450.000,00|450.000,00|450.000,00|6|136|61.200.000,00|
|04/12/2020|R|450.000,00|450.000,00|450.000,00|450.000,00|6|83|37.350.000,00|
|07/12/2020|R|450.000,00|450.000,00|450.000,00|450.000,00|4|67|30.150.000,00|
|08/12/2020|R|450.000,00|425.000,00|450.000,00|425.000,00|5|2.205|954.700.000,00|
|09/12/2020|R|425.000,00|400.000,00|400.000,00|400.000,00|9|1.833|748.100.000,00|
|10/12/2020|R|400.000,00|400.000,00|400.000,00|400.000,00|5|660|264.000.000,00|
|11/12/2020|R|400.000,00|400.000,00|400.000,00|400.000,00|4|54|21.600.000,00|
|15/12/2020|R|400.000,00|400.000,00|400.000,00|380.000,00|6|727|290.300.000,00|
|16/12/2020|R|400.000,00|350.000,00|400.000,00|350.000,00|5|729|259.670.000,00|
|17/12/2020|R|350.000,00|350.000,00|375.000,00|350.000,00|12|368|132.835.000,00|
|18/12/2020|R|350.000,00|350.000,00|350.000,00|350.000,00|3|437|152.950.000,00|
|21/12/2020|R|350.000,00|350.000,00|350.000,00|350.000,00|7|143|50.050.000,00|
|22/12/2020|R|350.000,00|350.000,00|400.000,00|350.000,00|6|77|27.450.000,00|
|23/12/2020|R|350.000,00|350.000,00|400.000,00|350.000,00|12|1.635|573.523.000,00|
|28/12/2020|R|350.000,00|399.000,00|419.990,00|399.000,00|7|222|87.218.780,00|
|29/12/2020|R|399.000,00|399.000,00|399.010,00|399.000,00|4|550|219.450.130,00|
|30/12/2020|R|399.000,00|400.000,00|400.000,00|400.000,00|1|4|1.600.000,00|
|04/01/2021|R|400.000,00|400.000,00|400.010,00|400.000,00|11|518|207.201.700,00|
|05/01/2021|R|400.000,00|400.000,00|425.000,00|400.000,00|5|80|32.350.400,00|
|06/01/2021|R|400.000,00|445.000,00|450.000,00|440.000,00|15|370|165.890.000,00|
|07/01/2021|R|445.000,00|534.000,00|534.000,00|450.000,00|7|260|117.840.000,00|
|08/01/2021|R|534.000,00|600.000,00|600.000,00|534.000,00|9|493|288.352.000,00|
|12/01/2021|R|600.000,00|595.000,00|600.000,00|550.000,00|9|430|256.865.000,00|
|13/01/2021|R|595.000,00|568.000,00|599.000,00|568.000,00|9|179|103.105.960,00|
|14/01/2021|R|568.000,00|569.000,00|570.000,00|568.000,00|4|122|69.304.000,00|
|15/01/2021|R|569.000,00|550.000,00|569.000,00|546.000,00|14|3.813|2.096.369.000,00|
|19/01/2021|R|550.000,00|550.000,00|550.000,00|549.990,00|7|331|182.049.380,00|
|20/01/2021|R|550.000,00|570.000,00|570.000,00|570.000,00|8|127|72.390.000,00|
|21/01/2021|R|570.000,00|575.000,00|600.000,00|570.000,00|4|71|42.070.000,00|
|22/01/2021|R|575.000,00|590.000,00|600.000,00|575.000,00|17|552|326.455.000,00|
|25/01/2021|R|590.000,00|591.000,00|591.000,00|591.000,00|2|187|112.137.000,00|
|26/01/2021|R|591.000,00|600.000,00|600.000,00|595.000,00|13|302|180.690.000,00|
|27/01/2021|R|600.000,00|614.000,00|700.000,00|610.000,00|16|1.754|1.088.198.960,00|
|28/01/2021|R|614.000,00|614.010,00|620.010,00|614.010,00|8|5.417|3.332.820.650,00|
|29/01/2021|R|614.010,00|630.000,00|630.000,00|625.000,00|6|500|314.000.000,00|
|01/02/2021|R|630.000,00|628.000,00|630.000,00|628.000,00|12|158|99.392.000,00|
|02/02/2021|R|628.000,00|620.000,00|630.000,00|620.000,00|12|1.659|1.029.577.000,00|
|03/02/2021|R|620.000,00|619.000,00|625.000,00|600.000,00|13|363|220.969.930,00|
|04/02/2021|R|619.000,00|619.000,00|625.000,00|619.000,00|12|204|126.085.000,00|
|05/02/2021|R|619.000,00|615.000,00|625.000,00|615.000,00|10|118|72.764.000,00|
|08/02/2021|R|615.000,00|604.990,00|610.000,00|604.000,00|7|40|24.304.930,00|
|09/02/2021|R|604.990,00|609.000,00|609.000,00|550.000,00|11|4.911|2.702.466.000,00|
|10/02/2021|R|609.000,00|600.000,00|615.000,00|570.000,00|11|1.000|580.923.000,00|
|11/02/2021|R|600.000,00|600.000,00|600.000,00|600.000,00|10|569|341.400.000,00|
|12/02/2021|R|600.000,00|600.000,00|610.000,00|600.000,00|12|488|294.860.000,00|
|17/02/2021|R|600.000,00|600.000,00|600.000,00|599.990,00|11|981|588.594.290,00|
|18/02/2021|R|600.000,00|599.990,00|599.990,00|599.990,00|1|10|5.999.900,00|
|19/02/2021|R|599.990,00|600.000,00|600.000,00|600.000,00|12|1.358|814.800.000,00|
|22/02/2021|R|600.000,00|599.000,00|599.990,00|599.000,00|4|361|216.586.490,00|
|23/02/2021|R|599.000,00|600.000,00|601.000,00|600.000,00|19|2.897|1.738.994.000,00|
|24/02/2021|R|600.000,00|600.000,00|605.000,00|600.000,00|17|1.801|1.080.605.000,00|
|25/02/2021|R|600.000,00|600.000,00|600.000,00|600.000,00|10|1.593|955.800.000,00|
|26/02/2021|R|600.000,00|601.010,00|699.990,00|600.000,00|4|204|122.700.980,00|
|01/03/2021|R|601.010,00|700.000,00|700.000,00|615.000,00|5|312|193.700.000,00|
|02/03/2021|R|700.000,00|700.000,00|720.000,00|700.000,00|9|216|151.000.000,00|
|03/03/2021|R|700.000,00|679.000,00|699.990,00|650.000,00|14|301|200.582.620,00|
|04/03/2021|R|679.000,00|670.000,00|675.000,00|670.000,00|5|126|84.920.000,00|
|05/03/2021|R|670.000,00|675.000,00|675.000,00|650.000,00|12|6.429|4.328.432.000,00|
|08/03/2021|R|675.000,00|680.000,00|680.000,00|680.000,00|1|2|1.360.000,00|
|09/03/2021|R|680.000,00|680.000,00|680.000,00|670.000,00|12|451|305.720.000,00|
|10/03/2021|R|680.000,00|690.000,00|695.000,00|690.000,00|6|405|279.725.000,00|
|11/03/2021|R|690.000,00|695.000,00|700.000,00|690.000,00|6|89|61.675.000,00|
|12/03/2021|R|695.000,00|700.000,00|700.000,00|700.000,00|6|774|541.800.000,00|
|15/03/2021|R|700.000,00|699.990,00|700.000,00|699.980,00|6|893|625.099.680,00|
|16/03/2021|R|699.990,00|724.000,00|725.000,00|700.000,00|7|1.224|881.526.000,00|
|17/03/2021|R|724.000,00|750.000,00|850.000,00|730.000,00|7|80|60.200.000,00|
|18/03/2021|R|750.000,00|749.000,00|750.000,00|701.000,00|5|93|67.946.000,00|
|22/03/2021|R|749.000,00|745.000,00|750.000,00|745.000,00|14|1.317|987.055.800,00|
|23/03/2021|R|745.000,00|732.000,00|749.000,00|732.000,00|3|39|29.069.000,00|
|24/03/2021|R|732.000,00|730.000,00|732.000,00|725.000,00|14|544|397.498.000,00|
|25/03/2021|R|730.000,00|750.000,00|750.000,00|725.000,00|6|500|365.530.000,00|
|26/03/2021|R|750.000,00|800.000,00|824.000,00|800.000,00|3|16|13.112.000,00|
|30/03/2021|R|800.000,00|830.000,00|832.000,00|800.000,00|6|97|79.618.000,00|
|31/03/2021|R|830.000,00|830.000,00|850.000,00|829.000,00|7|123|102.273.000,00|
|05/04/2021|R|830.000,00|830.000,00|830.000,00|830.000,00|10|598|496.340.000,00|
|06/04/2021|R|830.000,00|830.000,00|830.000,00|830.000,00|9|77|63.910.000,00|
|07/04/2021|R|830.000,00|819.000,00|830.000,00|819.000,00|6|389|319.163.000,00|
|08/04/2021|R|819.000,00|800.000,00|820.000,00|799.000,00|9|648|527.530.000,00|
|09/04/2021|R|800.000,00|800.000,00|805.000,00|800.000,00|6|362|291.345.000,00|
|12/04/2021|R|800.000,00|814.500,00|819.000,00|805.000,00|6|536|433.021.000,00|
|13/04/2021|R|814.500,00|814.500,00|814.500,00|814.500,00|2|210|171.045.000,00|
|14/04/2021|R|814.500,00|800.000,00|809.000,00|800.000,00|19|2.717|2.176.114.990,00|
|15/04/2021|R|800.000,00|830.000,00|830.000,00|800.000,00|20|6.749|5.450.591.000,00|
|20/04/2021|R|840.010,00|955.000,00|955.000,00|845.000,00|4|34|29.885.010,00|
|21/04/2021|R|955.000,00|1.020.000,00|1.079.000,00|965.000,00|16|881|890.613.000,00|
|22/04/2021|R|1.020.000,00|1.025.000,00|1.100.000,00|1.021.000,00|7|1.526|1.565.705.000,00|
|23/04/2021|R|1.025.000,00|1.223.000,00|1.223.000,00|1.031.000,00|10|669|754.558.000,00|
|26/04/2021|R|1.223.000,00|1.465.000,00|1.465.000,00|1.223.000,00|19|2.409|3.182.004.000,00|
|27/04/2021|R|1.465.000,00|1.500.000,00|1.600.000,00|1.500.000,00|9|1.783|2.674.600.000,00|
|28/04/2021|R|1.500.000,00|1.799.990,00|1.799.990,00|1.650.000,00|4|37|65.449.720,00|
|29/04/2021|R|1.799.990,00|2.030.000,00|2.030.000,00|1.880.000,00|10|184|366.300.000,00|
|30/04/2021|R|2.030.000,00|1.900.000,00|2.030.000,00|1.800.000,00|16|2.971|5.696.233.000,00|
|03/05/2021|R|1.900.000,00|1.800.000,00|1.900.000,00|1.800.000,00|9|686|1.291.109.000,00|
|04/05/2021|R|1.800.000,00|1.650.000,00|1.890.000,00|1.650.000,00|10|55|97.920.000,00|
|05/05/2021|R|1.650.000,00|1.600.000,00|1.700.000,00|1.600.000,00|12|1.173|1.964.747.000,00|
|06/05/2021|R|1.600.000,00|1.800.000,00|1.870.000,00|1.670.000,00|19|1.478|2.496.305.000,00|
|07/05/2021|R|1.800.000,00|1.799.990,00|1.801.000,00|1.790.000,00|10|819|1.473.965.430,00|
|10/05/2021|R|1.799.990,00|1.800.000,00|1.805.000,00|1.800.000,00|6|233|390.930.000,00|
|11/05/2021|R|1.800.000,00|1.779.000,00|1.800.000,00|1.779.000,00|7|1.773|2.968.467.000,00|
|12/05/2021|R|1.779.000,00|1.700.000,00|1.779.000,00|1.700.000,00|6|366|622.437.000,00|
|13/05/2021|R|1.700.000,00|1.700.000,00|1.700.000,00|1.699.000,00|8|885|1.504.490.000,00|
|14/05/2021|R|1.700.000,00|1.690.000,00|1.700.000,00|1.690.000,00|11|537|906.505.500,00|
|17/05/2021|R|1.690.000,00|1.650.000,00|1.690.000,00|1.650.000,00|10|1.554|2.565.540.000,00|
|18/05/2021|R|1.650.000,00|1.650.000,00|1.650.000,00|1.650.000,00|23|2.109|3.479.850.000,00|
|19/05/2021|R|1.650.000,00|1.655.000,00|1.800.000,00|1.650.000,00|10|13.109|21.633.669.000,00|
|20/05/2021|R|1.655.000,00|1.800.000,00|1.800.000,00|1.700.000,00|3|29|50.010.000,00|
|21/05/2021|R|1.800.000,00|1.740.000,00|1.900.000,00|1.700.000,00|11|2.568|4.423.500.000,00|
|25/05/2021|R|1.740.000,00|1.740.000,00|1.800.000,00|1.740.000,00|18|251|443.660.000,00|
|26/05/2021|R|1.740.000,00|1.700.000,00|1.740.000,00|1.700.000,00|3|568|967.200.000,00|
|27/05/2021|R|1.700.000,00|1.700.000,00|1.700.000,00|1.700.000,00|8|10.281|17.477.700.000,00|
|28/05/2021|R|1.700.000,00|1.800.000,00|1.800.000,00|1.700.000,00|12|167|291.216.000,00|
|31/05/2021|R|1.800.000,00|1.700.000,00|1.700.000,00|1.700.000,00|6|32|54.400.000,00|
|01/06/2021|R|1.700.000,00|1.600.000,00|1.700.000,00|1.600.000,00|9|101|169.250.000,00|
|02/06/2021|R|1.600.000,00|1.699.000,00|1.700.000,00|1.600.000,00|10|759|1.219.090.500,00|
|03/06/2021|R|1.699.000,00|1.600.000,00|1.699.000,00|1.600.000,00|17|3.792|6.153.811.170,00|
|04/06/2021|R|1.600.000,00|1.600.000,00|1.661.000,00|1.600.000,00|19|3.618|5.902.864.020,00|
|07/06/2021|R|1.600.000,00|1.549.500,00|1.600.000,00|1.549.500,00|6|949|1.517.381.000,00|
|08/06/2021|R|1.549.500,00|1.649.000,00|1.650.000,00|1.580.000,00|18|1.813|2.924.496.000,00|
|09/06/2021|R|1.649.000,00|1.674.000,00|1.675.000,00|1.650.000,00|6|214|353.307.000,00|
|10/06/2021|R|1.674.000,00|1.600.000,00|1.700.000,00|1.500.000,00|7|691|1.044.619.000,00|
|11/06/2021|R|1.600.000,00|1.680.000,00|1.700.000,00|1.680.000,00|5|37|62.395.000,00|
|15/06/2021|R|1.680.000,00|1.599.990,00|1.680.000,00|1.599.990,00|11|1.144|1.839.709.940,00|
|16/06/2021|R|1.599.990,00|1.599.900,00|1.601.000,00|1.599.900,00|5|168|268.796.200,00|
|17/06/2021|R|1.599.900,00|1.599.900,00|1.599.900,00|1.599.900,00|4|29|46.397.100,00|
|18/06/2021|R|1.599.900,00|1.595.000,00|1.601.000,00|1.595.000,00|10|870|1.389.571.900,00|
|21/06/2021|R|1.595.000,00|1.595.000,00|1.595.000,00|1.550.000,00|10|1.110|1.743.250.000,00|
|22/06/2021|R|1.595.000,00|1.650.010,00|1.650.010,00|1.601.000,00|8|375|606.500.540,00|
|23/06/2021|R|1.650.010,00|1.750.000,00|1.750.000,00|1.701.000,00|5|399|698.103.000,00|
|25/06/2021|R|1.750.000,00|1.700.000,00|1.800.000,00|1.700.000,00|13|274|475.115.000,00|
|29/06/2021|R|1.700.000,00|1.795.000,00|1.800.000,00|1.700.000,00|8|42|74.395.000,00|
|30/06/2021|R|1.795.000,00|1.750.000,00|1.800.000,00|1.750.000,00|11|328|580.665.000,00|
|01/07/2021|R|1.750.000,00|1.794.990,00|1.794.990,00|1.750.000,00|9|615|1.076.474.950,00|
|02/07/2021|R|1.794.990,00|1.794.000,00|1.795.000,00|1.794.000,00|13|776|1.386.050.350,00|
|06/07/2021|R|1.794.000,00|1.700.000,00|1.751.000,00|1.700.000,00|4|82|142.862.000,00|
|07/07/2021|R|1.700.000,00|1.650.000,00|1.700.000,00|1.650.000,00|10|1.054|1.741.552.000,00|
|08/07/2021|R|1.650.000,00|1.700.000,00|1.700.000,00|1.700.000,00|3|55|93.500.000,00|
|09/07/2021|R|1.700.000,00|1.695.000,00|1.695.000,00|1.600.000,00|7|619|993.295.000,00|
|12/07/2021|R|1.695.000,00|1.599.990,00|1.600.000,00|1.599.990,00|8|1.657|2.651.194.460,00|
|13/07/2021|R|1.599.990,00|1.599.990,00|1.650.000,00|1.599.990,00|14|1.987|3.182.213.880,00|
|14/07/2021|R|1.599.990,00|1.610.000,00|1.700.000,00|1.602.000,00|8|1.613|2.593.126.000,00|
|15/07/2021|R|1.610.000,00|1.701.000,00|1.800.000,00|1.680.000,00|15|1.479|2.512.963.000,00|
|16/07/2021|R|1.701.000,00|1.999.990,00|2.000.000,00|1.725.000,00|14|2.760|4.843.404.230,00|
|19/07/2021|R|1.999.990,00|2.000.000,00|2.000.000,00|1.999.990,00|9|1.260|2.519.998.360,00|
|20/07/2021|R|2.000.000,00|2.099.990,00|2.100.010,00|2.000.000,00|13|3.108|6.410.504.700,00|
|21/07/2021|R|2.099.990,00|2.100.000,00|2.150.000,00|2.099.990,00|8|4.826|10.160.633.490,00|
|22/07/2021|R|2.100.000,00|2.100.000,00|2.150.000,00|2.100.000,00|9|6.226|13.124.599.100,00|
|23/07/2021|R|2.100.000,00|2.225.000,00|2.225.000,00|2.125.000,00|6|2.278|4.917.550.000,00|
|26/07/2021|R|2.225.000,00|2.247.900,00|2.249.900,00|2.247.900,00|2|104|233.783.600,00|
|27/07/2021|R|2.247.900,00|2.000.000,00|2.237.950,00|2.000.000,00|4|3.021|6.046.996.950,00|
|28/07/2021|R|2.000.000,00|2.000.000,00|2.200.000,00|2.000.000,00|3|21|42.200.000,00|
|29/07/2021|R|2.000.000,00|2.000.000,00|2.169.000,00|2.000.000,00|7|213|427.690.000,00|
|30/07/2021|R|2.000.000,00|2.168.000,00|2.168.000,00|2.100.000,00|2|30|64.156.000,00|
|02/08/2021|R|2.168.000,00|2.149.000,00|2.168.000,00|2.149.000,00|4|227|488.032.000,00|
|03/08/2021|R|2.149.000,00|2.139.000,00|2.150.000,00|2.139.000,00|8|201|431.089.000,00|
|04/08/2021|R|2.139.000,00|2.130.000,00|2.149.000,00|2.130.000,00|4|172|368.889.800,00|
|05/08/2021|R|2.130.000,00|2.000.000,00|2.000.000,00|2.000.000,00|5|298|596.000.000,00|
|06/08/2021|R|2.000.000,00|2.000.000,00|2.000.000,00|1.900.000,00|5|660|1.310.000.000,00|
|09/08/2021|R|2.000.000,00|1.900.000,00|2.000.000,00|1.900.000,00|10|2.489|4.970.600.000,00|
|10/08/2021|R|1.900.000,00|1.930.000,00|2.000.000,00|1.930.000,00|4|366|712.550.000,00|
|11/08/2021|R|1.930.000,00|1.830.000,00|1.930.000,00|1.815.000,00|5|432|786.040.000,00|
|12/08/2021|R|1.830.000,00|1.965.000,00|1.965.000,00|1.900.010,00|3|112|212.931.100,00|
|13/08/2021|R|1.965.000,00|1.970.000,00|2.000.000,00|1.970.000,00|7|705|1.392.690.000,00|
|16/08/2021|R|1.970.000,00|1.970.000,00|1.970.000,00|1.966.000,00|5|42|82.700.000,00|
|17/08/2021|R|1.970.000,00|1.975.000,00|1.975.000,00|1.975.000,00|5|44|86.900.000,00|
|18/08/2021|R|1.975.000,00|1.950.000,00|2.000.000,00|1.950.000,00|7|183|363.050.000,00|
|19/08/2021|R|1.950.000,00|1.950.000,00|2.000.000,00|1.950.000,00|6|1.000|1.958.750.000,00|
|20/08/2021|R|1.950.000,00|2.100.000,00|2.100.000,00|2.100.000,00|3|214|449.400.000,00|
|23/08/2021|R|2.100.000,00|2.100.000,00|2.100.000,00|2.100.000,00|3|130|273.000.000,00|
|24/08/2021|R|2.100.000,00|2.075.000,00|2.100.000,00|2.000.000,00|8|497|1.010.550.000,00|
|25/08/2021|R|2.075.000,00|2.005.000,00|2.100.000,00|2.005.000,00|6|1.228|2.477.755.000,00|
|26/08/2021|R|2.005.000,00|2.005.000,00|2.005.000,00|2.005.000,00|4|30|60.150.000,00|
|27/08/2021|R|2.005.000,00|2.100.000,00|2.200.000,00|2.100.000,00|11|1.052|2.246.600.000,00|
|30/08/2021|R|2.100.000,00|2.100.000,00|2.100.000,00|2.100.000,00|3|66|138.600.000,00|
|31/08/2021|R|2.100.000,00|2.049.980,00|2.050.000,00|2.049.980,00|3|26|53.299.600,00|
|01/09/2021|R|2.049.980,00|2.050.000,00|2.050.000,00|2.049.980,00|10|600|1.229.988.600,00|
|02/09/2021|R|2.050.000,00|2.000.000,00|2.050.000,00|2.000.000,00|11|789|1.588.800.000,00|
|03/09/2021|R|2.000.000,00|1.900.000,00|2.100.000,00|1.900.000,00|6|132|255.370.000,00|
|06/09/2021|R|1.900.000,00|1.950.000,00|1.950.000,00|1.950.000,00|2|1.000|1.950.000.000,00|
|07/09/2021|R|1.950.000,00|1.910.000,00|1.910.000,00|1.910.000,00|5|215|409.650.000,00|
|08/09/2021|R|1.910.000,00|2.000.000,00|2.000.000,00|1.900.000,00|6|132|254.400.550,00|
|09/09/2021|R|2.000.000,00|2.000.000,00|2.000.000,00|2.000.000,00|6|248|496.999.900,00|
|10/09/2021|R|2.000.000,00|2.000.000,00|2.099.990,00|2.000.000,00|3|11|22.199.980,00|










 























































