 

|08/05/2013|R|17,50|17,50|0,00|0,00|1|464|6.496,00|
|10/05/2013|R|17,50|17,50|0,00|0,00|1|70|1.470,00|
|15/05/2013|R|17,50|17,00|17,00|17,00|15|10.490|178.330,00|
|17/05/2013|R|17,00|16,50|16,50|16,50|1|200|3.300,00|
|23/05/2013|R|16,50|10,02|10,02|10,02|1|310|3.106,20|
|05/06/2013|R|10,02|10,02|15,99|15,99|1|60|959,40|
|10/06/2013|R|10,02|15,00|15,00|15,00|2|208|3.120,00|
|12/06/2013|R|15,00|15,00|15,00|15,00|3|20.127|291.905,00|
|13/06/2013|R|15,00|15,00|15,00|15,00|1|5.812|87.180,00|
|17/06/2013|R|15,00|15,00|15,00|15,00|3|5.922|88.830,00|
|18/06/2013|R|15,00|15,45|15,50|15,45|2|5.500|85.225,00|
|19/06/2013|R|15,45|15,50|15,50|15,50|2|14.530|225.215,00|
|21/06/2013|R|15,50|22,00|22,00|16,00|4|2.989|61.984,00|
|25/06/2013|R|22,00|22,00|22,00|21,99|3|22.480|494.469,60|
|26/06/2013|R|22,00|22,00|22,00|22,00|1|300|6.600,00|
|27/06/2013|R|22,00|22,00|22,00|22,00|1|700|15.400,00|
|28/06/2013|R|22,00|25,00|25,00|24,50|2|1.500|37.222,50|
|03/07/2013|R|25,00|25,00|0,00|0,00|2|600|13.500,00|
|04/07/2013|R|25,00|25,00|25,00|25,00|3|1.315|32.875,00|
|08/07/2013|R|25,00|30,00|30,00|30,00|3|7.522|225.660,00|
|09/07/2013|R|30,00|30,00|31,00|30,00|29|3.040|91.240,00|
|12/07/2013|R|30,00|30,00|30,00|30,00|1|400|12.000,00|
|17/07/2013|R|30,00|24,00|24,00|24,00|2|198|4.752,00|
|26/07/2013|R|24,00|27,00|27,00|27,00|1|726|19.602,00|
|29/07/2013|R|27,00|27,00|29,00|29,00|1|50|1.450,00|
|02/08/2013|R|27,00|27,00|23,25|23,25|1|100|2.325,00|
|06/08/2013|R|27,00|25,00|25,00|25,00|2|2.600|65.000,00|
|16/08/2013|R|25,00|27,00|27,00|27,00|1|1.450|39.150,00|
|22/08/2013|R|27,00|27,00|27,00|27,00|1|500|13.500,00|
|23/08/2013|R|27,00|26,00|26,00|26,00|2|22.700|590.300,00|
|27/08/2013|R|26,00|25,50|25,50|25,50|2|9.638|245.769,00|
|28/08/2013|R|25,50|25,50|25,50|25,50|3|9.541|243.295,50|
|03/09/2013|R|25,50|25,50|27,00|27,00|1|50|1.350,00|
|06/09/2013|R|25,50|25,50|25,50|25,50|1|5.000|127.500,00|
|09/09/2013|R|25,50|25,50|25,50|25,50|1|1.800|45.900,00|
|10/09/2013|R|25,50|25,50|25,50|25,50|3|3.199|81.574,50|
|11/09/2013|R|25,50|25,80|25,80|25,50|6|9.951|254.230,50|
|12/09/2013|R|25,80|26,00|26,00|26,00|3|1.080|28.080,00|
|16/09/2013|R|26,00|25,50|25,50|25,50|1|350|8.925,00|
|18/09/2013|R|25,50|26,00|29,00|26,00|2|330|8.760,00|
|23/09/2013|R|26,00|26,00|26,00|26,00|1|270|7.020,00|
|24/09/2013|R|26,00|25,50|26,00|25,50|2|1.346|34.438,00|
|25/09/2013|R|25,50|25,50|25,50|25,50|1|1.000|25.500,00|
|30/09/2013|R|25,50|25,50|26,95|26,95|1|100|2.695,00|
|09/10/2013|R|25,50|25,50|0,00|0,00|1|688|17.544,00|
|11/10/2013|R|25,50|25,50|25,50|25,50|2|1.274|32.487,00|
|15/10/2013|R|25,50|25,50|25,50|25,50|1|143|3.646,50|
|22/10/2013|R|25,50|25,50|25,50|25,50|1|83|2.116,50|
|23/10/2013|R|25,50|25,50|25,50|25,50|3|26.105|665.677,50|
|24/10/2013|R|25,50|25,50|25,50|25,50|1|200|5.100,00|
|25/10/2013|R|25,50|25,50|25,50|25,50|1|50|1.275,00|
|31/10/2013|R|25,50|25,50|25,50|25,50|1|5.000|127.500,00|
|01/11/2013|R|25,50|25,50|26,50|25,50|3|9.342|238.721,00|
|06/11/2013|R|25,50|25,50|25,50|25,50|1|9.055|230.902,50|
|11/11/2013|R|25,50|25,50|25,50|25,50|3|3.000|76.500,00|
|12/11/2013|R|25,50|25,50|25,50|25,50|4|18.594|474.147,00|
|20/11/2013|R|25,50|25,50|25,50|25,50|4|21.009|535.729,50|
|21/11/2013|R|25,50|25,50|25,50|25,50|2|8.906|227.103,00|
|22/11/2013|R|25,50|25,50|25,50|25,50|1|500|12.750,00|
|03/12/2013|R|25,50|25,50|25,50|25,50|1|55|1.402,50|
|04/12/2013|R|25,50|25,50|25,50|25,50|2|307|7.828,50|
|10/01/2014|R|25,50|26,00|26,05|26,00|3|4.000|104.075,37|
|23/01/2014|R|26,00|26,00|26,10|26,00|3|17.428|453.955,61|
|24/01/2014|R|26,00|26,00|26,00|26,00|2|38.463|1.000.038,00|
|28/01/2014|R|26,00|24,25|24,25|24,25|1|10.348|250.939,00|
|29/01/2014|R|24,25|24,25|24,25|24,25|1|100|2.425,00|
|31/01/2014|R|24,25|24,25|24,25|24,25|1|125|3.031,25|
|04/02/2014|R|24,25|24,26|24,26|24,25|2|1.822|44.191,72|
|07/02/2014|R|24,26|24,26|24,26|24,26|1|135|3.275,10|
|11/02/2014|R|24,26|24,26|24,26|24,26|2|1.171|28.408,46|
|13/02/2014|R|24,26|24,26|0,00|0,00|1|100|2.426,00|
|25/02/2014|R|24,26|24,00|24,25|24,00|3|27.462|662.973,50|
|26/02/2014|R|24,00|24,00|24,00|24,00|1|1.641|39.384,00|
|07/03/2014|R|24,00|24,00|24,00|24,00|1|10.000|240.000,00|
|11/03/2014|R|24,00|24,00|24,00|24,00|1|5.700|136.800,00|
|09/04/2014|R|24,00|22,80|22,80|22,80|1|1.900|43.320,00|
|11/04/2014|R|22,80|23,00|23,00|23,00|1|13.815|317.745,00|
|21/05/2014|R|23,00|21,70|24,50|21,70|2|6.215|135.467,50|
|28/05/2014|R|21,70|21,70|0,00|0,00|2|709|16.307,00|
|03/06/2014|R|21,70|21,70|0,00|0,00|2|5.000|110.313,00|
|10/06/2014|R|21,70|21,70|21,70|21,70|1|600|13.020,00|
|11/06/2014|R|21,70|23,00|23,00|23,00|2|6.000|138.000,00|
|18/06/2014|R|23,00|23,00|21,70|21,70|1|69|1.497,30|
|01/07/2014|R|23,00|23,00|23,00|23,00|1|2.300|52.900,00|
|18/07/2014|R|23,00|24,00|24,00|24,00|1|2.500|60.000,00|
|21/07/2014|R|24,00|24,00|24,00|24,00|1|10.500|252.000,00|
|22/07/2014|R|24,00|24,00|24,00|24,00|1|10.000|240.000,00|
|23/07/2014|R|24,00|24,00|24,00|24,00|1|2.500|60.000,00|
|30/07/2014|R|24,00|25,00|25,00|25,00|1|4.000|100.000,00|
|01/08/2014|R|25,00|25,00|25,00|25,00|2|12.100|302.500,00|
|04/08/2014|R|25,00|25,00|25,00|25,00|1|6.098|152.450,00|
|07/08/2014|R|25,00|25,00|25,00|25,00|1|1.084|27.100,00|
|08/08/2014|R|25,00|25,00|25,00|25,00|2|51.218|1.280.450,00|
|12/08/2014|R|25,00|25,00|25,00|25,00|3|10.000|250.000,00|
|13/08/2014|R|25,00|25,00|25,00|25,00|1|518|12.950,00|
|14/08/2014|R|25,00|25,00|25,00|25,00|1|26|650,00|
|20/08/2014|R|25,00|25,00|25,00|25,00|2|5.000|125.000,00|
|02/09/2014|R|25,00|25,00|25,00|25,00|3|14.400|360.000,00|
|17/09/2014|R|25,00|25,00|25,00|25,00|1|5.000|125.000,00|
|30/09/2014|R|25,00|25,00|25,00|25,00|3|16.000|400.000,00|
|01/10/2014|R|25,00|25,00|25,00|25,00|2|8.000|200.000,00|
|08/10/2014|R|25,00|25,00|25,00|25,00|1|12.000|300.000,00|
|15/10/2014|R|25,00|25,00|25,00|25,00|2|10.000|250.000,00|
|21/10/2014|R|25,00|25,00|25,00|25,00|1|6.023|150.575,00|
|23/10/2014|R|25,00|25,00|25,00|25,00|2|12.000|300.000,00|
|27/10/2014|R|25,00|25,00|25,00|25,00|1|4.377|109.425,00|
|03/11/2014|R|25,00|25,00|25,00|25,00|2|16.600|415.000,00|
|06/11/2014|R|25,00|25,00|25,00|25,00|3|17.000|425.000,00|
|10/11/2014|R|25,00|25,00|25,00|25,00|2|6.548|163.700,00|
|11/11/2014|R|25,00|25,00|25,00|25,00|5|28.647|716.175,00|
|13/11/2014|R|25,00|25,00|25,00|25,00|1|29.974|749.350,00|
|18/11/2014|R|25,00|25,50|25,50|25,50|4|666|16.983,00|
|19/11/2014|R|25,50|25,50|25,50|25,50|1|3.424|87.312,00|
|25/11/2014|R|25,50|25,51|25,51|25,51|1|3.000|76.530,00|
|09/12/2014|R|25,51|25,51|25,51|25,51|2|5.000|127.550,00|
|06/01/2015|R|25,51|26,00|26,00|26,00|1|1.267|32.942,00|
|19/01/2015|R|26,00|26,00|26,00|26,00|1|8.250|214.500,00|
|20/01/2015|R|26,00|26,00|25,51|25,51|2|98|2.499,98|
|30/01/2015|R|26,00|26,00|26,00|26,00|1|4.000|104.000,00|
|06/02/2015|R|26,00|26,00|26,00|26,00|1|9.247|240.422,00|
|09/02/2015|R|26,00|26,00|26,00|26,00|1|270|7.020,00|
|13/02/2015|R|26,00|26,00|26,00|26,00|1|8.483|220.558,00|
|25/02/2015|R|26,00|25,00|25,00|25,00|1|9.000|225.000,00|
|26/02/2015|R|25,00|25,00|25,00|25,00|2|1.065|26.625,00|
|02/03/2015|R|25,00|25,00|26,00|26,00|1|11|286,00|
|03/03/2015|R|25,00|26,00|26,00|26,00|1|9.404|244.504,00|
|12/03/2015|R|26,00|26,05|26,05|26,05|1|21.548|561.325,40|
|16/04/2015|R|26,05|28,05|28,05|28,05|1|179|5.020,95|
|04/05/2015|R|28,05|33,66|33,66|33,66|1|842|28.341,72|
|22/05/2015|R|33,66|41,00|41,00|41,00|1|1.000|41.000,00|
|03/06/2015|R|41,00|53,00|53,00|53,00|2|15.000|795.000,00|
|10/06/2015|R|53,00|75,00|75,00|75,00|2|5.000|375.000,00|
|12/06/2015|R|75,00|90,00|90,00|88,00|4|9.964|892.832,00|
|15/06/2015|R|90,00|100,00|100,00|90,00|3|4.118|411.420,00|
|16/06/2015|R|100,00|100,00|0,00|0,00|1|18|2.088,00|
|17/06/2015|R|100,00|105,00|105,00|105,00|2|1.580|165.900,00|
|18/06/2015|R|105,00|120,00|120,00|120,00|2|2.000|240.000,00|
|19/06/2015|R|120,00|135,00|135,00|135,00|2|23.900|3.226.500,00|
|22/06/2015|R|135,00|135,00|135,00|135,00|3|5.350|722.250,00|
|25/06/2015|R|135,00|155,00|155,00|154,95|2|8.000|1.239.850,00|
|26/06/2015|R|155,00|160,00|160,00|160,00|1|2.518|402.880,00|
|30/06/2015|R|160,00|191,00|191,00|191,00|1|508|97.028,00|
|02/07/2015|R|191,00|210,00|210,00|210,00|1|115|24.150,00|
|03/07/2015|R|210,00|210,00|210,00|210,00|1|10|2.100,00|
|06/07/2015|R|210,00|220,00|252,00|220,00|3|1.505|331.260,00|
|07/07/2015|R|220,00|263,50|263,50|263,50|1|500|131.750,00|
|08/07/2015|R|263,50|264,00|264,00|264,00|1|100|26.400,00|
|09/07/2015|R|264,00|260,00|264,00|260,00|3|150|39.400,00|
|15/07/2015|R|260,00|305,00|305,00|305,00|1|65|19.825,00|
|20/07/2015|R|305,00|305,00|309,00|305,00|2|102|31.318,00|
|21/07/2015|R|305,00|307,00|307,00|307,00|1|650|199.550,00|
|04/08/2015|R|307,00|303,00|303,00|303,00|1|500|151.500,00|
|13/08/2015|R|303,00|302,00|302,00|302,00|1|496|149.792,00|
|31/08/2015|R|302,00|302,00|302,00|250,00|3|667|189.006,00|
|15/09/2015|R|302,00|302,00|302,00|302,00|7|16.000|4.832.000,00|
|17/09/2015|R|302,00|270,00|270,00|270,00|1|508|137.160,00|
|23/09/2015|R|270,00|270,00|270,00|270,00|2|9.099|2.456.730,00|
|01/10/2015|R|270,00|269,00|269,00|265,00|4|10.012|2.750.620,00|
|23/10/2015|R|269,00|260,00|260,00|260,00|2|6.490|1.687.400,00|
|30/10/2015|R|260,00|260,00|260,00|260,00|1|1.700|442.000,00|
|04/11/2015|R|260,00|260,00|268,00|268,00|1|10|2.680,00|
|10/12/2015|R|260,00|250,00|250,00|250,00|6|16.431|4.107.750,00|
|14/12/2015|R|250,00|240,00|240,00|240,00|2|6.000|1.460.000,00|
|15/12/2015|R|240,00|240,00|250,00|240,00|3|1.015|243.700,00|
|16/12/2015|R|240,00|250,00|250,00|192,05|4|5.809|1.375.801,25|
|23/12/2015|R|250,00|250,00|250,00|250,00|2|13.146|3.286.500,00|
|14/01/2016|R|250,00|245,00|245,00|245,00|2|3.505|858.725,00|
|15/01/2016|R|245,00|245,00|245,00|245,00|1|90|22.050,00|
|18/01/2016|R|245,00|260,00|260,00|260,00|1|30|7.800,00|
|20/01/2016|R|260,00|250,00|250,00|250,00|1|215|53.750,00|
|28/01/2016|R|250,00|250,00|250,00|250,00|1|32|8.000,00|
|29/01/2016|R|250,00|250,00|250,00|250,00|1|1.000|250.000,00|
|02/02/2016|R|250,00|270,00|270,00|260,00|2|13.000|3.387.300,00|
|04/02/2016|R|270,00|270,00|270,00|270,00|1|1.600|432.000,00|
|11/02/2016|R|270,00|275,00|275,00|270,00|3|14.760|4.013.150,00|
|16/02/2016|R|275,00|275,00|0,00|0,00|1|7.413|1.853.250,00|
|17/02/2016|R|275,00|275,00|275,00|275,00|4|6.617|1.819.675,00|
|18/02/2016|R|275,00|275,00|275,00|275,00|2|92|25.300,00|
|19/02/2016|R|275,00|275,00|280,00|280,00|1|15|4.200,00|
|22/02/2016|R|275,00|275,00|0,00|0,00|1|2.888|722.000,00|
|24/02/2016|R|275,00|280,00|280,00|280,00|1|1.000|280.000,00|
|25/02/2016|R|280,00|280,00|280,00|280,00|4|14.877|4.014.300,00|
|26/02/2016|R|280,00|285,00|285,00|285,00|1|165|47.025,00|
|01/03/2016|R|285,00|285,00|285,00|285,00|1|20|5.700,00|
|02/03/2016|R|285,00|285,00|285,00|285,00|1|341|97.185,00|
|03/03/2016|R|285,00|285,00|285,00|285,00|2|5.479|1.371.325,00|
|11/03/2016|R|285,00|284,75|284,75|280,00|3|238|67.358,00|
|16/03/2016|R|284,75|285,00|285,00|285,00|3|30.130|8.587.050,00|
|28/03/2016|R|285,00|290,00|290,00|290,00|1|9.529|2.763.410,00|
|01/04/2016|R|290,00|285,00|285,00|285,00|2|6.033|1.719.405,00|
|07/04/2016|R|285,00|285,00|286,00|285,00|4|1.887|537.902,00|
|11/04/2016|R|285,00|285,00|285,00|285,00|1|2.187|623.295,00|
|12/04/2016|R|285,00|285,00|285,00|285,00|1|2|570,00|
|13/04/2016|R|285,00|285,00|285,00|285,00|2|40|11.400,00|
|21/04/2016|R|285,00|285,00|285,00|285,00|4|3.400|969.000,00|
|22/04/2016|R|285,00|287,00|287,00|287,00|2|7.788|2.235.156,00|
|02/05/2016|R|287,00|290,00|290,00|290,00|2|275|79.750,00|
|03/05/2016|R|290,00|290,00|290,00|290,00|1|40|11.600,00|
|10/05/2016|R|290,00|289,00|289,00|289,00|2|10.000|2.890.000,00|
|18/05/2016|R|289,00|289,00|0,00|0,00|1|4.113|1.069.380,00|
|20/05/2016|R|289,00|289,00|0,00|0,00|1|3.645|947.700,00|
|25/05/2016|R|289,00|289,00|0,00|0,00|1|3.245|843.700,00|
|31/05/2016|R|289,00|289,00|289,00|289,00|3|4.567|1.301.915,00|
|07/06/2016|R|289,00|260,00|260,00|260,00|2|12.415|3.227.900,00|
|27/06/2016|R|260,00|260,00|260,00|260,00|1|20.100|5.226.000,00|
|28/06/2016|R|260,00|260,00|260,00|260,00|1|110|28.600,00|
|29/06/2016|R|260,00|260,00|260,00|260,00|1|120|31.200,00|
|18/07/2016|R|260,00|260,00|259,95|259,95|1|20|5.199,00|
|01/08/2016|R|260,00|260,00|0,00|0,00|1|6.839|1.709.750,00|
|04/08/2016|R|260,00|260,00|0,00|0,00|1|3.846|923.040,00|
|10/08/2016|R|260,00|260,00|252,00|252,00|2|1.518|379.520,00|
|17/08/2016|R|260,00|259,00|260,00|254,00|5|12.447|3.223.604,00|
|22/08/2016|R|259,00|265,00|265,00|264,99|3|9.038|2.395.060,00|
|24/08/2016|R|265,00|280,00|280,00|270,00|5|24.075|6.620.435,00|
|25/08/2016|R|280,00|300,00|300,00|280,00|5|37.000|10.760.000,00|
|30/08/2016|R|300,00|320,00|320,00|305,00|4|32.000|10.000.000,00|
|01/09/2016|R|320,00|320,00|0,00|0,00|1|2.564|717.920,00|
|05/09/2016|R|320,00|325,00|325,00|320,00|2|4.902|1.592.615,00|
|09/09/2016|R|325,00|340,00|340,00|340,00|6|22.000|7.480.000,00|
|12/09/2016|R|340,00|340,00|340,00|340,00|1|12|4.080,00|
|13/09/2016|R|340,00|340,00|340,00|340,00|1|20|6.800,00|
|15/09/2016|R|340,00|340,00|340,00|340,00|1|10|3.400,00|
|16/09/2016|R|340,00|340,00|340,00|340,00|1|7|2.380,00|
|19/09/2016|R|340,00|340,00|340,00|340,00|1|21|7.140,00|
|20/09/2016|R|340,00|340,00|340,00|340,00|1|18|6.120,00|
|30/09/2016|R|340,00|340,00|340,00|340,00|1|10|3.400,00|
|03/10/2016|R|340,00|350,00|350,00|340,00|3|15.255|5.276.700,00|
|19/10/2016|R|350,00|365,00|365,00|355,00|3|18.000|6.480.000,00|
|20/10/2016|R|365,00|370,00|370,00|370,00|1|340|125.800,00|
|24/10/2016|R|370,00|370,00|370,00|370,00|1|50|18.500,00|
|25/10/2016|R|370,00|370,00|370,00|370,00|3|455|168.350,00|
|26/10/2016|R|370,00|375,00|375,00|375,00|1|3.018|1.131.750,00|
|28/10/2016|R|375,00|380,00|380,00|380,00|2|680|258.400,00|
|04/11/2016|R|380,00|430,00|430,00|390,00|8|4.515|1.769.400,00|
|08/11/2016|R|430,00|440,00|440,00|440,00|1|30|13.200,00|
|10/11/2016|R|440,00|490,00|490,00|440,00|6|510|237.900,00|
|11/11/2016|R|490,00|490,00|0,00|0,00|2|3.500|1.417.500,00|
|14/11/2016|R|490,00|490,00|0,00|0,00|1|2.393|1.172.570,00|
|15/11/2016|R|490,00|550,00|550,00|510,00|2|55|30.050,00|
|17/11/2016|R|550,00|550,00|620,00|620,00|1|5|3.100,00|
|18/11/2016|R|550,00|620,00|620,00|620,00|3|577|357.740,00|
|24/11/2016|R|620,00|700,00|700,00|660,01|3|2.093|1.461.380,93|
|25/11/2016|R|700,00|760,00|760,00|720,00|3|84|62.160,00|
|28/11/2016|R|760,00|840,00|840,00|800,00|3|75|61.500,00|
|29/11/2016|R|840,00|1.200,00|1.200,00|880,00|5|1.569|1.662.215,00|
|30/11/2016|R|1.200,00|1.600,00|1.600,00|1.300,00|8|5.148|8.224.800,00|
|01/12/2016|R|1.600,00|2.399,00|2.399,00|2.000,00|2|940|1.895.960,00|
|02/12/2016|R|2.399,00|2.400,00|2.400,00|2.400,00|1|200|480.000,00|
|07/12/2016|R|2.400,00|2.190,00|2.190,00|2.190,00|1|5|10.950,00|
|08/12/2016|R|2.190,00|2.000,00|2.000,00|1.752,00|3|832|1.657.304,00|
|09/12/2016|R|2.000,00|2.000,00|2.000,00|2.000,00|5|1.445|2.890.000,00|
|13/12/2016|R|2.000,00|1.750,00|1.750,00|1.750,00|1|1.805|3.158.750,00|
|14/12/2016|R|1.750,00|1.400,00|1.400,00|1.400,00|1|141|197.400,00|
|19/12/2016|R|1.400,00|1.400,00|1.400,00|1.400,00|1|5|7.000,00|
|12/01/2017|R|1.400,00|1.120,00|1.120,00|1.120,00|2|350|392.000,00|
|13/01/2017|R|1.120,00|896,01|896,01|896,01|2|500|448.005,00|
|16/01/2017|R|896,01|896,01|718,00|718,00|1|8|5.744,00|
|18/01/2017|R|896,01|850,00|850,00|850,00|1|25|21.250,00|
|25/01/2017|R|850,00|900,00|900,00|900,00|4|715|643.500,00|
|26/01/2017|R|900,00|900,00|900,00|900,00|1|36|32.400,00|
|27/01/2017|R|900,00|900,00|0,00|0,00|1|16|14.400,00|
|30/01/2017|R|900,00|900,00|900,00|900,00|2|67|60.300,00|
|10/02/2017|R|900,00|900,00|900,00|900,00|1|783|704.700,00|
|13/02/2017|R|900,00|1.000,00|1.000,00|900,00|7|3.993|3.613.700,00|
|14/02/2017|R|1.000,00|900,00|900,00|900,00|2|1.000|900.000,00|
|15/02/2017|R|900,00|1.000,00|1.000,00|1.000,00|1|415|415.000,00|
|16/02/2017|R|1.000,00|1.200,00|1.200,00|1.080,00|3|1.370|1.491.600,00|
|20/02/2017|R|1.200,00|1.200,00|1.250,00|1.200,00|2|290|355.000,00|
|22/02/2017|R|1.200,00|1.200,00|1.200,00|1.200,00|1|15|18.000,00|
|23/02/2017|R|1.200,00|1.200,00|1.200,00|1.200,00|2|4.315|5.178.000,00|
|03/03/2017|R|1.200,00|1.200,00|1.200,00|1.199,99|2|3.860|4.631.995,00|
|06/03/2017|R|1.200,00|1.250,00|1.250,00|1.250,00|1|23|28.750,00|
|09/03/2017|R|1.250,00|1.250,00|1.250,00|1.250,00|2|2.020|2.525.000,00|
|10/03/2017|R|1.250,00|1.250,00|1.250,00|1.250,00|1|827|1.033.750,00|
|14/03/2017|R|1.250,00|1.250,00|1.250,00|1.250,00|3|2.148|2.685.000,00|
|15/03/2017|R|1.250,00|1.250,00|1.250,00|1.250,00|2|1.000|1.250.000,00|
|21/03/2017|R|1.250,00|1.350,00|1.350,00|1.300,00|3|1.025|1.333.700,00|
|23/03/2017|R|1.350,00|1.350,00|0,00|0,00|2|2.172|2.715.000,00|
|27/03/2017|R|1.350,00|1.200,00|1.200,00|1.200,00|1|400|480.000,00|
|30/03/2017|R|1.200,00|1.200,00|0,00|0,00|1|845|845.000,00|
|03/04/2017|R|1.200,00|1.100,00|1.200,00|1.100,00|4|2.762|2.714.812,00|
|04/04/2017|R|1.100,00|1.100,00|1.100,00|1.100,00|1|560|616.000,00|
|05/04/2017|R|1.100,00|1.250,00|1.250,00|1.200,00|3|791|974.200,00|
|06/04/2017|R|1.250,00|1.300,00|1.300,00|1.300,00|2|709|921.700,00|
|18/04/2017|R|1.300,00|1.350,00|1.350,00|1.350,00|1|20|27.000,00|
|21/04/2017|R|1.350,00|1.400,00|1.400,00|1.350,00|8|3.899|5.337.750,00|
|24/04/2017|R|1.400,00|1.450,00|1.450,00|1.400,00|2|671|971.500,00|
|25/04/2017|R|1.450,00|1.550,00|1.550,00|1.450,00|5|1.206|1.778.050,00|
|26/04/2017|R|1.550,00|1.700,00|1.700,00|1.600,00|5|375|633.750,00|
|27/04/2017|R|1.700,00|1.850,00|1.850,00|1.750,00|5|168|307.350,00|
|28/04/2017|R|1.850,00|1.900,00|1.900,00|1.900,00|1|20|38.000,00|
|02/05/2017|R|1.900,00|1.900,00|0,00|0,00|1|2.416|3.672.320,00|
|03/05/2017|R|1.900,00|1.901,00|1.901,00|1.900,00|2|502|954.300,00|
|04/05/2017|R|1.901,00|1.901,00|0,00|0,00|1|2.766|4.207.086,00|
|05/05/2017|R|1.901,00|1.950,00|1.950,00|1.950,00|1|22|42.900,00|
|08/05/2017|R|1.950,00|2.100,00|2.100,00|2.000,00|3|443|888.000,00|
|09/05/2017|R|2.100,00|2.300,00|2.300,00|2.200,00|5|3.315|7.294.800,00|
|10/05/2017|R|2.300,00|2.700,00|2.700,00|2.400,00|5|66|168.100,00|
|11/05/2017|R|2.700,00|2.700,00|2.700,00|2.700,00|1|42|113.400,00|
|15/05/2017|R|2.700,00|2.599,00|2.599,00|2.599,00|1|10|25.990,00|
|19/05/2017|R|2.599,00|2.499,00|2.499,00|2.499,00|2|138|344.862,00|
|22/05/2017|R|2.499,00|2.499,00|0,00|0,00|1|3.192|6.639.360,00|
|25/05/2017|R|2.499,00|2.399,00|2.399,00|2.399,00|3|2.439|5.853.555,00|
|02/06/2017|R|2.399,00|2.480,00|2.480,00|2.480,00|3|1.277|3.070.003,00|
|05/06/2017|R|2.480,00|2.499,00|2.499,00|2.499,00|1|2.000|4.998.000,00|
|09/06/2017|R|2.499,00|2.480,00|2.480,00|2.480,00|2|800|1.984.000,00|
|13/06/2017|R|2.480,00|2.000,00|2.000,00|2.000,00|1|200|400.000,00|
|14/06/2017|R|2.000,00|1.800,00|1.800,00|1.800,00|1|3.232|5.817.600,00|
|20/06/2017|R|1.800,00|1.800,00|0,00|0,00|1|574|1.036.070,00|
|21/06/2017|R|1.800,00|2.000,00|2.000,00|2.000,00|2|685|1.370.000,00|
|22/06/2017|R|2.000,00|2.000,00|2.000,00|2.000,00|2|1.815|3.630.000,00|
|23/06/2017|R|2.000,00|2.000,00|2.000,00|2.000,00|2|185|370.000,00|
|26/06/2017|R|2.000,00|2.399,00|2.399,00|2.399,00|1|200|479.800,00|
|28/06/2017|R|2.399,00|2.489,00|2.489,00|2.489,00|1|25|62.225,00|
|30/06/2017|R|2.489,00|2.500,00|2.500,00|2.485,00|3|2.320|5.783.500,00|
|04/07/2017|R|2.500,00|2.399,00|2.399,00|2.399,00|1|59|141.541,00|
|06/07/2017|R|2.399,00|2.399,00|2.399,00|2.399,00|1|538|1.290.662,00|
|07/07/2017|R|2.399,00|2.399,00|2.300,00|2.300,00|1|20|46.000,00|
|10/07/2017|R|2.399,00|2.200,00|2.200,00|2.200,00|1|200|440.000,00|
|11/07/2017|R|2.200,00|2.200,00|2.200,00|2.200,00|4|728|1.601.600,00|
|18/07/2017|R|2.200,00|2.499,00|2.499,00|2.498,00|2|399|996.888,00|
|25/07/2017|R|2.499,00|2.500,00|2.500,00|2.500,00|13|7.949|19.872.500,00|
|02/08/2017|R|2.500,00|2.500,00|2.500,00|2.500,00|1|1.000|2.500.000,00|
|04/08/2017|R|2.500,00|2.550,00|2.550,00|2.550,00|1|8.492|21.654.600,00|
|10/08/2017|R|2.550,00|2.700,00|2.700,00|2.600,00|2|3.303|8.592.800,00|
|11/08/2017|R|2.700,00|2.700,00|2.700,00|2.700,00|1|300|810.000,00|
|16/08/2017|R|2.700,00|2.800,00|2.800,00|2.800,00|1|170|476.000,00|
|22/08/2017|R|2.800,00|2.900,00|2.900,00|2.900,00|1|30|87.000,00|
|30/08/2017|R|2.900,00|2.900,00|2.900,00|2.900,00|2|721|2.090.900,00|
|31/08/2017|R|2.900,00|2.900,00|2.900,00|2.900,00|1|26|75.400,00|
|01/09/2017|R|2.900,00|2.900,00|2.900,00|2.900,00|1|502|1.455.800,00|
|07/09/2017|R|2.900,00|3.000,01|3.000,01|3.000,00|2|154|462.001,44|
|12/09/2017|R|3.000,01|3.000,01|3.300,00|3.300,00|1|1|3.300,00|
|13/09/2017|R|3.000,01|3.477,00|3.477,00|3.477,00|1|200|695.400,00|
|15/09/2017|R|3.477,00|4.172,00|4.172,00|4.172,00|2|300|1.251.600,00|
|18/09/2017|R|4.172,00|4.990,00|4.990,00|4.990,00|2|115|573.850,00|
|20/09/2017|R|4.990,00|5.987,00|5.987,00|5.980,00|2|400|2.394.100,00|
|21/09/2017|R|5.987,00|6.800,00|6.800,00|6.200,00|2|226|1.505.000,00|
|28/09/2017|R|6.800,00|6.800,00|6.850,00|6.850,00|1|5|34.250,00|
|29/09/2017|R|6.800,00|7.000,00|7.000,00|6.850,00|4|1.500|10.460.747,00|
|03/10/2017|R|7.000,00|8.399,00|8.399,00|8.398,00|3|500|4.199.400,00|
|04/10/2017|R|8.399,00|8.500,00|8.500,00|8.500,00|1|150|1.275.000,00|
|05/10/2017|R|8.500,00|9.000,00|9.000,00|9.000,00|1|10|90.000,00|
|09/10/2017|R|9.000,00|9.000,00|9.000,00|9.000,00|2|990|8.910.000,00|
|11/10/2017|R|9.000,00|9.000,00|9.000,00|8.999,00|3|480|4.319.900,00|
|13/10/2017|R|9.000,00|9.000,00|9.000,00|9.000,00|2|348|3.132.000,00|
|19/10/2017|R|9.000,00|9.500,00|9.500,00|9.000,00|4|1.609|14.904.500,00|
|20/10/2017|R|9.500,00|9.500,00|0,00|0,00|1|10.561|100.329.500,00|
|23/10/2017|R|9.500,00|11.398,00|11.398,00|11.398,00|4|52|592.696,00|
|24/10/2017|R|11.398,00|13.670,00|13.670,00|11.000,00|3|271|3.135.130,00|
|30/10/2017|R|13.670,00|16.000,00|16.000,00|13.500,00|10|3.246|44.256.000,00|
|31/10/2017|R|16.000,00|17.000,00|17.000,00|16.500,00|6|915|15.152.500,00|
|01/11/2017|R|17.000,00|17.500,00|17.500,00|17.500,00|3|310|5.425.000,00|
|02/11/2017|R|17.500,00|17.500,00|17.500,00|17.500,00|2|4.483|71.801.500,00|
|03/11/2017|R|17.500,00|16.000,00|16.000,00|16.000,00|1|27|432.000,00|
|07/11/2017|R|16.000,00|18.000,00|18.000,00|12.801,00|6|77|1.121.050,00|
|09/11/2017|R|18.000,00|18.000,00|0,00|0,00|1|400|6.800.000,00|
|13/11/2017|R|18.000,00|17.600,00|17.600,00|17.600,00|1|10|176.000,00|
|15/11/2017|R|17.600,00|17.550,00|17.550,00|17.550,00|1|50|877.500,00|
|16/11/2017|R|17.550,00|17.550,00|17.400,00|17.400,00|2|22|382.800,00|
|21/11/2017|R|17.550,00|17.400,00|17.400,00|17.300,00|5|1.048|18.215.200,00|
|22/11/2017|R|17.400,00|17.200,00|17.300,00|17.200,00|3|2.010|34.772.000,00|
|27/11/2017|R|17.200,00|17.000,00|17.200,00|16.000,00|3|700|12.024.000,00|
|28/11/2017|R|17.000,00|17.000,00|16.950,00|16.950,00|1|2|33.900,00|
|29/11/2017|R|17.000,00|16.950,00|16.950,00|16.950,00|1|10|169.500,00|
|30/11/2017|R|16.950,00|16.000,00|16.500,00|16.000,00|3|160|2.585.000,00|
|01/12/2017|R|16.000,00|16.000,00|16.000,00|16.000,00|4|6.994|107.019.000,00|
|06/12/2017|R|16.000,00|16.500,00|16.500,00|16.000,00|2|2.218|35.493.000,00|
|07/12/2017|R|16.500,00|16.400,00|16.400,00|16.400,00|1|10|164.000,00|
|08/12/2017|R|16.400,00|16.500,00|16.500,00|16.500,00|1|310|5.115.000,00|
|12/12/2017|R|16.500,00|16.500,00|0,00|0,00|1|9.502|125.521.420,00|
|13/12/2017|R|16.500,00|16.500,00|16.500,00|16.500,00|1|150|2.475.000,00|
|14/12/2017|R|16.500,00|16.500,00|16.500,00|16.500,00|1|1.850|30.525.000,00|
|19/12/2017|R|16.500,00|16.500,00|16.500,00|16.500,00|1|50|825.000,00|
|20/12/2017|R|16.500,00|17.000,00|17.000,00|17.000,00|2|1.358|23.086.000,00|
|27/12/2017|R|17.000,00|17.000,00|17.000,00|17.000,00|1|101|1.717.000,00|
|08/01/2018|R|17.000,00|16.900,00|16.900,00|16.900,00|1|7|118.300,00|
|10/01/2018|R|16.900,00|17.000,00|17.000,00|17.000,00|1|200|3.400.000,00|
|11/01/2018|R|17.000,00|17.000,00|0,00|0,00|1|2.217|37.689.000,00|
|15/01/2018|R|17.000,00|16.500,00|16.500,00|16.500,00|2|4.236|69.894.000,00|
|17/01/2018|R|16.500,00|17.100,00|17.100,00|17.100,00|1|2.000|34.200.000,00|
|18/01/2018|R|17.100,00|17.100,00|0,00|0,00|1|3.167|54.155.700,00|
|19/01/2018|R|17.100,00|20.000,00|20.000,00|20.000,00|1|250|5.000.000,00|
|22/01/2018|R|20.000,00|20.000,00|20.000,00|20.000,00|3|7.086|141.720.000,00|
|24/01/2018|R|20.000,00|23.999,00|23.999,00|23.999,00|1|20|479.980,00|
|25/01/2018|R|23.999,00|24.000,00|24.000,00|24.000,00|1|6.000|144.000.000,00|
|26/01/2018|R|24.000,00|28.798,00|28.798,00|28.798,00|4|4.667|121.810.314,00|
|29/01/2018|R|28.798,00|34.557,00|34.557,00|34.557,00|1|20|691.140,00|
|30/01/2018|R|34.557,00|34.557,00|0,00|0,00|1|4.161|143.791.677,00|
|31/01/2018|R|34.557,00|38.000,00|38.000,00|34.557,00|5|6.000|224.655.700,00|
|02/02/2018|R|38.000,00|38.000,00|0,00|0,00|1|6.191|235.258.000,00|
|08/02/2018|R|38.000,00|35.000,00|40.000,00|35.000,00|3|184|6.460.000,00|
|14/02/2018|R|35.000,00|35.000,00|0,00|0,00|1|3.780|132.300.000,00|
|16/02/2018|R|35.000,00|35.000,00|35.000,00|35.000,00|1|348|12.180.000,00|
|19/02/2018|R|35.000,00|35.000,00|35.000,00|35.000,00|2|2.398|83.930.000,00|
|20/02/2018|R|35.000,00|35.000,00|35.000,00|35.000,00|2|13|455.000,00|
|23/02/2018|R|35.000,00|35.000,00|35.500,00|35.000,00|7|4.200|147.005.000,00|
|02/03/2018|R|35.000,00|33.100,00|33.100,00|33.100,00|1|2.870|94.997.000,00|
|05/03/2018|R|33.100,00|33.100,00|0,00|0,00|1|4.794|158.681.400,00|
|09/03/2018|R|33.100,00|35.000,00|35.000,00|35.000,00|2|244|8.540.000,00|
|13/03/2018|R|35.000,00|41.995,00|41.995,00|41.995,00|4|1.730|72.651.350,00|
|16/03/2018|R|41.995,00|50.390,00|50.390,00|50.390,00|1|10|503.900,00|
|20/03/2018|R|50.390,00|50.390,00|0,00|0,00|2|8.933|446.650.000,00|
|21/03/2018|R|50.390,00|56.000,00|56.000,00|55.000,00|3|2.068|115.740.000,00|
|22/03/2018|R|56.000,00|60.000,00|60.000,00|60.000,00|1|20|1.200.000,00|
|23/03/2018|R|60.000,00|67.000,00|67.000,00|67.000,00|2|1.080|72.360.000,00|
|26/03/2018|R|67.000,00|70.000,00|70.000,00|70.000,00|2|300|21.000.000,00|
|27/03/2018|R|70.000,00|80.000,00|80.000,00|80.000,00|2|412|32.960.000,00|
|28/03/2018|R|80.000,00|80.000,00|80.000,00|80.000,00|1|150|12.000.000,00|
|02/04/2018|R|80.000,00|80.000,00|80.000,00|80.000,00|1|1.500|120.000.000,00|
|03/04/2018|R|80.000,00|95.000,00|95.000,00|95.000,00|1|460|43.700.000,00|
|04/04/2018|R|95.000,00|95.501,00|95.501,00|95.501,00|1|40|3.820.040,00|
|10/04/2018|R|95.501,00|114.500,00|114.500,00|114.500,00|1|1.374|157.323.000,00|
|11/04/2018|R|114.500,00|137.400,00|137.400,00|137.400,00|1|30|4.122.000,00|
|12/04/2018|R|137.400,00|160.000,00|160.000,00|160.000,00|3|8.540|1.366.400.000,00|
|17/04/2018|R|160.000,00|190.000,00|190.000,00|190.000,00|1|1.344|255.360.000,00|
|25/04/2018|R|190.000,00|160.000,00|160.000,00|160.000,00|1|245|39.200.000,00|
|03/05/2018|R|160.000,00|160.000,00|160.000,00|160.000,00|1|3|480.000,00|
|04/05/2018|R|160.000,00|160.000,00|160.000,00|160.000,00|1|19|3.040.000,00|
|07/05/2018|R|160.000,00|190.000,00|190.000,00|190.000,00|2|20|3.800.000,00|
|08/05/2018|R|190.000,00|180.000,00|180.000,00|180.000,00|1|7|1.260.000,00|
|09/05/2018|R|180.000,00|180.000,00|180.000,00|180.000,00|1|5|900.000,00|
|10/05/2018|R|180.000,00|180.000,00|180.000,00|180.000,00|1|6|1.080.000,00|
|17/05/2018|R|180.000,00|210.000,00|210.000,00|210.000,00|1|1.000|210.000.000,00|
|18/05/2018|R|210.000,00|210.000,00|230.000,00|210.000,00|5|3.302|755.540.000,00|
|23/05/2018|R|210.000,00|210.000,00|0,00|0,00|1|87|18.270.000,00|
|28/05/2018|R|210.000,00|210.000,00|210.000,00|210.000,00|3|24.970|5.345.900.000,00|
|29/05/2018|R|210.000,00|210.000,00|210.000,00|210.000,00|1|44|9.240.000,00|
|30/05/2018|R|210.000,00|210.000,00|210.000,00|210.000,00|2|12.346|2.592.660.000,00|
|31/05/2018|R|210.000,00|210.000,00|0,00|0,00|1|43.557|9.146.970.000,00|
|01/06/2018|R|210.000,00|210.000,00|210.000,00|210.000,00|1|500|105.000.000,00|
|05/06/2018|R|210.000,00|225.000,00|225.000,00|225.000,00|2|2.946|618.750.000,00|
|12/06/2018|R|225.000,00|225.000,00|0,00|0,00|1|5.000|1.200.000.000,00|
|13/06/2018|R|225.000,00|269.950,00|269.950,00|269.950,00|2|6.504|1.691.079.800,00|
|14/06/2018|R|269.950,00|322.980,00|322.980,00|322.980,00|1|4|1.291.920,00|
|15/06/2018|R|322.980,00|300.000,00|322.980,00|300.000,00|3|70|21.022.980,00|
|18/06/2018|R|300.000,00|360.000,00|360.000,00|320.000,00|2|2.000|680.000.000,00|
|19/06/2018|R|360.000,00|432.000,00|432.000,00|432.000,00|1|5|2.160.000,00|
|26/06/2018|R|432.000,00|517.980,00|517.980,00|450.000,00|3|2.671|1.202.017.980,00|
|27/06/2018|R|517.980,00|517.980,00|0,00|0,00|1|2.500|1.125.000.000,00|
|28/06/2018|R|517.980,00|518.000,00|620.000,00|518.000,00|3|209|108.670.000,00|
|03/07/2018|R|518.000,00|525.000,00|525.000,00|525.000,00|2|9.055|4.753.875.000,00|
|04/07/2018|R|525.000,00|525.000,00|0,00|0,00|1|3.294|1.729.350.000,00|
|19/07/2018|R|525.000,00|525.000,00|0,00|0,00|1|3.918|2.056.950.000,00|
|02/08/2018|R|525.000,00|525.000,00|0,00|0,00|1|30.000|15.750.000.000,00|
|03/08/2018|R|525.000,00|525.000,00|525.000,00|525.000,00|2|20.001|10.500.525.000,00|
|06/08/2018|R|525.000,00|500.000,00|500.000,00|500.000,00|5|773|386.500.000,00|
|07/08/2018|R|500.000,00|500.000,00|500.000,00|500.000,00|1|100|50.000.000,00|
|13/08/2018|R|500.000,00|550.000,00|550.000,00|550.000,00|1|3.000|1.650.000.000,00|
|14/08/2018|R|550.000,00|650.000,00|650.000,00|650.000,00|1|12|7.800.000,00|
|15/08/2018|R|650.000,00|769.000,00|769.000,00|769.000,00|1|400|307.600.000,00|
|16/08/2018|R|769.000,00|900.000,00|900.000,00|900.000,00|1|375|337.500.000,00|
|21/08/2018|R|9,00|10,80|10,80|10,80|2|500|5.400,00|
|22/08/2018|R|10,80|12,96|12,96|12,00|3|146|1.882,56|
|23/08/2018|R|12,96|13,60|15,55|13,60|2|311|4.717,10|
|27/08/2018|R|13,60|14,00|14,00|14,00|2|146|2.044,00|
|31/08/2018|R|14,00|14,00|14,00|14,00|1|4.000|56.000,00|
|03/09/2018|R|14,00|14,00|14,00|14,00|1|3.680|51.520,00|
|04/09/2018|R|14,00|14,00|14,00|14,00|1|1.410|19.740,00|
|06/09/2018|R|14,00|14,00|14,00|14,00|3|2.300|32.200,00|
|07/09/2018|R|14,00|14,00|0,00|0,00|2|100|1.400,00|
|12/09/2018|R|14,00|14,00|14,00|14,00|1|20|280,00|
|13/09/2018|R|14,00|14,00|14,00|14,00|1|59|826,00|
|21/09/2018|R|14,00|14,00|14,00|14,00|2|70|980,00|
|27/09/2018|R|14,00|14,00|14,00|14,00|1|87|1.218,00|
|04/10/2018|R|14,00|14,00|14,00|14,00|2|5.743|80.402,00|
|05/10/2018|R|14,00|11,75|11,75|11,75|1|1.300|15.275,00|
|08/10/2018|R|11,75|11,75|11,75|11,75|1|71|834,25|
|10/10/2018|R|11,75|11,75|0,00|0,00|1|14.703|205.842,00|
|22/10/2018|R|11,75|9,41|9,41|9,41|1|7|65,87|
|24/10/2018|R|9,41|9,41|0,00|0,00|1|17.915|202.260,35|
|25/10/2018|R|9,41|11,25|11,25|9,50|15|20.700|207.325,00|
|26/10/2018|R|11,25|13,50|13,50|13,50|3|981|13.243,50|
|29/10/2018|R|13,50|14,00|14,00|14,00|2|3.500|49.000,00|
|31/10/2018|R|14,00|16,00|16,00|14,00|6|11.209|157.780,50|
|06/11/2018|R|16,00|16,00|16,00|16,00|2|1.809|25.526,00|
|08/11/2018|R|16,00|18,00|18,00|18,00|1|50|900,00|
|09/11/2018|R|18,00|18,00|18,01|18,00|2|180|3.240,30|
|12/11/2018|R|18,00|18,50|18,50|18,50|1|100|1.850,00|
|13/11/2018|R|18,50|19,00|19,00|19,00|1|1.000|19.000,00|
|14/11/2018|R|19,00|19,50|19,50|19,50|3|8.717|169.981,50|
|15/11/2018|R|19,50|19,75|19,75|19,75|2|200|3.950,00|
|20/11/2018|R|19,75|23,60|23,60|23,60|1|50|1.180,00|
|21/11/2018|R|23,60|27,00|28,31|27,00|3|133|3.725,93|
|23/11/2018|R|27,00|27,00|27,00|27,00|3|4.732|127.764,00|
|26/11/2018|R|27,00|30,00|30,00|30,00|2|15|450,00|
|28/11/2018|R|30,00|32,10|32,10|30,00|2|150|4.605,00|
|30/11/2018|R|32,10|33,00|33,00|33,00|2|1.300|42.900,00|
|07/12/2018|R|33,00|38,00|38,00|38,00|1|150|5.700,00|
|10/12/2018|R|38,00|38,00|38,00|38,00|2|950|36.100,00|
|11/12/2018|R|38,00|44,00|45,59|40,00|6|2.050|91.864,50|
|18/12/2018|R|44,00|50,00|50,00|50,00|1|50|2.500,00|
|20/12/2018|R|50,00|55,00|55,00|55,00|1|1|55,00|
|21/12/2018|R|55,00|55,00|55,00|55,00|2|349|19.195,00|
|26/12/2018|R|55,00|55,00|55,00|55,00|2|145|7.975,00|
|03/01/2019|R|55,00|55,00|55,00|55,00|1|30|1.650,00|
|10/01/2019|R|55,00|66,00|66,00|66,00|2|100|6.600,00|
|11/01/2019|R|66,00|114,03|114,03|79,20|4|301|23.876,03|
|14/01/2019|R|114,03|197,01|197,01|197,01|1|10|1.970,10|
|15/01/2019|R|197,01|220,00|220,00|220,00|1|200|44.000,00|
|16/01/2019|R|220,00|316,80|316,80|264,10|4|50|15.316,60|
|17/01/2019|R|316,80|379,00|379,00|379,00|3|170|64.430,00|
|23/01/2019|R|379,00|379,00|454,79|454,79|1|2|909,58|
|24/01/2019|R|379,00|350,00|350,00|350,00|1|50|17.500,00|
|28/01/2019|R|350,00|450,00|450,00|420,00|4|10.702|4.794.900,00|
|29/01/2019|R|450,00|450,00|450,00|450,00|1|1|450,00|
|31/01/2019|R|450,00|540,00|540,00|540,00|1|10|5.400,00|
|05/02/2019|R|540,00|777,00|777,00|648,00|7|11.530|8.792.850,00|
|06/02/2019|R|777,00|932,40|932,40|777,00|8|1.402|1.094.045,00|
|07/02/2019|R|932,40|980,00|980,00|950,00|9|3.205|3.111.990,00|
|08/02/2019|R|980,00|1.000,00|1.025,00|1.000,00|7|385|385.125,00|
|11/02/2019|R|1.000,00|980,00|1.000,00|980,00|3|3.710|3.649.800,00|
|12/02/2019|R|980,00|980,00|0,00|0,00|1|300|285.000,00|
|13/02/2019|R|980,00|960,00|960,00|960,00|1|350|336.000,00|
|14/02/2019|R|960,00|940,00|945,00|900,00|5|844|788.130,00|
|15/02/2019|R|940,00|900,00|900,00|900,00|10|13.361|12.210.900,00|
|18/02/2019|R|900,00|900,00|900,00|880,00|5|581|520.000,00|
|19/02/2019|R|900,00|950,00|990,00|946,00|6|1.405|1.341.750,00|
|20/02/2019|R|950,00|950,00|990,00|990,00|1|1|990,00|
|21/02/2019|R|950,00|970,00|970,00|970,00|4|1.000|970.000,00|
|22/02/2019|R|970,00|1.164,00|1.164,00|990,00|6|2.464|2.688.660,00|
|25/02/2019|R|1.164,00|1.400,00|1.400,00|1.200,00|4|850|1.185.896,00|
|26/02/2019|R|1.400,00|1.680,00|1.680,00|1.680,00|1|2.000|3.360.000,00|
|27/02/2019|R|1.680,00|2.016,00|2.016,00|1.740,00|8|533|1.053.430,00|
|06/03/2019|R|2.016,00|2.419,20|2.419,20|2.190,00|4|168|369.982,80|
|07/03/2019|R|2.419,20|2.400,00|2.900,00|2.000,00|9|2.953|7.836.800,00|
|14/03/2019|R|2.400,00|2.000,00|2.000,00|2.000,00|3|1.000|2.000.000,00|
|15/03/2019|R|2.000,00|2.000,00|2.000,00|2.000,00|1|62|124.000,00|
|18/03/2019|R|2.000,00|1.900,00|1.900,00|1.900,00|1|200|380.000,00|
|20/03/2019|R|1.900,00|1.700,00|1.900,00|1.700,00|4|551|946.900,00|
|21/03/2019|R|1.700,00|1.700,00|1.700,00|1.700,00|3|155|263.500,00|
|29/03/2019|R|1.700,00|1.700,00|1.700,00|1.700,00|2|1.000|1.700.000,00|
|02/04/2019|R|1.700,00|1.700,00|1.700,00|1.700,00|1|1|1.700,00|
|05/04/2019|R|1.700,00|1.825,00|1.825,00|1.825,00|1|100|182.500,00|
|08/04/2019|R|1.825,00|1.800,00|1.815,00|1.800,00|6|1.401|2.523.465,00|
|09/04/2019|R|1.800,00|1.750,00|1.820,00|1.750,00|7|12.032|21.458.240,00|
|10/04/2019|R|1.750,00|1.750,00|1.750,00|1.750,00|1|5.000|8.750.000,00|
|11/04/2019|R|1.750,00|1.750,00|1.750,00|1.750,00|4|5.000|8.750.000,00|
|22/04/2019|R|1.750,00|1.879,00|1.880,00|1.850,00|5|18.142|32.722.340,00|
|24/04/2019|R|1.879,00|1.879,00|1.879,00|1.600,00|3|200|373.847,00|
|25/04/2019|R|1.879,00|2.200,00|2.200,00|2.200,00|3|220|484.000,00|
|26/04/2019|R|2.200,00|2.639,99|2.639,99|2.200,00|2|110|246.399,90|
|29/04/2019|R|2.639,99|2.600,00|2.600,00|2.400,00|7|2.000|5.000.000,00|
|02/05/2019|R|2.600,00|2.650,00|2.650,00|2.600,00|3|1.100|2.890.000,00|
|03/05/2019|R|2.650,00|2.650,00|0,00|0,00|1|10.300|31.930.000,00|
|08/05/2019|R|2.650,00|2.650,00|2.650,00|2.650,00|2|1.970|5.201.800,00|
|10/05/2019|R|2.650,00|2.121,00|2.121,00|2.121,00|1|10|21.210,00|
|14/05/2019|R|2.121,00|2.500,00|2.500,00|2.500,00|1|50|125.000,00|
|15/05/2019|R|2.500,00|2.600,00|2.600,00|2.600,00|3|952|2.391.400,00|
|17/05/2019|R|2.600,00|2.500,00|2.500,00|2.500,00|3|2.135|5.337.500,00|
|27/05/2019|R|2.500,00|2.600,00|2.600,00|2.600,00|1|80|208.000,00|
|28/05/2019|R|2.600,00|2.600,00|0,00|0,00|3|18.000|46.800.000,00|
|29/05/2019|R|2.600,00|2.599,95|2.599,95|2.200,00|4|7.911|20.522.599,20|
|31/05/2019|R|2.599,95|2.450,00|2.450,00|2.450,00|2|690|1.690.500,00|
|04/06/2019|R|2.450,00|2.450,00|2.450,00|2.450,00|2|1.117|2.736.650,00|
|05/06/2019|R|2.450,00|2.430,00|2.430,00|2.430,00|1|408|991.440,00|
|06/06/2019|R|2.430,00|2.399,99|2.430,00|2.399,99|3|93|224.339,45|
|07/06/2019|R|2.399,99|2.429,97|2.430,00|2.429,97|2|46|111.778,77|
|10/06/2019|R|2.429,97|2.200,00|2.400,00|2.200,00|3|4.370|10.455.000,00|
|12/06/2019|R|2.200,00|2.200,00|0,00|0,00|2|3.030|6.666.000,00|
|13/06/2019|R|2.200,00|2.150,00|2.150,00|2.150,00|1|987|2.122.050,00|
|14/06/2019|R|2.150,00|2.100,00|2.100,00|2.100,00|6|4.061|8.528.100,00|
|18/06/2019|R|2.100,00|2.100,00|2.100,00|2.100,00|2|23|48.300,00|
|19/06/2019|R|2.100,00|2.210,00|2.300,00|2.100,00|4|557|1.231.900,00|
|20/06/2019|R|2.210,00|2.500,00|2.500,00|2.400,00|2|615|1.526.000,00|
|21/06/2019|R|2.500,00|2.600,00|2.600,00|2.600,00|1|1.000|2.600.000,00|
|25/06/2019|R|2.600,00|2.500,00|2.500,00|2.300,00|4|1.505|3.761.500,00|
|26/06/2019|R|2.500,00|2.650,00|2.650,00|2.500,00|5|692|1.790.000,00|
|27/06/2019|R|2.650,00|2.650,00|2.650,00|2.650,00|2|175|463.750,00|
|01/07/2019|R|2.650,00|2.600,00|2.700,00|2.600,00|6|2.614|6.957.200,00|
|02/07/2019|R|2.600,00|2.500,00|2.500,00|2.500,00|2|1.300|3.250.000,00|
|04/07/2019|R|2.500,00|2.500,00|2.950,00|2.950,00|1|2|5.900,00|
|09/07/2019|R|2.500,00|2.500,00|0,00|0,00|2|19.478|55.512.300,00|
|10/07/2019|R|2.500,00|2.800,00|2.950,00|2.800,00|5|2.135|6.157.702,00|
|12/07/2019|R|2.800,00|2.800,00|2.800,00|2.800,00|2|869|2.433.200,00|
|15/07/2019|R|2.800,00|2.800,00|2.800,00|2.800,00|1|20|56.000,00|
|16/07/2019|R|2.800,00|3.100,00|3.100,00|3.100,00|5|9.800|30.010.000,00|
|17/07/2019|R|3.100,00|2.800,00|2.800,00|2.800,00|2|147|411.600,00|
|18/07/2019|R|2.800,00|2.850,00|3.300,00|2.800,00|3|2.105|6.899.000,00|
|22/07/2019|R|2.850,00|2.850,00|0,00|0,00|1|200|570.000,00|
|25/07/2019|R|2.850,00|2.850,00|2.850,00|2.850,00|2|78|222.300,00|
|26/07/2019|R|2.850,00|3.000,00|3.100,00|3.000,00|5|5.112|15.399.100,00|
|29/07/2019|R|3.000,00|3.100,00|3.100,00|3.000,00|2|40|122.000,00|
|30/07/2019|R|3.100,00|3.100,00|3.100,00|3.100,00|1|3|9.300,00|
|31/07/2019|R|3.100,00|3.300,00|3.300,00|3.300,00|1|5.000|16.500.000,00|
|01/08/2019|R|3.300,00|3.300,00|0,00|0,00|1|200|660.000,00|
|02/08/2019|R|3.300,00|3.300,00|3.300,00|3.300,00|14|20.432|67.425.600,00|
|05/08/2019|R|3.300,00|3.300,00|3.300,00|3.300,00|1|10|33.000,00|
|06/08/2019|R|3.300,00|3.300,00|0,00|0,00|1|30|118.800,00|
|07/08/2019|R|3.300,00|3.900,00|3.960,10|3.900,00|4|901|3.524.177,10|
|08/08/2019|R|3.900,00|3.300,00|3.960,00|3.300,00|6|1.597|5.359.200,00|
|13/08/2019|R|3.300,00|3.300,00|3.300,00|3.300,00|1|200|660.000,00|
|14/08/2019|R|3.300,00|3.300,00|3.300,00|3.300,00|2|3.132|10.335.600,00|
|16/08/2019|R|3.300,00|3.850,00|3.850,00|3.850,00|3|241|927.850,00|
|20/08/2019|R|3.850,00|3.850,00|3.850,00|3.850,00|3|201|773.850,00|
|22/08/2019|R|3.850,00|3.850,00|3.850,00|3.850,00|7|2.633|10.137.050,00|
|26/08/2019|R|3.850,00|3.800,00|3.850,00|3.800,00|4|139|529.700,00|
|27/08/2019|R|3.800,00|3.790,00|3.790,00|3.790,00|4|3.973|15.094.670,00|
|28/08/2019|R|3.790,00|3.700,00|3.700,00|3.700,00|6|779|2.882.300,00|
|29/08/2019|R|3.700,00|3.785,00|3.785,00|3.700,00|11|7.786|29.178.010,00|
|30/08/2019|R|3.785,00|3.790,00|3.790,00|3.785,00|5|2.805|10.623.880,00|
|02/09/2019|R|3.790,00|4.500,00|4.500,00|4.500,00|2|112|504.000,00|
|03/09/2019|R|4.500,00|4.000,00|4.000,00|4.000,00|1|22|88.000,00|
|06/09/2019|R|4.000,00|4.799,00|4.799,90|4.799,00|2|84|403.140,30|
|10/09/2019|R|4.799,00|4.799,00|0,00|0,00|1|720|3.456.000,00|
|20/09/2019|R|4.900,00|4.750,00|4.750,00|4.750,00|3|266|1.263.500,00|
|23/09/2019|R|4.750,00|4.750,00|4.750,00|4.750,00|1|8|38.000,00|
|25/09/2019|R|4.750,00|4.200,00|4.200,00|4.200,00|1|937|3.935.400,00|
|26/09/2019|R|4.200,00|4.200,00|4.200,00|4.200,00|1|63|264.600,00|
|30/09/2019|R|4.200,00|4.200,00|4.500,00|4.500,00|1|6|27.000,00|
|03/10/2019|R|4.200,00|4.200,00|0,00|0,00|1|1.839|7.723.800,00|
|04/10/2019|R|4.200,00|4.500,00|4.500,00|4.500,00|2|109|490.500,00|
|09/10/2019|R|4.500,00|4.500,00|4.500,00|4.500,00|1|100|450.000,00|
|14/10/2019|R|4.500,00|4.500,00|4.500,00|4.500,00|1|30|135.000,00|
|15/10/2019|R|4.500,00|4.500,00|4.500,00|4.500,00|1|60|270.000,00|
|18/10/2019|R|4.500,00|3.601,00|4.000,00|3.601,00|2|31|115.222,00|
|22/10/2019|R|3.601,00|4.300,00|4.300,00|4.300,00|2|79|339.700,00|
|23/10/2019|R|4.300,00|4.500,00|4.500,00|4.500,00|2|103|463.500,00|
|25/10/2019|R|4.500,00|4.495,00|4.500,00|4.495,00|6|626|2.816.950,00|
|28/10/2019|R|4.495,00|4.500,00|4.500,00|4.500,00|1|90|405.000,00|
|29/10/2019|R|4.500,00|4.500,00|4.500,00|4.500,00|1|100|450.000,00|
|30/10/2019|R|4.500,00|4.500,00|4.500,00|3.601,00|4|119|473.555,00|
|31/10/2019|R|4.500,00|4.400,00|4.400,00|4.400,00|1|10|44.000,00|
|01/11/2019|R|4.400,00|4.400,00|5.000,00|5.000,00|1|4|20.000,00|
|07/11/2019|R|4.400,00|5.000,00|5.000,00|5.000,00|1|31|155.000,00|
|08/11/2019|R|5.000,00|5.300,00|5.300,00|5.000,00|2|6|31.500,00|
|12/11/2019|R|5.300,00|5.300,00|5.300,00|4.247,00|3|40|202.776,00|
|18/11/2019|R|5.300,00|5.300,00|5.300,00|5.000,00|2|120|630.000,00|
|19/11/2019|R|5.300,00|5.300,00|5.300,00|5.300,00|2|461|2.443.300,00|
|20/11/2019|R|5.300,00|5.800,00|5.800,00|5.300,00|3|555|2.949.000,00|
|21/11/2019|R|5.800,00|5.000,00|5.820,00|5.000,00|5|993|5.054.580,00|
|22/11/2019|R|5.000,00|5.999,00|5.999,00|5.000,00|5|1.340|6.779.968,50|
|25/11/2019|R|5.999,00|5.999,00|5.999,00|5.999,00|2|22|131.978,00|
|26/11/2019|R|5.999,00|7.000,00|7.198,00|5.002,00|4|143|769.598,00|
|27/11/2019|R|7.000,00|8.000,00|8.000,00|8.000,00|1|17|136.000,00|
|28/11/2019|R|8.000,00|7.500,00|8.599,00|7.500,00|3|15|118.797,00|
|29/11/2019|R|7.500,00|8.049,00|8.049,00|8.049,00|1|10|80.490,00|
|02/12/2019|R|8.049,00|8.048,00|8.048,00|7.000,00|4|20|154.672,00|
|05/12/2019|R|8.048,00|8.050,00|8.050,00|8.049,98|4|23.007|185.206.348,16|
|06/12/2019|R|8.050,00|8.599,00|8.599,00|8.599,00|1|7|60.193,00|
|09/12/2019|R|8.599,00|8.549,00|8.549,00|8.549,00|1|10|85.490,00|
|10/12/2019|R|8.549,00|7.980,00|8.000,00|7.980,00|2|113|903.440,00|
|11/12/2019|R|7.980,00|8.499,00|8.499,00|8.499,00|2|6|50.994,00|
|12/12/2019|R|8.499,00|8.529,00|8.529,00|8.360,00|2|26|218.374,00|
|13/12/2019|R|8.529,00|8.520,00|8.520,00|8.520,00|2|20|170.400,00|
|16/12/2019|R|8.520,00|8.500,00|8.500,00|6.818,00|3|18|144.590,00|
|17/12/2019|R|8.500,00|8.500,00|8.500,00|8.000,00|3|62|526.000,00|
|18/12/2019|R|8.500,00|8.200,00|8.500,00|8.200,00|2|32|271.400,00|
|19/12/2019|R|8.200,00|8.800,00|8.800,00|8.000,00|6|3.634|31.010.800,00|
|20/12/2019|R|8.800,00|9.000,00|9.000,00|9.000,00|4|69|621.000,00|
|23/12/2019|R|9.000,00|9.000,00|9.000,00|9.000,00|1|36|324.000,00|
|26/12/2019|R|9.000,00|9.000,00|9.000,00|8.999,00|4|1.732|15.587.997,00|
|27/12/2019|R|9.000,00|9.000,00|9.000,00|9.000,00|1|400|3.600.000,00|
|30/12/2019|R|9.000,00|9.000,00|9.000,00|9.000,00|1|575|5.175.000,00|
|02/01/2020|R|9.000,00|9.000,00|9.000,00|9.000,00|2|28|252.000,00|
|03/01/2020|R|9.000,00|9.000,00|9.000,00|9.000,00|1|5|45.000,00|
|07/01/2020|R|9.000,00|10.300,00|10.300,00|10.300,00|2|130|1.339.000,00|
|08/01/2020|R|10.300,00|10.000,00|10.000,00|9.999,97|3|25|249.999,85|
|09/01/2020|R|10.000,00|11.000,00|11.850,00|10.000,00|7|1.364|13.651.400,00|
|10/01/2020|R|11.000,00|13.000,00|13.000,00|13.000,00|3|89|1.157.000,00|
|13/01/2020|R|13.000,00|13.000,00|15.500,00|11.500,00|5|132|1.560.000,00|
|15/01/2020|R|13.000,00|15.500,00|15.500,00|15.500,00|3|424|6.572.000,00|
|16/01/2020|R|15.500,00|15.500,00|15.500,00|15.500,00|1|159|2.464.500,00|
|22/01/2020|R|15.500,00|15.499,00|15.499,00|13.000,00|3|542|7.055.996,00|
|29/01/2020|R|15.499,00|12.400,00|12.400,00|12.399,20|4|514|6.373.596,00|
|30/01/2020|R|12.400,00|12.000,00|12.000,00|12.000,00|1|120|1.440.000,00|
|31/01/2020|R|12.000,00|10.100,00|10.100,00|10.100,00|1|45|454.500,00|
|03/02/2020|R|10.100,00|12.100,00|12.100,00|12.100,00|1|4|48.400,00|
|05/02/2020|R|12.100,00|13.500,00|13.500,00|12.100,00|3|60|733.000,00|
|06/02/2020|R|13.500,00|13.500,00|13.500,00|13.500,00|1|25|337.500,00|
|07/02/2020|R|13.500,00|13.000,00|13.799,00|13.000,00|4|66|894.754,00|
|10/02/2020|R|13.000,00|13.000,00|13.000,00|13.000,00|1|100|1.300.000,00|
|11/02/2020|R|13.000,00|13.800,00|13.800,00|13.000,00|11|1.508|19.620.800,00|
|12/02/2020|R|13.800,00|11.500,00|13.800,00|11.050,00|5|680|8.154.100,00|
|17/02/2020|R|11.500,00|13.400,00|13.400,00|11.900,00|8|5.254|63.042.897,32|
|18/02/2020|R|13.400,00|13.400,00|13.400,00|12.500,00|3|204|2.553.600,00|
|19/02/2020|R|13.400,00|13.400,00|13.400,00|13.400,00|6|6.448|86.403.200,00|
|26/02/2020|R|13.400,00|13.400,00|13.400,00|10.800,00|2|9|107.600,00|
|27/02/2020|R|13.400,00|13.400,00|13.400,00|13.400,00|1|10|134.000,00|
|04/03/2020|R|13.400,00|13.400,00|0,00|0,00|1|580|6.762.800,00|
|09/03/2020|R|13.400,00|13.299,00|13.299,00|13.299,00|1|100|1.329.900,00|
|10/03/2020|R|13.299,00|13.149,00|13.149,00|12.000,00|2|653|7.839.447,00|
|12/03/2020|R|13.149,00|12.990,00|12.999,00|10.531,00|8|408|5.198.460,00|
|25/03/2020|R|12.990,00|12.650,00|12.650,00|12.650,00|3|315|3.982.450,00|
|26/03/2020|R|12.650,00|12.530,00|12.530,00|12.530,00|1|5|62.650,00|
|27/03/2020|R|12.530,00|12.479,00|12.479,00|12.479,00|1|10|124.790,00|
|31/03/2020|R|12.479,00|12.750,00|12.750,00|12.478,00|2|910|11.564.420,00|
|01/04/2020|R|12.750,00|13.600,00|13.600,00|12.750,00|4|15.317|207.907.922,00|
|02/04/2020|R|13.600,00|13.600,00|13.600,00|13.600,00|5|800|10.880.000,00|
|06/04/2020|R|13.600,00|15.999,99|16.000,00|15.999,99|5|1.151|18.415.993,49|
|07/04/2020|R|15.999,99|15.995,00|16.000,00|15.995,00|5|2.917|46.670.415,00|
|08/04/2020|R|15.995,00|17.000,00|17.000,00|17.000,00|2|1.003|17.051.000,00|
|13/04/2020|R|17.000,00|20.400,00|20.400,00|20.400,00|1|10|204.000,00|
|14/04/2020|R|20.400,00|20.600,00|24.479,97|20.600,00|7|870|18.226.606,40|
|15/04/2020|R|20.600,00|20.600,00|21.000,00|20.600,00|3|72|1.490.800,00|
|16/04/2020|R|20.600,00|20.600,00|20.600,00|20.600,00|5|2.505|51.603.000,00|
|17/04/2020|R|20.600,00|20.000,01|20.600,00|20.000,00|3|2.544|50.952.024,04|
|20/04/2020|R|20.000,01|23.000,00|23.000,00|23.000,00|1|100|2.300.000,00|
|21/04/2020|R|23.000,00|22.000,00|22.000,00|22.000,00|1|55|1.210.000,00|
|22/04/2020|R|22.000,00|24.000,00|24.000,00|24.000,00|5|1.077|25.848.000,00|
|23/04/2020|R|24.000,00|25.000,00|25.000,00|25.000,00|5|1.281|32.025.000,00|
|24/04/2020|R|25.000,00|25.000,00|29.000,00|25.000,00|3|360|10.360.000,00|
|28/04/2020|R|25.000,00|25.000,00|25.000,00|25.000,00|1|20|500.000,00|
|29/04/2020|R|25.000,00|21.500,00|25.000,00|21.500,00|3|250|6.060.000,00|
|30/04/2020|R|21.500,00|24.000,00|25.000,00|24.000,00|4|35|845.000,00|
|05/05/2020|R|24.000,00|25.000,00|25.000,00|25.000,00|1|15|375.000,00|
|06/05/2020|R|25.000,00|25.000,00|25.000,00|25.000,00|1|1|25.000,00|
|08/05/2020|R|25.000,00|25.000,00|25.000,00|22.500,00|5|3.049|74.170.000,00|
|11/05/2020|R|25.000,00|25.000,00|25.000,00|25.000,00|1|10|250.000,00|
|13/05/2020|R|25.000,00|25.500,00|25.500,00|25.500,00|2|20|510.000,00|
|15/05/2020|R|25.500,00|24.520,00|24.520,00|24.520,00|1|8|196.160,00|
|18/05/2020|R|24.520,00|24.520,00|24.520,00|24.520,00|1|20|490.400,00|
|20/05/2020|R|24.520,00|26.800,00|26.800,00|24.520,00|3|103|2.536.960,00|
|21/05/2020|R|26.800,00|26.800,00|27.800,00|26.800,00|3|1.840|49.351.000,00|
|22/05/2020|R|26.800,00|27.800,00|27.800,00|26.000,00|3|36|954.000,00|
|26/05/2020|R|27.800,00|29.000,00|29.000,00|28.500,00|5|378|10.812.000,00|
|27/05/2020|R|29.000,00|28.500,00|28.500,00|28.500,00|1|5|142.500,00|
|28/05/2020|R|28.500,00|28.000,00|28.000,00|28.000,00|2|3.545|101.010.000,00|
|01/06/2020|R|28.000,00|28.000,00|30.000,00|28.000,00|2|68|2.004.000,00|
|02/06/2020|R|28.000,00|29.500,00|29.500,00|29.500,00|2|104|3.068.000,00|
|03/06/2020|R|29.500,00|30.000,00|30.000,00|29.500,00|2|1.792|52.874.000,00|
|05/06/2020|R|30.000,00|29.500,00|31.000,00|29.500,00|2|445|13.135.000,00|
|11/06/2020|R|29.500,00|31.300,00|31.300,00|31.300,00|3|35|1.095.500,00|
|16/06/2020|R|31.300,00|31.300,00|31.300,00|31.300,00|2|70|2.191.000,00|
|18/06/2020|R|31.300,00|31.000,00|31.000,00|31.000,00|1|4|124.000,00|
|19/06/2020|R|31.000,00|29.500,00|30.000,00|29.500,00|2|143|4.220.000,00|
|23/06/2020|R|29.500,00|29.000,00|29.000,00|28.000,00|3|283|8.202.000,00|
|25/06/2020|R|29.000,00|30.000,00|31.300,00|30.000,00|3|107|3.216.500,00|
|26/06/2020|R|30.000,00|31.300,00|31.300,00|31.300,00|1|83|2.597.900,00|
|30/06/2020|R|31.300,00|31.000,00|31.000,00|31.000,00|1|2|62.000,00|
|01/07/2020|R|31.000,00|31.000,00|31.000,00|31.000,00|1|32|992.000,00|
|03/07/2020|R|31.000,00|31.000,00|31.000,00|31.000,00|2|44|1.364.000,00|
|09/07/2020|R|31.000,00|31.000,00|31.000,00|31.000,00|1|22|682.000,00|
|10/07/2020|R|31.000,00|31.000,00|31.000,00|31.000,00|3|29|899.000,00|
|13/07/2020|R|31.000,00|30.500,00|31.000,00|30.500,00|2|30|925.000,00|
|14/07/2020|R|30.500,00|30.500,00|30.500,00|30.500,00|1|37|1.128.500,00|
|17/07/2020|R|30.500,00|29.000,00|29.000,00|29.000,00|1|50|1.450.000,00|
|20/07/2020|R|29.000,00|29.000,00|30.000,00|30.000,00|1|5|150.000,00|
|22/07/2020|R|29.000,00|30.200,00|30.200,00|30.200,00|3|120|3.624.000,00|
|23/07/2020|R|30.200,00|30.700,00|30.700,00|30.200,00|6|2.350|72.025.000,00|
|27/07/2020|R|30.700,00|30.700,00|31.000,00|30.700,00|3|2.554|78.413.800,00|
|28/07/2020|R|30.700,00|30.700,00|30.700,00|30.700,00|4|546|16.762.200,00|
|29/07/2020|R|30.700,00|30.700,00|0,00|0,00|2|4.300|132.010.000,00|
|30/07/2020|R|30.700,00|32.500,00|32.500,00|30.700,00|2|40|1.264.000,00|
|03/08/2020|R|32.500,00|32.500,00|32.500,00|32.500,00|5|5.439|163.305.000,00|
|04/08/2020|R|32.500,00|32.500,00|0,00|0,00|2|1.862|59.584.000,00|
|05/08/2020|R|32.500,00|32.500,00|32.500,00|32.500,00|2|51|1.657.500,00|
|06/08/2020|R|32.500,00|34.200,00|34.200,00|32.500,00|3|936|30.489.700,00|
|07/08/2020|R|34.200,00|34.200,00|34.200,00|34.200,00|1|100|3.420.000,00|
|11/08/2020|R|34.200,00|34.200,00|35.000,00|34.200,00|3|98|3.358.000,00|
|12/08/2020|R|34.200,00|34.200,00|34.200,00|34.200,00|3|636|21.751.200,00|
|13/08/2020|R|34.200,00|34.200,00|35.000,00|35.000,00|1|2|70.000,00|
|14/08/2020|R|34.200,00|35.000,00|35.000,00|35.000,00|2|121|4.235.000,00|
|17/08/2020|R|35.000,00|35.000,00|38.500,00|38.500,00|1|1|38.500,00|
|18/08/2020|R|35.000,00|35.000,00|35.100,00|35.100,00|1|2|70.200,00|
|19/08/2020|R|35.000,00|38.500,00|38.500,00|38.500,00|1|30|1.155.000,00|
|20/08/2020|R|38.500,00|38.500,01|39.800,00|38.500,00|4|142|5.473.500,38|
|24/08/2020|R|38.500,01|38.500,01|38.500,01|38.500,01|1|45|1.732.500,45|
|25/08/2020|R|38.500,01|39.800,00|39.800,00|39.800,00|1|121|4.815.800,00|
|26/08/2020|R|39.800,00|41.200,00|41.200,00|41.200,00|2|20|824.000,00|
|27/08/2020|R|41.200,00|41.200,00|41.200,00|41.200,00|2|112|4.614.400,00|
|03/09/2020|R|41.200,00|45.500,00|45.500,00|45.500,00|2|15|682.500,00|
|04/09/2020|R|45.500,00|45.700,00|45.700,00|45.700,00|4|22|1.005.400,00|
|07/09/2020|R|45.700,00|45.700,00|45.700,00|45.700,00|3|98|4.478.600,00|
|10/09/2020|R|45.700,00|45.700,00|46.900,00|45.700,00|5|330|15.327.000,00|
|15/09/2020|R|45.700,00|45.700,00|45.700,00|45.700,00|1|1.067|48.761.900,00|
|16/09/2020|R|45.700,00|45.000,00|45.700,00|45.000,00|2|206|9.288.200,00|
|17/09/2020|R|45.000,00|45.000,00|45.000,00|45.000,00|1|80|3.600.000,00|
|18/09/2020|R|45.000,00|45.000,00|44.999,00|44.999,00|1|3|134.997,00|
|21/09/2020|R|45.000,00|45.000,00|0,00|0,00|2|850|38.165.000,00|
|23/09/2020|R|45.000,00|44.840,00|44.840,00|44.840,00|2|23|1.031.320,00|
|25/09/2020|R|44.840,00|44.840,00|44.840,00|44.840,00|2|70|3.138.800,00|
|29/09/2020|R|44.840,00|45.000,00|46.500,00|45.000,00|3|41|1.846.500,00|
|30/09/2020|R|45.000,00|46.900,00|46.900,00|46.900,00|1|9|422.100,00|
|01/10/2020|R|46.900,00|46.900,00|47.300,00|47.300,00|1|2|94.600,00|
|05/10/2020|R|46.900,00|50.000,00|50.000,00|47.300,00|8|2.983|140.947.700,00|
|07/10/2020|R|50.000,00|50.300,00|50.300,00|50.300,00|3|41|2.062.300,00|
|08/10/2020|R|50.300,00|50.300,00|50.300,00|50.300,00|1|55|2.766.500,00|
|09/10/2020|R|50.300,00|50.300,00|50.300,00|50.300,00|1|6|301.800,00|
|15/10/2020|R|50.300,00|50.300,00|50.300,00|50.300,00|1|10|503.000,00|
|16/10/2020|R|50.300,00|50.300,00|50.300,00|50.300,00|1|10|503.000,00|
|19/10/2020|R|50.300,00|50.300,00|0,00|0,00|3|2.371|119.261.300,00|
|20/10/2020|R|50.300,00|50.300,00|50.300,00|50.300,00|5|1.133|56.989.900,00|
|23/10/2020|R|50.300,00|50.000,00|50.000,00|50.000,00|2|38|1.900.000,00|
|26/10/2020|R|50.000,00|50.000,00|50.000,00|50.000,00|2|170|8.500.000,00|
|29/10/2020|R|50.000,00|48.000,00|48.000,00|48.000,00|2|312|14.976.000,00|
|30/10/2020|R|48.000,00|40.250,00|40.250,00|40.250,00|1|52|2.093.000,00|
|04/11/2020|R|40.250,00|40.250,00|40.250,00|40.250,00|2|90|3.622.500,00|
|13/11/2020|R|40.250,00|40.250,00|0,00|0,00|1|700|30.100.000,00|
|16/11/2020|R|40.250,00|40.650,00|40.650,00|40.250,00|6|1.986|79.970.900,00|
|25/11/2020|R|40.650,00|48.780,00|48.780,00|48.779,99|2|28|1.365.839,77|
|26/11/2020|R|48.780,00|51.499,99|51.499,99|51.499,99|2|20|1.029.999,80|
|27/11/2020|R|51.499,99|61.799,97|61.799,97|54.500,00|2|382|22.147.594,54|
|01/12/2020|R|61.799,97|74.160,00|74.160,00|70.000,00|2|40|2.924.800,00|
|02/12/2020|R|74.160,00|88.990,00|88.990,00|88.980,00|4|61|5.427.880,00|
|04/12/2020|R|88.990,00|88.990,00|88.990,00|88.980,00|4|799|71.099.110,00|
|07/12/2020|R|88.990,00|93.000,00|93.000,00|93.000,00|7|3.161|283.374.570,00|
|08/12/2020|R|93.000,00|93.000,00|93.000,00|93.000,00|2|70|6.510.000,00|
|09/12/2020|R|93.000,00|92.990,00|93.000,00|92.990,00|3|250|23.248.600,00|
|10/12/2020|R|92.990,00|93.000,00|93.000,00|92.990,00|6|1.960|182.276.220,00|
|11/12/2020|R|93.000,00|93.000,00|93.000,00|93.000,00|2|495|46.035.000,00|
|15/12/2020|R|93.000,00|100.000,00|100.000,00|100.000,00|4|6.288|584.826.000,00|
|16/12/2020|R|100.000,00|108.400,00|108.400,00|104.100,00|2|2.000|210.350.000,00|
|17/12/2020|R|108.400,00|108.000,00|108.000,00|107.990,00|4|739|79.809.970,00|
|18/12/2020|R|108.000,00|107.500,00|107.500,00|107.500,00|1|150|16.125.000,00|
|21/12/2020|R|107.500,00|106.980,00|106.980,00|106.980,00|6|2.117|225.492.660,00|
|23/12/2020|R|106.980,00|106.960,00|106.960,00|106.960,00|2|4|427.840,00|
|29/12/2020|R|106.960,00|106.960,00|106.960,00|106.960,00|1|32|3.422.720,00|
|30/12/2020|R|106.960,00|106.960,00|106.960,00|106.960,00|1|20|2.139.200,00|
|04/01/2021|R|106.960,00|108.390,00|108.400,00|108.390,00|2|40|4.335.900,00|
|06/01/2021|R|108.390,00|109.000,00|109.000,00|108.390,00|4|1.480|160.500.100,00|
|07/01/2021|R|109.000,00|109.000,00|0,00|0,00|1|289|31.501.000,00|
|08/01/2021|R|109.000,00|130.800,00|130.800,00|130.000,00|2|17|2.218.000,00|
|12/01/2021|R|130.800,00|156.960,00|156.960,00|156.940,00|2|11|1.726.400,00|
|14/01/2021|R|156.960,00|163.990,00|163.990,00|163.990,00|1|24|3.935.760,00|
|15/01/2021|R|163.990,00|150.000,00|150.000,00|150.000,00|1|4|600.000,00|
|19/01/2021|R|150.000,00|163.990,00|163.990,00|163.990,00|1|2|327.980,00|
|22/01/2021|R|163.990,00|165.000,00|165.000,00|163.990,00|5|2.299|377.444.800,00|
|25/01/2021|R|165.000,00|165.000,00|0,00|0,00|3|3.345|551.925.000,00|
|26/01/2021|R|165.000,00|165.000,00|165.000,00|165.000,00|4|877|144.705.000,00|
|27/01/2021|R|165.000,00|166.000,00|166.000,00|165.000,00|6|1.528|253.321.000,00|
|28/01/2021|R|166.000,00|166.000,00|166.000,00|166.000,00|1|215|35.690.000,00|
|29/01/2021|R|166.000,00|167.000,00|167.000,00|166.000,00|6|2.524|420.694.000,00|
|01/02/2021|R|167.000,00|170.000,00|170.000,00|170.000,00|3|2.568|428.886.000,00|
|02/02/2021|R|170.000,00|170.000,00|170.000,00|170.000,00|3|1.059|180.030.000,00|
|03/02/2021|R|170.000,00|170.000,00|170.000,00|170.000,00|3|1.634|277.780.000,00|
|04/02/2021|R|170.000,00|174.000,00|174.000,00|172.000,00|3|2.765|477.890.000,00|
|05/02/2021|R|174.000,00|174.000,00|174.000,00|174.000,00|1|524|91.176.000,00|
|08/02/2021|R|174.000,00|178.000,00|178.000,00|174.000,00|8|5.037|884.010.000,00|
|09/02/2021|R|178.000,00|175.000,00|175.000,00|175.000,00|2|20|3.500.000,00|
|10/02/2021|R|175.000,00|180.000,00|180.000,00|178.000,00|3|727|130.106.000,00|
|12/02/2021|R|180.000,00|179.000,00|180.000,00|179.000,00|2|11|1.975.000,00|
|18/02/2021|R|179.000,00|179.000,00|179.000,00|178.750,00|3|577|103.259.250,00|
|19/02/2021|R|179.000,00|179.000,00|179.000,00|179.000,00|2|518|92.722.000,00|
|24/02/2021|R|179.000,00|179.000,00|186.000,00|186.000,00|1|4|744.000,00|
|25/02/2021|R|179.000,00|186.000,00|186.000,00|186.000,00|1|40|7.440.000,00|
|26/02/2021|R|186.000,00|186.000,00|186.000,00|186.000,00|1|1.246|231.756.000,00|
|01/03/2021|R|186.000,00|200.000,00|200.000,00|200.000,00|6|5.384|1.001.550.000,00|
|02/03/2021|R|200.000,00|208.000,00|208.000,00|208.000,00|6|1.175|242.072.000,00|
|03/03/2021|R|208.000,00|208.000,00|208.000,00|208.000,00|1|7|1.456.000,00|
|04/03/2021|R|208.000,00|208.000,00|208.000,00|208.000,00|2|254|52.832.000,00|
|05/03/2021|R|208.000,00|210.000,00|210.000,00|208.000,00|4|1.223|254.836.000,00|
|08/03/2021|R|210.000,00|210.000,00|210.000,00|210.000,00|5|5.567|1.169.070.000,00|
|10/03/2021|R|210.000,00|210.000,00|0,00|0,00|1|1.652|346.920.000,00|
|17/03/2021|R|210.000,00|210.000,00|210.000,00|210.000,00|3|1.220|256.200.000,00|
|22/03/2021|R|210.000,00|210.000,00|0,00|0,00|1|1.214|254.940.000,00|
|26/03/2021|R|210.000,00|220.000,00|220.000,00|220.000,00|2|39|8.580.000,00|
|23/04/2021|R|220.000,00|255.050,00|255.050,00|255.050,00|1|64|16.323.200,00|
|26/04/2021|R|255.050,00|300.000,00|300.000,00|300.000,00|1|10|3.000.000,00|
|30/04/2021|R|300.000,00|433.000,00|433.000,00|360.000,00|4|12|4.758.000,00|
|03/05/2021|R|433.000,00|500.000,00|500.000,00|500.000,00|6|9.521|4.760.500.000,00|
|04/05/2021|R|500.000,00|580.000,00|580.000,00|570.000,00|9|2.230|1.290.175.000,00|
|05/05/2021|R|580.000,00|541.000,00|545.000,00|541.000,00|4|563|304.784.540,00|
|06/05/2021|R|541.000,00|610.000,00|610.000,00|610.000,00|3|184|112.240.000,00|
|10/05/2021|R|610.000,00|610.000,00|610.000,00|610.000,00|4|2.157|1.315.770.000,00|
|11/05/2021|R|610.000,00|650.000,00|650.000,00|650.000,00|2|34|22.100.000,00|
|12/05/2021|R|650.000,00|650.000,00|0,00|0,00|2|3.356|2.047.160.000,00|
|13/05/2021|R|650.000,00|671.000,00|671.000,00|671.000,00|1|4|2.684.000,00|
|14/05/2021|R|671.000,00|700.000,00|701.000,00|700.000,00|9|2.662|1.863.680.000,00|
|17/05/2021|R|700.000,00|760.000,00|779.000,00|760.000,00|3|29|22.059.000,00|
|18/05/2021|R|760.000,00|810.000,00|815.000,00|800.000,00|7|1.345|1.086.595.000,00|
|19/05/2021|R|810.000,00|840.000,00|840.000,00|810.000,00|11|1.649|1.338.616.000,00|
|20/05/2021|R|840.000,00|840.000,00|840.000,00|805.000,00|2|53|44.415.000,00|
|21/05/2021|R|840.000,00|845.000,00|845.000,00|840.000,00|5|526|443.355.000,00|
|25/05/2021|R|845.000,00|850.000,00|850.000,00|850.000,00|1|10|8.500.000,00|
|26/05/2021|R|850.000,00|850.000,00|850.000,00|850.000,00|2|47|39.950.000,00|
|28/05/2021|R|850.000,00|800.000,00|800.000,00|800.000,00|2|12|9.600.000,00|.
|02/06/2021|R|800.000,00|640.000,00|749.990,00|640.000,00|2|519|334.249.810,00|
|03/06/2021|R|640.000,00|650.000,00|650.000,00|650.000,00|1|5|3.250.000,00|
|04/06/2021|R|650.000,00|675.000,00|675.000,00|675.000,00|2|1.000|675.000.000,00|
|08/06/2021|R|675.000,00|709.000,00|709.000,00|709.000,00|1|17|12.053.000,00|
|09/06/2021|R|709.000,00|708.000,00|708.000,00|708.000,00|2|1.400|991.200.000,00|
|11/06/2021|R|708.000,00|708.000,00|708.000,00|708.000,00|1|10|7.080.000,00|
|17/06/2021|R|708.000,00|708.000,00|708.000,00|708.000,00|2|1.089|771.012.000,00|
|21/06/2021|R|708.000,00|708.000,00|708.000,00|708.000,00|1|2|1.416.000,00|
|22/06/2021|R|708.000,00|708.000,00|708.000,00|708.000,00|2|652|461.616.000,00|
|25/06/2021|R|708.000,00|714.000,00|714.000,00|708.000,00|5|1.199|845.252.000,00|
|30/06/2021|R|714.000,00|720.000,00|720.000,00|714.000,00|3|726|518.376.000,00|
|01/07/2021|R|720.000,00|714.000,00|719.000,00|714.000,00|4|537|383.428.000,00|
|02/07/2021|R|714.000,00|714.000,00|714.000,00|714.000,00|1|155|110.670.000,00|
|06/07/2021|R|714.000,00|720.000,00|720.000,00|720.000,00|3|1.672|1.193.856.000,00|
|07/07/2021|R|720.000,00|714.000,00|720.000,00|714.000,00|4|1.527|1.097.052.000,00|
|08/07/2021|R|714.000,00|700.000,00|700.000,00|700.000,00|2|395|276.500.000,00|
|09/07/2021|R|700.000,00|700.000,00|700.000,00|700.000,00|1|5|3.500.000,00|
|13/07/2021|R|700.000,00|700.000,00|700.000,00|700.000,00|2|38|26.600.000,00|
|16/07/2021|R|700.000,00|700.000,00|700.000,00|700.000,00|3|4.374|3.061.800.000,00|
|19/07/2021|R|700.000,00|701.000,00|701.000,00|680.000,00|2|1.237|841.307.000,00|
|21/07/2021|R|701.000,00|700.000,00|700.010,00|700.000,00|4|3.229|2.260.300.500,00|
|22/07/2021|R|700.000,00|750.000,00|750.000,00|750.000,00|1|15|11.250.000,00|
|23/07/2021|R|750.000,00|700.000,00|700.000,00|700.000,00|3|210|147.000.000,00|
|26/07/2021|R|700.000,00|750.000,00|750.000,00|700.000,00|3|923|649.000.000,00|
|02/08/2021|R|750.000,00|700.000,00|700.000,00|700.000,00|1|110|77.000.000,00|
|03/08/2021|R|700.000,00|700.000,00|700.000,00|700.000,00|2|18|12.600.000,00|
|04/08/2021|R|700.000,00|700.000,00|700.000,00|700.000,00|1|1.420|994.000.000,00|
|06/08/2021|R|700.000,00|700.000,00|700.010,00|700.000,00|4|1.522|1.065.400.400,00|






























 










 
















