

|16/01/2013|R|17,50|16,50|16,50|16,50|2|3.568|58.872,00|
|17/01/2013|R|16,50|17,00|17,00|16,57|2|979|16.641,71|
|18/01/2013|R|17,00|17,00|17,07|17,00|2|2.982|50.834,00|
|21/01/2013|R|17,00|17,05|17,05|17,05|6|1.462|24.927,10|
|22/01/2013|R|17,05|17,05|18,00|17,05|8|3.150|53.850,00|
|24/01/2013|R|17,05|18,00|18,00|18,00|6|9.000|162.000,00|
|29/01/2013|R|18,00|18,00|18,00|18,00|4|12.850|231.300,00|
|06/02/2013|R|18,00|18,00|18,01|18,01|1|66|1.188,66|
|08/02/2013|R|18,00|19,00|19,00|19,00|1|3.000|57.000,00|
|13/02/2013|R|19,00|19,00|17,00|17,00|1|106|1.802,00|
|19/02/2013|R|19,00|19,00|0,00|0,00|2|4.391|76.886,41|
|27/02/2013|R|19,00|19,50|19,50|19,50|1|5.000|97.500,00|
|06/03/2013|R|19,50|20,00|20,00|20,00|1|578|11.560,00|
|13/03/2013|R|20,00|23,00|23,00|23,00|2|815|18.745,00|
|22/03/2013|R|23,00|18,41|18,41|18,41|1|1.319|24.282,79|
|03/04/2013|R|18,41|22,08|22,08|22,08|1|500|11.040,00|
|09/04/2013|R|19,79|18,00|18,00|18,00|2|300|5.400,00|
|11/04/2013|R|18,00|18,00|0,00|0,00|1|5.760|103.680,00|
|18/04/2013|R|18,00|19,00|19,00|19,00|1|2.982|56.658,00|
|25/04/2013|R|19,00|18,25|18,25|18,25|1|1.521|27.758,25|
|26/04/2013|R|18,25|19,50|19,50|19,50|15|3.709|72.325,50|
|29/04/2013|R|19,50|19,50|21,00|21,00|1|50|1.050,00|
|30/04/2013|R|19,50|21,00|21,00|21,00|2|1.428|29.988,00|
|02/05/2013|R|21,00|21,00|22,00|22,00|1|100|2.200,00|
|07/05/2013|R|21,00|21,00|21,00|21,00|3|870|18.270,00|
|10/05/2013|R|21,00|22,00|22,00|22,00|1|1.000|22.000,00|
|14/05/2013|R|22,00|22,00|0,00|0,00|1|200|4.400,00|
|15/05/2013|R|22,00|22,55|22,55|22,55|4|3.149|71.009,95|
|16/05/2013|R|22,55|22,55|22,55|22,55|1|51|1.150,05|
|20/05/2013|R|22,55|23,00|23,00|23,00|1|870|20.010,00|
|21/05/2013|R|23,00|23,00|23,00|23,00|1|50|1.150,00|
|24/05/2013|R|23,00|21,00|21,00|21,00|1|5.000|105.000,00|
|28/05/2013|R|21,00|21,00|21,00|21,00|3|1.646|34.566,00|
|05/06/2013|R|21,00|21,00|21,00|21,00|2|556|11.676,00|
|07/06/2013|R|21,00|21,00|21,00|21,00|3|1.742|36.582,00|
|10/06/2013|R|21,00|21,00|22,99|22,99|1|24|551,76|
|12/06/2013|R|21,00|23,00|23,00|22,99|7|14.568|334.965,64|
|14/06/2013|R|23,00|22,00|22,00|22,00|1|5.520|121.440,00|
|18/06/2013|R|22,00|22,50|22,50|22,50|3|1.518|34.155,00|
|21/06/2013|R|22,50|22,50|22,50|22,50|2|1.000|22.500,00|
|04/07/2013|R|22,50|22,50|24,00|24,00|3|2.837|64.011,00|
|08/07/2013|R|22,50|22,50|26,99|26,99|1|10|269,90|
|10/07/2013|R|22,50|22,50|22,50|22,50|1|2.576|57.960,00|
|12/07/2013|R|22,50|22,50|0,00|0,00|2|2.195|49.387,50|
|17/07/2013|R|22,50|22,50|24,00|22,50|4|1.500|34.125,00|
|29/07/2013|R|22,50|22,50|26,99|26,99|1|100|2.699,00|
|02/08/2013|R|22,50|22,50|0,00|0,00|1|7.000|168.000,00|
|06/08/2013|R|22,50|22,50|24,00|22,50|4|5.000|112.875,00|
|12/08/2013|R|22,50|22,50|0,00|0,00|2|4.050|91.125,00|
|14/08/2013|R|22,50|22,60|22,60|22,60|1|528|11.932,80|
|22/08/2013|R|22,60|22,60|22,60|22,60|1|200|4.520,00|
|28/08/2013|R|22,60|27,10|27,10|27,10|3|5.517|149.510,70|
|03/09/2013|R|27,10|28,00|28,00|28,00|1|7.000|196.000,00|
|11/09/2013|R|28,00|33,50|33,50|33,50|1|1.300|43.550,00|
|12/09/2013|R|33,50|40,00|40,00|34,00|5|13.524|515.816,00|
|13/09/2013|R|40,00|47,50|47,50|47,50|1|3.295|156.512,50|
|16/09/2013|R|47,50|46,00|46,00|46,00|1|575|26.450,00|
|18/09/2013|R|46,00|46,00|45,00|45,00|1|50|2.250,00|
|24/09/2013|R|46,00|46,00|0,00|0,00|2|1.000|44.000,00|
|26/09/2013|R|46,00|40,00|40,00|40,00|1|1.500|60.000,00|
|01/10/2013|R|40,00|44,00|44,00|44,00|4|1.471|64.724,00|
|03/10/2013|R|44,00|42,00|42,00|42,00|1|130|5.460,00|
|04/10/2013|R|42,00|42,00|0,00|0,00|1|500|20.000,00|
|07/10/2013|R|42,00|42,00|0,00|0,00|3|900|35.360,00|
|21/10/2013|R|42,00|42,00|42,00|42,00|3|1.070|44.940,00|
|22/10/2013|R|42,00|42,00|42,00|42,00|1|250|10.500,00|
|24/10/2013|R|42,00|40,00|40,00|39,95|9|14.577|582.873,98|
|30/10/2013|R|40,00|40,00|40,00|40,00|3|5.011|200.440,00|
|01/11/2013|R|40,00|40,00|0,00|0,00|1|500|20.000,00|
|11/11/2013|R|40,00|40,05|40,05|40,05|1|980|39.249,00|
|12/11/2013|R|40,05|40,05|40,05|40,05|1|20|801,00|
|13/11/2013|R|40,05|33,70|33,70|33,70|2|150|5.055,00|
|14/11/2013|R|33,70|33,70|35,00|35,00|1|29|1.015,00|
|18/11/2013|R|33,70|38,00|38,00|38,00|2|15.105|573.323,50|
|19/11/2013|R|38,00|38,00|0,00|0,00|2|200|7.602,00|
|21/11/2013|R|38,00|40,00|40,00|40,00|2|622|24.880,00|
|22/11/2013|R|40,00|40,00|0,00|0,00|2|4.000|168.000,00|
|27/11/2013|R|40,00|40,00|40,00|40,00|1|117|4.680,00|
|04/12/2013|R|40,00|42,00|42,00|40,00|4|13.300|541.800,00|
|09/12/2013|R|42,00|40,00|42,00|40,00|2|814|33.956,00|
|11/12/2013|R|40,00|42,00|42,00|42,00|2|5.000|210.000,00|
|16/12/2013|R|42,00|45,00|45,00|45,00|2|3.736|168.120,00|
|17/12/2013|R|45,00|45,75|45,75|45,00|2|2.302|104.340,00|
|18/12/2013|R|45,75|48,00|48,00|48,00|1|2.698|129.504,00|
|19/12/2013|R|48,00|50,00|50,00|50,00|3|5.000|250.000,00|
|20/12/2013|R|50,00|50,00|50,00|50,00|1|1.000|50.000,00|
|08/01/2014|R|50,00|50,00|50,00|50,00|2|596|29.800,00|
|09/01/2014|R|50,00|50,00|0,00|0,00|1|3.766|188.300,00|
|16/01/2014|R|50,00|51,00|51,00|51,00|2|2.100|107.100,00|
|17/01/2014|R|51,00|51,00|51,00|50,25|3|16.386|835.416,00|
|22/01/2014|R|51,00|53,00|53,00|53,00|3|21.752|1.152.856,00|
|24/01/2014|R|53,00|56,00|56,00|56,00|2|1.108|62.048,00|
|28/01/2014|R|56,00|53,00|53,00|53,00|2|13.628|733.912,00|
|03/02/2014|R|53,00|52,00|52,00|52,00|1|500|26.000,00|
|04/02/2014|R|52,00|52,00|0,00|0,00|1|100|4.600,00|
|05/02/2014|R|52,00|52,00|0,00|0,00|4|4.842|241.701,00|
|11/02/2014|R|52,00|52,00|0,00|0,00|1|2.250|117.000,00|
|18/02/2014|R|52,00|52,00|52,00|52,00|1|4.200|218.400,00|
|19/02/2014|R|52,00|52,00|52,00|52,00|1|1.100|57.200,00|
|25/02/2014|R|52,00|52,00|0,00|0,00|1|6.083|298.067,00|
|10/03/2014|R|52,00|45,00|45,00|45,00|1|1.000|45.000,00|
|11/03/2014|R|45,00|45,00|45,00|45,00|3|10.000|431.000,00|
|13/03/2014|R|45,00|36,50|36,50|36,50|1|3.000|109.500,00|
|14/03/2014|R|36,50|36,00|36,00|36,00|4|6.008|221.288,00|
|17/03/2014|R|36,00|35,00|36,00|35,00|3|6.550|229.267,00|
|24/03/2014|R|32,46|34,00|34,00|34,00|1|100|3.400,00|
|26/03/2014|R|34,00|34,00|0,00|0,00|1|8.000|320.000,00|
|27/03/2014|R|34,00|34,00|0,00|0,00|1|100|4.073,00|
|31/03/2014|R|34,00|34,00|0,00|0,00|1|15|599,85|
|08/04/2014|R|34,00|36,00|36,00|36,00|1|2.750|99.000,00|
|09/04/2014|R|36,00|38,00|38,00|38,00|2|350|13.300,00|
|29/04/2014|R|38,00|38,00|0,00|0,00|3|4.582|169.534,00|
|05/05/2014|R|38,00|38,00|38,00|38,00|1|300|11.400,00|
|07/05/2014|R|38,00|38,00|38,00|38,00|1|2.200|83.600,00|
|08/05/2014|R|38,00|36,00|36,00|36,00|1|3.000|108.000,00|
|23/05/2014|R|36,00|37,00|37,00|37,00|1|1.014|37.518,00|
|29/05/2014|R|37,00|37,00|0,00|0,00|1|4.937|172.795,00|
|09/06/2014|R|37,00|37,00|0,00|0,00|1|150|5.550,00|
|13/06/2014|R|37,00|36,00|36,00|36,00|1|3.713|133.668,00|
|18/06/2014|R|36,00|36,00|36,00|36,00|1|66|2.376,00|
|03/07/2014|R|36,00|36,00|36,00|36,00|1|55|1.980,00|
|10/07/2014|R|36,00|33,00|33,00|33,00|3|9.500|313.500,00|
|14/07/2014|R|33,00|33,00|33,00|33,00|2|3.229|106.557,00|
|25/07/2014|R|33,00|34,00|34,00|34,00|1|2.000|68.000,00|
|29/07/2014|R|34,00|34,00|34,00|34,00|2|9.500|323.000,00|
|12/08/2014|R|34,00|34,00|35,00|35,00|1|11|385,00|
|19/08/2014|R|34,00|35,00|35,00|35,00|3|3.484|121.940,00|
|21/08/2014|R|35,00|35,00|35,00|35,00|2|951|33.285,00|
|25/08/2014|R|35,00|33,00|33,00|33,00|1|2.300|75.900,00|
|26/08/2014|R|33,00|32,00|32,00|32,00|1|116|3.712,00|
|08/09/2014|R|32,00|35,00|35,00|35,00|1|1.000|35.000,00|
|09/09/2014|R|35,00|40,00|40,00|40,00|2|162|6.480,00|
|15/09/2014|R|40,00|40,00|40,00|40,00|4|3.338|133.520,00|
|17/09/2014|R|40,00|40,00|40,00|40,00|2|666|26.640,00|
|19/09/2014|R|40,00|40,00|40,00|40,00|1|434|17.360,00|
|23/09/2014|R|40,00|40,00|40,00|40,00|2|2.785|111.400,00|
|29/09/2014|R|40,00|40,00|40,00|40,00|2|5.000|200.000,00|
|30/09/2014|R|40,00|40,00|40,00|40,00|3|11.000|440.000,00|
|09/10/2014|R|40,00|40,00|35,00|35,00|2|2.500|99.625,70|
|13/10/2014|R|40,00|35,00|35,00|35,00|1|262|9.170,00|
|16/10/2014|R|35,00|35,00|0,00|0,00|1|500|20.000,00|
|21/10/2014|R|35,00|40,00|40,00|39,50|7|17.350|693.000,00|
|24/10/2014|R|40,00|40,00|40,00|40,00|1|500|20.000,00|
|27/10/2014|R|40,00|41,00|41,00|41,00|1|1.022|41.902,00|
|28/10/2014|R|41,00|42,00|42,00|41,00|2|2.768|115.945,00|
|31/10/2014|R|42,00|42,00|42,00|42,00|1|1.000|42.000,00|
|03/11/2014|R|42,00|45,00|45,00|45,00|2|1.043|46.935,00|
|07/11/2014|R|45,00|45,00|45,00|44,00|4|7.821|345.096,00|
|10/11/2014|R|45,00|45,00|40,00|40,00|1|49|1.960,00|
|12/11/2014|R|45,00|40,00|40,00|40,00|2|1.031|41.240,00|
|24/11/2014|R|40,00|41,00|41,00|41,00|1|3.683|151.003,00|
|25/11/2014|R|41,00|41,25|41,25|41,25|1|4.000|165.000,00|
|28/11/2014|R|41,25|42,00|42,00|42,00|5|11.826|496.692,00|
|05/12/2014|R|42,00|43,00|43,00|43,00|1|575|24.725,00|
|09/12/2014|R|43,00|50,00|50,00|50,00|1|95|4.750,00|
|10/12/2014|R|50,00|40,00|40,00|40,00|1|94|3.760,00|
|11/12/2014|R|40,00|45,00|45,00|45,00|1|495|22.275,00|
|19/12/2014|R|45,00|40,00|40,00|40,00|2|528|21.120,00|
|06/01/2015|R|40,00|47,98|47,98|47,98|1|397|19.048,06|
|09/01/2015|R|47,98|47,98|47,98|47,98|1|76|3.646,48|
|14/01/2015|R|47,98|47,98|50,00|50,00|1|51|2.550,00|
|16/01/2015|R|47,98|45,00|45,00|45,00|1|1.000|45.000,00|
|21/01/2015|R|45,00|45,00|50,00|50,00|2|3.040|137.000,00|
|04/02/2015|R|45,00|47,00|47,00|47,00|1|2.600|122.200,00|
|09/02/2015|R|47,00|43,95|43,95|43,95|1|100|4.395,00|
|12/02/2015|R|43,95|42,50|42,50|42,50|2|37.367|1.588.097,50|
|19/02/2015|R|42,50|42,50|43,50|43,50|1|46|2.001,00|
|23/02/2015|R|42,50|43,50|43,50|43,50|1|2.954|128.499,00|
|26/02/2015|R|43,50|43,50|44,00|44,00|1|66|2.904,00|
|05/03/2015|R|43,50|50,00|50,00|50,00|1|100|5.000,00|
|09/03/2015|R|50,00|50,00|50,00|50,00|1|1.200|60.000,00|
|10/03/2015|R|50,00|50,00|50,00|49,95|4|12.486|624.250,00|
|11/03/2015|R|50,00|51,00|51,00|50,00|2|5.100|255.100,00|
|12/03/2015|R|51,00|50,00|51,00|50,00|2|3.040|152.040,00|
|16/03/2015|R|50,00|50,00|58,00|50,00|3|9.667|483.622,00|
|17/03/2015|R|50,00|58,90|58,90|58,90|2|11.500|677.350,00|
|20/03/2015|R|58,90|59,00|59,00|59,00|4|29.386|1.733.774,00|
|23/03/2015|R|59,00|59,00|59,00|59,00|1|5.000|295.000,00|
|25/03/2015|R|56,21|56,21|55,00|55,00|1|10|550,00|
|26/03/2015|R|56,21|55,00|55,00|55,00|1|4.114|226.270,00|
|30/03/2015|R|55,00|55,00|55,00|55,00|1|76|4.180,00|
|06/04/2015|R|55,00|55,00|55,00|55,00|2|7.476|411.180,00|
|07/04/2015|R|55,00|55,00|55,00|55,00|3|22.000|1.210.000,00|
|09/04/2015|R|55,00|57,00|57,00|57,00|2|11.000|627.000,00|
|13/04/2015|R|57,00|60,00|60,00|60,00|1|432|25.920,00|
|16/04/2015|R|60,00|60,00|0,00|0,00|1|7.500|450.000,00|
|21/04/2015|R|60,00|55,00|55,00|55,00|1|292|16.060,00|
|23/04/2015|R|55,00|60,00|60,00|60,00|1|220|13.200,00|
|28/04/2015|R|60,00|60,00|70,00|70,00|1|30|2.100,00|
|08/05/2015|R|60,00|60,00|60,00|60,00|2|1.200|72.000,00|
|21/05/2015|R|60,00|60,00|60,00|60,00|1|200|12.000,00|
|22/05/2015|R|60,00|71,50|71,50|71,50|1|3.000|214.500,00|
|26/05/2015|R|71,50|80,00|80,00|80,00|2|3.996|319.680,00|
|01/06/2015|R|80,00|66,00|66,00|66,00|1|135|8.910,00|
|03/06/2015|R|66,00|79,20|80,00|79,20|3|2.362|187.073,60|
|15/06/2015|R|79,20|79,00|79,00|79,00|2|1.068|84.372,00|
|22/06/2015|R|79,00|94,75|94,75|94,75|2|1.716|162.591,00|
|26/06/2015|R|94,75|82,00|82,00|82,00|1|1.000|82.000,00|
|03/07/2015|R|82,00|100,00|100,00|98,40|2|724|71.708,80|
|06/07/2015|R|100,00|119,00|119,00|119,00|1|50|5.950,00|
|07/07/2015|R|119,00|119,00|119,00|119,00|1|200|23.800,00|
|08/07/2015|R|119,00|119,00|119,00|119,00|5|21.346|2.540.174,00|
|09/07/2015|R|119,00|142,80|142,80|142,00|2|2.740|389.320,00|
|15/07/2015|R|142,80|145,00|145,00|145,00|1|33|4.785,00|
|16/07/2015|R|145,00|145,00|145,00|145,00|4|76|11.020,00|
|27/07/2015|R|145,00|125,00|125,00|125,00|1|52|6.500,00|
|04/08/2015|R|125,00|150,00|150,00|150,00|1|200|30.000,00|
|05/08/2015|R|150,00|150,00|150,00|150,00|1|150|22.500,00|
|06/08/2015|R|150,00|150,00|150,00|150,00|2|3.009|451.350,00|
|10/08/2015|R|150,00|150,00|150,00|150,00|2|3.300|495.000,00|
|12/08/2015|R|150,00|150,00|150,00|150,00|1|1.000|150.000,00|
|21/08/2015|R|150,00|150,00|150,00|150,00|3|11.155|1.673.250,00|
|24/08/2015|R|150,00|150,00|150,00|150,00|2|3.845|576.750,00|
|25/08/2015|R|150,00|150,00|150,00|149,00|3|8.267|1.238.050,00|
|26/08/2015|R|150,00|140,00|140,00|140,00|1|300|42.000,00|
|28/08/2015|R|140,00|150,00|150,00|150,00|1|170|25.500,00|
|02/09/2015|R|150,00|145,00|145,00|145,00|1|1.300|188.500,00|
|03/09/2015|R|145,00|145,00|0,00|0,00|1|117|17.433,00|
|04/09/2015|R|145,00|150,00|150,00|150,00|3|7.351|1.102.650,00|
|07/09/2015|R|150,00|150,00|150,00|150,00|1|1.000|150.000,00|
|14/09/2015|R|150,00|150,00|150,00|150,00|1|1.500|225.000,00|
|16/09/2015|R|150,00|150,00|150,00|149,00|4|5.619|842.759,00|
|21/09/2015|R|150,00|150,00|150,00|150,00|1|1.000|150.000,00|
|25/09/2015|R|150,00|150,00|150,00|150,00|2|3.367|505.050,00|
|30/09/2015|R|150,00|150,00|150,00|150,00|3|6.808|1.021.200,00|
|09/10/2015|R|150,00|140,00|140,00|140,00|1|2.000|280.000,00|
|13/10/2015|R|140,00|140,00|140,00|140,00|1|2.956|413.840,00|
|14/10/2015|R|140,00|140,00|140,00|140,00|1|3.000|420.000,00|
|15/10/2015|R|140,00|140,00|140,00|140,00|3|2.680|375.200,00|
|16/10/2015|R|140,00|140,00|140,00|140,00|1|500|70.000,00|
|19/10/2015|R|140,00|140,00|140,00|140,00|5|14.299|2.001.860,00|
|21/10/2015|R|140,00|140,00|140,00|140,00|3|4.566|639.240,00|
|23/10/2015|R|140,00|140,00|140,00|140,00|2|335|46.900,00|
|27/10/2015|R|140,00|140,00|140,00|140,00|3|5.193|727.020,00|
|30/10/2015|R|140,00|140,00|140,00|140,00|4|6.050|847.000,00|
|06/11/2015|R|140,00|145,00|145,00|145,00|1|5.000|725.000,00|
|09/11/2015|R|145,00|145,00|145,00|145,00|4|6.000|870.000,00|
|11/11/2015|R|145,00|140,00|140,00|140,00|1|3.000|420.000,00|
|12/11/2015|R|140,00|140,00|140,00|140,00|1|204|28.560,00|
|13/11/2015|R|140,00|140,00|140,00|140,00|1|1.500|210.000,00|
|16/11/2015|R|140,00|130,00|140,00|130,00|2|5.100|713.000,00|
|19/11/2015|R|130,00|145,00|145,00|145,00|1|5.000|725.000,00|
|20/11/2015|R|145,00|149,00|149,00|149,00|1|500|74.500,00|
|23/11/2015|R|149,00|165,00|165,00|165,00|1|40|6.600,00|
|26/11/2015|R|165,00|165,00|0,00|0,00|1|70|10.780,00|
|08/12/2015|R|165,00|160,00|160,00|155,00|5|6.750|1.050.000,00|
|09/12/2015|R|160,00|158,00|158,00|158,00|7|10.090|1.594.220,00|
|14/12/2015|R|158,00|150,00|150,00|150,00|5|7.010|1.051.500,00|
|15/12/2015|R|150,00|150,00|150,00|150,00|3|2.068|309.800,00|
|16/12/2015|R|150,00|150,00|150,00|150,00|3|10.020|1.502.800,00|
|13/01/2016|R|150,00|150,00|150,00|150,00|2|5.000|750.000,00|
|18/01/2016|R|150,00|176,00|176,00|176,00|3|70|11.240,00|
|19/01/2016|R|176,00|155,00|155,00|155,00|1|250|38.750,00|
|22/01/2016|R|155,00|155,00|0,00|0,00|1|600|96.000,00|
|29/01/2016|R|155,00|160,00|178,00|160,00|3|10.010|1.601.780,00|
|01/02/2016|R|160,00|160,00|151,00|151,00|1|10|1.510,00|
|02/02/2016|R|160,00|160,00|160,00|160,00|2|4.000|640.000,00|
|03/02/2016|R|160,00|155,00|155,00|155,00|1|1.984|307.520,00|
|04/02/2016|R|155,00|155,00|0,00|0,00|1|600|93.000,00|
|11/02/2016|R|155,00|160,00|160,00|160,00|3|4.200|672.000,00|
|12/02/2016|R|160,00|160,00|160,00|160,00|1|50|8.000,00|
|15/02/2016|R|160,00|161,00|161,00|161,00|2|3.107|500.227,00|
|19/02/2016|R|161,00|175,00|178,00|160,00|8|10.037|1.662.870,00|
|22/02/2016|R|175,00|175,00|178,00|178,00|1|10|1.780,00|
|24/02/2016|R|175,00|199,00|199,00|175,00|4|3.493|659.275,00|
|25/02/2016|R|199,00|199,99|199,99|180,00|5|413|76.758,79|
|26/02/2016|R|199,99|199,99|195,00|195,00|2|12.726|2.481.570,00|
|29/02/2016|R|200,00|200,00|200,00|200,00|1|3.000|600.000,00|
|01/03/2016|R|200,00|239,00|239,00|200,00|4|550|131.060,00|
|02/03/2016|R|239,00|239,00|201,00|201,00|1|10|2.010,00|
|04/03/2016|R|239,00|200,00|200,00|200,00|1|2.264|452.800,00|
|07/03/2016|R|200,00|200,00|220,00|220,00|1|10|2.200,00|
|08/03/2016|R|200,00|200,00|220,00|220,00|1|26|5.720,00|
|11/03/2016|R|200,00|200,00|200,00|200,00|2|6.000|1.200.000,00|
|14/03/2016|R|200,00|200,00|210,00|200,00|2|160|32.100,00|
|15/03/2016|R|200,00|200,00|163,00|163,00|1|10|1.630,00|
|16/03/2016|R|200,00|163,01|163,01|163,01|1|100|16.301,00|
|21/03/2016|R|163,01|163,00|163,00|163,00|2|218|35.534,00|
|22/03/2016|R|163,00|163,00|180,00|180,00|1|24|4.320,00|
|28/03/2016|R|163,00|160,00|160,00|160,00|2|9.792|1.566.720,00|
|29/03/2016|R|160,00|160,00|160,00|160,00|1|1.000|160.000,00|
|30/03/2016|R|160,00|165,00|165,00|165,00|2|80|13.200,00|
|31/03/2016|R|165,00|165,00|0,00|0,00|2|8.920|1.400.440,00|
|01/04/2016|R|161,57|161,57|0,00|0,00|1|120|19.388,40|
|04/04/2016|R|161,57|157,00|157,00|157,00|1|100|15.700,00|
|06/04/2016|R|157,00|157,00|157,00|157,00|1|750|117.750,00|
|08/04/2016|R|157,00|157,00|0,00|0,00|1|1.708|269.864,00|
|11/04/2016|R|157,00|165,00|165,00|165,00|1|300|49.500,00|
|12/04/2016|R|165,00|170,00|170,00|170,00|1|3.000|510.000,00|
|13/04/2016|R|170,00|165,00|165,00|165,00|1|2.920|481.800,00|
|15/04/2016|R|165,00|161,00|170,00|160,00|9|14.818|2.516.160,00|
|20/04/2016|R|161,00|170,00|170,00|170,00|2|4.000|680.000,00|
|21/04/2016|R|170,00|170,00|170,00|170,00|2|4.000|680.000,00|
|22/04/2016|R|170,00|170,00|170,00|170,00|3|4.126|701.420,00|
|25/04/2016|R|170,00|155,00|160,00|155,00|4|110|17.095,00|
|28/04/2016|R|155,00|155,01|155,01|155,00|2|888|137.642,88|
|02/05/2016|R|155,01|165,00|165,00|165,00|2|488|80.520,00|
|03/05/2016|R|165,00|179,95|179,95|165,00|2|369|64.622,50|
|06/05/2016|R|179,95|167,00|167,00|167,00|1|300|50.100,00|
|10/05/2016|R|167,00|165,00|167,00|165,00|4|20.500|3.402.500,00|
|11/05/2016|R|165,00|165,00|168,00|165,00|2|10.228|1.717.620,00|
|12/05/2016|R|165,00|168,00|168,00|168,00|2|17.495|2.939.160,00|
|13/05/2016|R|168,00|168,00|170,00|170,00|1|15|2.550,00|
|17/05/2016|R|168,00|170,00|170,00|170,00|2|11.985|2.037.450,00|
|18/05/2016|R|170,00|171,00|171,00|170,00|2|372|63.340,00|
|20/05/2016|R|171,00|172,00|172,00|172,00|1|100|17.200,00|
|23/05/2016|R|172,00|175,00|175,00|175,00|2|2.253|394.275,00|
|25/05/2016|R|175,00|172,00|172,00|172,00|2|600|103.200,00|
|02/06/2016|R|172,00|175,00|175,50|175,00|3|1.500|262.562,00|
|03/06/2016|R|175,00|175,00|175,01|175,00|3|1.300|227.503,00|
|06/06/2016|R|175,00|175,00|175,00|175,00|2|1.468|256.900,00|
|10/06/2016|R|175,00|175,00|179,99|175,00|6|12.250|2.143.750,00|
|14/06/2016|R|175,00|175,00|175,00|174,99|3|9.068|1.586.855,91|
|16/06/2016|R|175,00|175,00|175,00|175,00|2|3.100|542.500,00|
|20/06/2016|R|175,00|175,00|175,00|175,00|2|3.000|525.000,00|
|28/06/2016|R|175,00|170,00|170,00|170,00|2|5.000|850.000,00|
|29/06/2016|R|170,00|165,00|165,00|165,00|2|2.214|365.310,00|
|30/06/2016|R|165,00|170,00|170,00|165,00|5|3.786|629.690,00|
|06/07/2016|R|170,00|165,00|165,00|165,00|1|5.000|825.000,00|
|07/07/2016|R|165,00|165,00|165,00|165,00|4|11.176|1.844.040,00|
|13/07/2016|R|165,00|170,00|170,00|160,00|2|25.870|4.147.900,00|
|19/07/2016|R|170,00|180,00|180,00|179,99|4|19.550|3.518.985,00|
|27/07/2016|R|180,00|200,00|200,00|200,00|1|1.130|226.000,00|
|28/07/2016|R|200,00|180,00|180,01|180,00|7|7.000|1.260.000,40|
|02/08/2016|R|180,00|180,00|180,00|180,00|2|7|1.260,00|
|03/08/2016|R|180,00|180,00|180,00|180,00|6|14.601|2.628.180,00|
|04/08/2016|R|180,00|180,00|180,00|180,00|1|1.000|180.000,00|
|11/08/2016|R|180,00|180,00|180,00|180,00|2|6.930|1.247.400,00|
|24/08/2016|R|180,00|170,00|170,00|170,00|1|100|17.000,00|
|25/08/2016|R|170,00|179,99|179,99|179,99|1|270|48.597,30|
|26/08/2016|R|179,99|179,99|162,00|162,00|1|36|5.832,00|
|06/09/2016|R|179,99|175,00|175,00|175,00|3|2.500|437.500,00|
|15/09/2016|R|175,00|170,00|170,00|170,00|2|689|117.130,00|
|19/09/2016|R|170,00|169,90|169,90|169,90|1|70|11.893,00|
|20/09/2016|R|169,90|169,90|169,90|169,00|2|34|5.758,60|
|21/09/2016|R|169,90|169,90|164,90|164,90|2|312|46.978,80|
|22/09/2016|R|169,90|164,00|164,00|164,00|2|100|16.400,00|
|23/09/2016|R|164,00|152,00|161,00|152,00|2|924|140.772,00|
|26/09/2016|R|152,00|152,00|158,00|152,00|5|2.610|397.104,00|
|27/09/2016|R|152,00|152,00|0,00|0,00|1|500|76.000,00|
|28/09/2016|R|152,00|158,00|158,00|151,00|3|971|153.173,00|
|29/09/2016|R|158,00|160,00|160,00|160,00|2|1.100|176.000,00|
|30/09/2016|R|160,00|159,00|160,00|159,00|2|625|99.500,00|
|04/10/2016|R|159,00|151,00|161,00|151,00|6|6.402|1.023.227,00|
|06/10/2016|R|151,00|151,00|160,00|160,00|1|50|8.000,00|
|07/10/2016|R|151,00|159,00|159,00|159,00|2|405|64.395,00|
|10/10/2016|R|159,00|159,00|159,00|159,00|1|1.000|159.000,00|
|11/10/2016|R|159,00|157,00|158,50|157,00|3|2.800|441.140,00|
|14/10/2016|R|157,00|157,00|157,00|157,00|2|3.223|506.011,00|
|17/10/2016|R|157,00|157,00|157,00|157,00|3|2.358|370.206,00|
|18/10/2016|R|157,00|157,00|0,00|0,00|1|1.000|160.000,00|
|20/10/2016|R|157,00|157,00|160,00|160,00|1|25|4.000,00|
|24/10/2016|R|157,00|155,00|155,00|155,00|1|888|137.640,00|
|25/10/2016|R|155,00|156,00|156,00|156,00|1|639|99.684,00|
|26/10/2016|R|156,00|156,00|156,00|156,00|1|68|10.608,00|
|28/10/2016|R|156,00|159,00|159,00|159,00|3|13.753|2.186.727,00|
|02/11/2016|R|159,00|160,00|160,00|160,00|4|14.000|2.240.000,00|
|03/11/2016|R|160,00|190,00|190,00|160,00|10|59.401|11.026.458,00|
|04/11/2016|R|190,00|163,00|163,00|163,00|1|1.000|163.000,00|
|08/11/2016|R|163,00|163,00|163,00|163,00|3|5.201|847.763,00|
|09/11/2016|R|163,00|163,00|0,00|0,00|1|1.600|304.000,00|
|10/11/2016|R|163,00|190,00|190,00|190,00|5|10.280|1.953.200,00|
|11/11/2016|R|190,00|227,99|227,99|190,01|5|5.710|1.254.052,39|
|14/11/2016|R|227,99|273,00|273,00|273,00|2|480|131.040,00|
|15/11/2016|R|273,00|273,01|273,01|272,99|3|3.000|818.990,00|
|16/11/2016|R|273,01|299,99|318,00|299,99|2|1.100|331.790,00|
|17/11/2016|R|299,99|300,00|300,00|300,00|1|1.000|300.000,00|
|18/11/2016|R|300,00|273,00|280,00|273,00|3|7.697|2.110.381,00|
|22/11/2016|R|273,00|280,00|280,00|270,00|4|1.084|298.030,00|
|23/11/2016|R|280,00|280,00|280,00|280,00|4|2.858|800.240,00|
|25/11/2016|R|280,00|280,00|280,00|280,00|1|1.600|448.000,00|
|30/11/2016|R|280,00|290,00|290,00|270,00|5|15.292|4.424.240,00|
|01/12/2016|R|290,00|281,00|347,90|281,00|2|380|125.512,00|
|02/12/2016|R|281,00|285,00|335,99|285,00|2|300|95.698,00|
|06/12/2016|R|285,00|319,00|319,00|319,00|1|160|51.040,00|
|09/12/2016|R|319,00|300,00|300,00|300,00|1|135|40.500,00|
|13/12/2016|R|300,00|270,00|270,00|270,00|1|600|162.000,00|
|14/12/2016|R|270,00|270,00|270,00|270,00|1|900|243.000,00|
|15/12/2016|R|270,00|270,00|270,00|270,00|1|33|8.910,00|
|28/12/2016|R|270,00|290,00|290,00|270,00|4|5.370|1.535.075,00|
|29/12/2016|R|290,00|285,00|300,00|270,00|4|1.050|299.550,00|
|30/12/2016|R|285,00|270,00|270,00|270,00|2|10.000|2.700.000,00|
|04/01/2017|R|270,00|280,00|280,00|280,00|1|3.380|946.400,00|
|10/01/2017|R|280,00|290,00|290,00|290,00|1|7.000|2.030.000,00|
|11/01/2017|R|290,00|290,00|290,00|290,00|1|3.000|870.000,00|
|12/01/2017|R|290,00|300,00|300,00|300,00|1|3.237|971.100,00|
|13/01/2017|R|300,00|300,00|0,00|0,00|1|98|29.400,00|
|17/01/2017|R|300,00|300,00|300,00|300,00|1|100|30.000,00|
|19/01/2017|R|300,00|291,00|291,00|291,00|2|4.647|1.352.277,00|
|20/01/2017|R|291,00|300,00|300,00|300,00|2|1.400|420.000,00|
|24/01/2017|R|300,00|252,00|252,00|252,00|4|4.440|1.118.880,00|
|25/01/2017|R|252,00|280,00|280,00|280,00|1|175|49.000,00|
|26/01/2017|R|280,00|270,00|270,00|270,00|1|200|54.000,00|
|27/01/2017|R|270,00|270,00|270,00|270,00|3|500|135.000,00|
|30/01/2017|R|270,00|320,00|320,00|280,00|2|254|81.120,00|
|03/02/2017|R|320,00|270,00|270,00|270,00|1|100|27.000,00|
|08/02/2017|R|270,00|270,00|270,00|270,00|5|5.205|1.405.350,00|
|13/02/2017|R|270,00|270,00|320,00|320,00|1|20|6.400,00|
|14/02/2017|R|270,00|323,00|323,00|323,00|1|89|28.747,00|
|21/02/2017|R|323,00|310,00|310,00|310,00|1|1.000|310.000,00|
|23/02/2017|R|310,00|310,00|310,00|310,00|1|1.650|511.500,00|
|24/02/2017|R|310,00|310,00|310,00|310,00|1|190|58.900,00|
|03/03/2017|R|310,00|350,00|360,00|335,00|5|33.000|11.353.000,00|
|06/03/2017|R|350,00|375,00|375,00|350,00|2|16.737|6.273.875,00|
|07/03/2017|R|375,00|380,00|380,00|380,00|2|21.840|8.299.200,00|
|08/03/2017|R|380,00|385,00|385,00|385,00|2|10.000|3.850.000,00|
|14/03/2017|R|385,00|375,00|375,00|375,00|1|2.000|750.000,00|
|15/03/2017|R|375,00|375,00|375,00|375,00|1|20|7.500,00|
|16/03/2017|R|375,00|375,00|375,00|375,00|3|3.181|1.192.875,00|
|17/03/2017|R|375,00|375,00|375,00|350,00|2|618|231.500,00|
|22/03/2017|R|375,00|400,00|400,00|400,00|2|250|100.000,00|
|23/03/2017|R|400,00|400,00|470,00|400,00|2|1.550|725.000,00|
|27/03/2017|R|400,00|400,00|400,00|400,00|4|13.810|5.524.000,00|
|30/03/2017|R|400,00|410,00|410,00|410,00|2|2.142|858.800,00|
|31/03/2017|R|410,00|460,00|460,00|460,00|1|340|156.400,00|
|04/04/2017|R|460,00|460,00|460,00|460,00|1|200|92.000,00|
|05/04/2017|R|460,00|460,00|460,00|460,00|1|985|453.100,00|
|06/04/2017|R|460,00|459,95|459,95|459,95|1|1.000|459.950,00|
|07/04/2017|R|459,95|460,00|460,00|459,95|3|2.476|1.138.910,00|
|11/04/2017|R|460,00|500,00|500,00|460,00|2|2.050|1.023.000,00|
|17/04/2017|R|500,00|599,90|599,90|599,90|2|1.000|599.900,00|
|25/04/2017|R|599,90|599,90|599,90|599,90|1|1.000|599.900,00|
|26/04/2017|R|599,90|718,00|718,00|700,00|3|1.850|1.327.400,00|
|27/04/2017|R|718,00|850,00|850,00|850,00|1|200|170.000,00|
|02/05/2017|R|850,00|1.000,00|1.000,00|1.000,00|1|50|50.000,00|
|03/05/2017|R|1.000,00|1.199,00|1.199,00|1.000,00|3|2.260|2.509.500,00|
|04/05/2017|R|1.199,00|1.200,00|1.200,00|1.200,00|4|363|435.600,00|
|05/05/2017|R|1.200,00|1.199,00|1.200,00|1.199,00|4|158|189.575,00|
|08/05/2017|R|1.199,00|1.200,00|1.200,00|1.200,00|2|2.190|2.628.000,00|
|10/05/2017|R|1.200,00|1.300,00|1.300,00|1.300,00|3|530|689.000,00|
|11/05/2017|R|1.300,00|1.300,00|1.300,00|1.300,00|1|785|1.020.500,00|
|15/05/2017|R|1.300,00|1.300,00|1.300,00|1.300,00|2|615|799.500,00|
|17/05/2017|R|1.300,00|1.279,00|1.279,00|1.279,00|1|40|51.160,00|
|18/05/2017|R|1.279,00|1.150,00|1.150,00|1.150,00|1|450|517.500,00|
|19/05/2017|R|1.150,00|1.300,00|1.300,00|1.300,00|1|60|78.000,00|
|23/05/2017|R|1.300,00|1.500,00|1.500,00|1.150,00|8|19.293|24.594.735,00|
|25/05/2017|R|1.500,00|1.500,00|1.500,00|1.500,00|2|10.150|15.225.000,00|
|26/05/2017|R|1.500,00|1.450,00|1.450,00|1.300,00|3|21.544|31.007.200,00|
|30/05/2017|R|1.450,00|1.450,00|1.600,00|1.450,00|3|5.300|7.730.000,00|
|31/05/2017|R|1.450,00|1.450,00|1.450,00|1.450,00|2|700|1.015.000,00|
|01/06/2017|R|1.450,00|1.699,99|1.699,99|1.699,99|1|632|1.074.393,68|
|02/06/2017|R|1.699,99|1.600,00|1.600,00|1.600,00|3|3.327|5.323.200,00|
|06/06/2017|R|1.600,00|1.919,00|1.919,00|1.610,00|5|3.324|5.555.230,00|
|07/06/2017|R|1.919,00|2.100,00|2.100,00|2.100,00|1|260|546.000,00|
|08/06/2017|R|2.100,00|2.520,00|2.520,00|2.200,00|3|1.280|3.108.000,00|
|09/06/2017|R|2.520,00|3.000,00|3.000,00|2.600,00|4|5.766|15.364.000,00|
|12/06/2017|R|3.000,00|3.000,00|3.000,00|3.000,00|7|22.852|68.556.000,00|
|13/06/2017|R|3.000,00|3.000,00|3.190,00|3.000,00|5|6.040|18.127.600,00|
|14/06/2017|R|3.000,00|3.001,00|3.001,00|3.000,00|6|10.716|32.149.200,00|
|15/06/2017|R|3.001,00|3.000,00|3.200,00|3.000,00|4|1.070|3.253.250,00|
|16/06/2017|R|3.000,00|3.000,00|3.200,00|3.000,00|5|14.157|42.471.200,00|
|20/06/2017|R|3.000,00|3.000,00|0,00|0,00|1|5|15.000,00|
|21/06/2017|R|3.000,00|3.000,00|3.000,00|3.000,00|9|13.516|40.548.000,00|
|22/06/2017|R|3.000,00|3.000,00|3.000,00|3.000,00|2|9.316|27.948.000,00|
|26/06/2017|R|3.000,00|3.000,00|3.000,00|3.000,00|3|1.084|3.175.000,00|
|27/06/2017|R|3.000,00|3.000,00|3.000,00|3.000,00|1|100|300.000,00|
|30/06/2017|R|3.000,00|3.050,00|3.050,00|3.050,00|2|1.000|3.050.000,00|
|04/07/2017|R|3.050,00|3.000,00|3.000,00|2.441,00|2|128|340.398,00|
|06/07/2017|R|3.000,00|2.600,00|2.600,00|2.600,00|2|200|520.000,00|
|10/07/2017|R|2.600,00|2.600,00|2.600,00|2.600,00|1|1.000|2.600.000,00|
|11/07/2017|R|2.600,00|2.600,00|2.700,00|2.600,00|10|8.700|22.650.400,00|
|12/07/2017|R|2.600,00|2.900,00|2.900,00|2.900,00|1|52|150.800,00|
|13/07/2017|R|2.900,00|3.000,00|3.000,00|2.600,00|6|2.023|5.370.300,00|
|14/07/2017|R|3.000,00|2.600,00|3.000,00|2.600,00|3|1.723|4.589.260,00|
|17/07/2017|R|2.600,00|3.000,00|3.000,00|3.000,00|2|223|669.000,00|
|18/07/2017|R|3.000,00|3.050,00|3.050,00|3.000,00|4|4.008|12.074.000,00|
|21/07/2017|R|3.050,00|3.050,00|3.050,00|3.050,00|1|100|305.000,00|
|25/07/2017|R|3.050,00|3.200,00|3.200,00|3.050,00|3|2.829|8.867.800,00|
|28/07/2017|R|3.200,00|3.200,00|3.200,00|3.200,00|1|963|3.081.600,00|
|31/07/2017|R|3.200,00|3.500,00|3.500,00|3.500,00|2|1.000|3.500.000,00|
|01/08/2017|R|3.500,00|4.100,00|4.199,00|3.000,00|7|9.031|29.132.797,00|
|02/08/2017|R|4.100,00|4.100,00|4.100,00|4.100,00|1|10|41.000,00|
|03/08/2017|R|4.100,00|4.000,00|4.099,99|4.000,00|3|30.861|123.444.199,98|
|04/08/2017|R|4.000,00|4.500,00|4.500,00|4.100,00|5|2.290|9.681.300,00|
|08/08/2017|R|4.500,00|4.250,00|4.250,00|4.250,00|1|75|318.750,00|
|10/08/2017|R|4.250,00|3.600,00|3.600,00|3.600,00|4|1.000|3.600.000,00|
|11/08/2017|R|3.600,00|3.500,00|3.600,00|3.450,00|7|1.421|4.913.700,00|
|15/08/2017|R|3.500,00|3.000,01|3.300,00|3.000,01|5|5.735|17.305.950,00|
|17/08/2017|R|3.000,01|3.300,00|3.300,00|3.300,00|2|27|89.100,00|
|18/08/2017|R|3.300,00|3.300,00|3.300,00|3.300,00|2|187|617.100,00|
|21/08/2017|R|3.300,00|3.200,00|3.200,00|3.200,00|3|10.081|32.259.200,00|
|23/08/2017|R|3.200,00|3.000,00|3.500,00|3.000,00|3|1.310|4.085.000,00|
|24/08/2017|R|3.000,00|3.000,00|3.020,00|3.000,00|5|8.099|24.297.620,00|
|25/08/2017|R|3.000,00|3.000,00|3.000,00|3.000,00|2|7.700|23.100.000,00|
|29/08/2017|R|3.000,00|3.000,00|3.300,00|3.300,00|1|3|9.900,00|
|31/08/2017|R|3.000,00|3.100,00|3.200,00|3.000,00|10|22.276|70.858.582,00|
|04/09/2017|R|3.100,00|3.200,00|3.200,00|3.125,00|4|1.470|4.631.250,00|
|05/09/2017|R|3.200,00|3.500,00|3.500,00|3.500,00|1|33|115.500,00|
|06/09/2017|R|3.500,00|3.500,00|3.500,00|3.021,00|7|5.217|18.095.040,00|
|07/09/2017|R|3.500,00|3.500,00|3.500,00|3.060,00|3|275|951.500,00|
|12/09/2017|R|3.500,00|3.600,00|3.600,00|3.500,00|4|7.887|28.181.170,00|
|13/09/2017|R|3.600,00|4.300,00|4.300,00|3.650,00|12|31.430|133.993.999,50|
|14/09/2017|R|4.300,00|4.300,00|4.300,00|4.300,00|1|1.000|4.300.000,00|
|15/09/2017|R|4.300,00|4.600,00|4.600,00|4.000,01|2|205|940.000,05|
|20/09/2017|R|4.600,00|4.140,00|4.700,01|4.140,00|6|2.050|9.418.200,10|
|21/09/2017|R|4.140,00|4.600,00|4.600,00|4.600,00|6|3.000|13.800.000,00|
|22/09/2017|R|4.600,00|4.600,00|4.600,00|4.600,00|1|500|2.300.000,00|
|26/09/2017|R|4.600,00|4.600,00|4.600,00|4.600,00|1|1.100|5.060.000,00|
|27/09/2017|R|4.600,00|4.800,00|4.800,00|4.600,00|7|24.182|115.752.400,00|
|28/09/2017|R|4.800,00|4.800,00|4.900,00|4.800,00|3|30|145.000,00|
|03/10/2017|R|4.800,00|4.900,00|5.000,00|4.500,00|6|23.904|115.271.902,93|
|04/10/2017|R|4.900,00|5.450,00|5.450,00|5.000,00|4|1.390|6.983.600,00|
|06/10/2017|R|5.450,00|5.500,00|5.500,00|4.500,00|6|410|2.116.000,00|
|09/10/2017|R|5.500,00|5.450,00|5.500,00|5.450,00|2|163|889.000,00|
|11/10/2017|R|5.450,00|5.150,00|5.150,00|5.150,00|1|330|1.699.500,00|
|13/10/2017|R|5.150,00|5.050,00|5.050,00|5.050,00|3|449|2.267.450,00|
|16/10/2017|R|5.050,00|5.050,00|5.050,00|5.050,00|1|4|20.200,00|
|19/10/2017|R|5.050,00|4.900,00|5.000,00|4.600,00|4|3.615|16.713.500,00|
|23/10/2017|R|4.900,00|4.600,00|4.700,00|4.600,00|2|647|2.986.200,00|
|26/10/2017|R|4.600,00|4.000,00|4.000,00|4.000,00|1|1.400|5.600.000,00|
|27/10/2017|R|4.000,00|3.950,00|4.000,00|3.950,00|4|1.935|7.653.400,00|
|30/10/2017|R|3.950,00|3.900,00|3.900,00|3.900,00|2|78|304.200,00|
|31/10/2017|R|3.900,00|3.900,00|3.900,00|3.900,00|3|97|378.300,00|
|01/11/2017|R|3.900,00|3.300,00|3.300,00|3.125,00|3|3.002|9.560.075,00|
|02/11/2017|R|3.300,00|3.320,00|3.899,00|3.320,00|12|5.311|17.639.310,00|
|03/11/2017|R|3.320,00|3.400,00|3.402,00|3.325,00|6|9.307|31.564.246,00|
|07/11/2017|R|3.400,00|3.600,00|3.600,00|3.500,00|4|6.159|22.092.400,00|
|08/11/2017|R|3.600,00|3.899,00|3.899,00|3.450,00|4|2.065|7.153.435,00|
|09/11/2017|R|3.899,00|3.400,00|3.450,00|3.400,00|6|7.295|24.855.000,00|
|10/11/2017|R|3.400,00|3.898,99|3.898,99|3.898,99|2|432|1.684.363,68|
|17/11/2017|R|3.898,99|3.700,00|3.700,00|3.700,00|1|100|370.000,00|
|22/11/2017|R|3.700,00|3.700,00|0,00|0,00|1|50|184.850,00|
|23/11/2017|R|3.700,00|3.698,00|3.698,00|3.650,00|6|13.790|50.906.593,10|
|24/11/2017|R|3.698,00|3.900,00|3.900,00|3.899,00|5|5.742|22.393.000,00|
|27/11/2017|R|3.900,00|3.900,00|3.900,00|3.850,00|4|3.499|13.621.100,00|
|29/11/2017|R|3.900,00|4.680,00|4.680,00|4.000,00|5|6.367|28.231.560,00|
|30/11/2017|R|4.680,00|4.700,00|4.700,00|4.700,00|1|1.200|5.640.000,00|
|01/12/2017|R|4.700,00|5.300,00|5.640,00|5.300,00|2|7.831|41.505.660,00|
|04/12/2017|R|5.300,00|5.300,00|5.300,00|5.200,00|3|3.480|18.285.200,00|
|05/12/2017|R|5.300,00|5.000,00|5.300,00|5.000,00|4|794|4.066.600,00|
|06/12/2017|R|5.000,00|5.500,00|5.500,00|5.500,00|1|31|170.500,00|
|08/12/2017|R|5.500,00|5.400,00|5.400,00|5.400,00|1|305|1.647.000,00|
|12/12/2017|R|5.400,00|5.200,00|5.200,00|5.200,00|1|600|3.120.000,00|
|13/12/2017|R|5.200,00|5.480,00|5.480,00|5.480,00|2|261|1.427.880,00|
|15/12/2017|R|5.480,00|5.480,00|5.480,00|5.480,00|1|15|82.200,00|
|18/12/2017|R|5.480,00|5.480,00|5.480,00|5.480,00|1|539|2.953.720,00|
|22/12/2017|R|5.480,00|5.480,00|5.480,00|5.480,00|2|320|1.753.600,00|
|27/12/2017|R|5.480,00|4.500,00|4.500,00|4.500,00|2|1.000|4.500.000,00|
|29/12/2017|R|4.500,00|4.500,00|4.500,00|4.500,00|3|381|1.714.500,00|
|09/01/2018|R|4.500,00|5.000,00|5.000,00|5.000,00|1|2.000|10.000.000,00|
|12/01/2018|R|5.000,00|5.500,00|5.500,00|5.000,00|6|8.631|43.993.799,03|
|15/01/2018|R|5.500,00|5.500,00|5.500,00|5.500,00|4|5.203|28.616.500,00|
|16/01/2018|R|5.500,00|5.500,00|0,00|0,00|1|40|240.000,00|
|17/01/2018|R|5.500,00|6.500,00|6.500,00|5.500,00|5|1.505|8.322.500,00|
|18/01/2018|R|6.500,00|6.000,00|6.500,00|6.000,00|3|3.046|18.282.500,00|
|19/01/2018|R|6.000,00|6.400,00|6.400,00|6.300,00|5|13.969|89.304.700,00|
|22/01/2018|R|6.400,00|6.400,00|6.400,00|6.400,00|5|8.825|56.480.000,00|
|23/01/2018|R|6.400,00|7.000,00|7.000,00|7.000,00|1|12|84.000,00|
|26/01/2018|R|7.000,00|8.399,00|8.399,00|7.000,00|2|2.555|17.900.389,00|
|29/01/2018|R|8.399,00|9.300,00|9.300,00|9.300,00|2|120|1.116.000,00|
|30/01/2018|R|9.300,00|10.000,00|10.500,00|10.000,00|4|2.919|29.200.000,00|
|31/01/2018|R|10.000,00|8.399,00|10.500,00|8.399,00|4|353|3.532.596,00|
|09/02/2018|R|8.399,00|9.800,00|9.800,00|9.800,00|3|2.317|22.706.600,00|
|14/02/2018|R|9.800,00|9.800,00|9.800,00|9.500,00|4|4.898|47.431.000,00|
|15/02/2018|R|9.800,00|10.500,00|10.500,00|10.500,00|1|100|1.050.000,00|
|16/02/2018|R|10.500,00|10.500,00|10.500,00|10.250,00|5|4.300|44.600.000,00|
|19/02/2018|R|10.500,00|10.500,00|10.500,00|10.500,00|3|4.300|45.150.000,00|
|20/02/2018|R|10.500,00|12.000,00|12.000,00|10.500,00|3|2.045|21.540.000,00|
|21/02/2018|R|12.000,00|12.000,00|12.000,00|12.000,00|1|9.000|108.000.000,00|
|22/02/2018|R|12.000,00|12.000,00|14.400,00|14.400,00|1|1|14.400,00|
|23/02/2018|R|12.000,00|14.400,00|14.400,00|14.400,00|1|35|504.000,00|
|26/02/2018|R|14.400,00|14.000,00|14.000,00|13.950,00|8|3.680|51.388.100,00|
|28/02/2018|R|14.000,00|16.785,00|16.785,00|16.785,00|3|1.045|17.540.325,00|
|02/03/2018|R|16.785,00|16.400,00|16.500,00|16.400,00|4|185|3.040.500,00|
|06/03/2018|R|16.400,00|14.000,00|17.000,00|14.000,00|3|1.598|22.402.000,00|
|07/03/2018|R|14.000,00|14.500,00|15.000,00|14.500,00|5|4.438|64.651.000,00|
|08/03/2018|R|14.500,00|13.000,00|16.790,00|13.000,00|2|80|1.058.950,00|
|09/03/2018|R|13.000,00|13.200,00|13.200,00|13.200,00|1|13.200|174.240.000,00|
|12/03/2018|R|13.200,00|13.500,00|13.500,00|13.500,00|4|6.010|81.135.000,00|
|14/03/2018|R|13.500,00|16.199,00|16.199,00|14.000,00|5|196|2.999.084,00|
|15/03/2018|R|16.199,00|17.000,00|17.000,00|17.000,00|5|740|12.580.000,00|
|16/03/2018|R|17.000,00|17.000,00|17.000,00|16.900,00|6|1.706|28.987.430,00|
|20/03/2018|R|17.000,00|19.000,00|19.500,00|19.000,00|3|3.100|58.950.000,00|
|21/03/2018|R|19.000,00|17.000,00|17.000,00|17.000,00|2|1.000|17.000.000,00|
|22/03/2018|R|17.000,00|17.000,00|17.000,00|17.000,00|5|3.205|54.485.000,00|
|23/03/2018|R|17.000,00|17.000,00|17.000,00|17.000,00|2|252|4.284.000,00|
|26/03/2018|R|17.000,00|17.000,00|17.000,00|17.000,00|3|1.600|27.200.000,00|
|27/03/2018|R|17.000,00|17.000,00|17.000,00|17.000,00|6|1.561|26.537.000,00|
|28/03/2018|R|17.000,00|17.000,00|17.000,00|17.000,00|1|1.128|19.176.000,00|
|02/04/2018|R|17.000,00|18.500,00|18.500,00|18.500,00|1|1.500|27.750.000,00|
|03/04/2018|R|18.500,00|20.000,00|20.395,00|20.000,00|4|500|10.079.000,00|
|04/04/2018|R|20.000,00|21.300,00|21.300,00|20.000,00|4|515|10.398.500,00|
|05/04/2018|R|21.300,00|23.998,00|23.998,00|23.000,00|6|2.295|53.079.410,00|
|06/04/2018|R|23.998,00|27.000,00|27.000,00|25.000,00|4|2.248|58.648.000,00|
|10/04/2018|R|27.000,00|32.390,00|32.390,00|30.000,00|7|5.500|166.195.000,00|
|11/04/2018|R|32.390,00|38.865,00|38.865,00|38.865,00|1|200|7.773.000,00|
|12/04/2018|R|38.865,00|45.500,00|45.500,00|42.300,00|8|3.730|162.683.000,00|
|13/04/2018|R|45.500,00|54.590,00|54.590,00|45.500,00|4|2.610|142.298.100,00|
|16/04/2018|R|54.590,00|62.000,00|62.000,00|55.000,01|5|611|36.875.000,01|
|17/04/2018|R|62.000,00|74.500,00|74.500,00|74.390,00|8|2.639|196.391.400,00|
|18/04/2018|R|74.500,00|89.390,00|89.500,00|89.390,00|7|5.892|526.911.970,00|
|20/04/2018|R|89.390,00|100.000,00|107.200,01|99.500,00|9|2.415|242.038.000,05|
|23/04/2018|R|100.000,00|100.000,00|100.000,00|99.000,00|6|234|23.270.000,00|
|24/04/2018|R|100.000,00|98.000,00|100.000,00|98.000,00|3|260|25.590.000,00|
|25/04/2018|R|98.000,00|85.000,00|95.000,00|85.000,00|8|787|67.698.500,00|
|26/04/2018|R|85.000,00|68.000,00|75.000,00|68.000,00|3|230|15.850.000,00|
|27/04/2018|R|68.000,00|55.000,00|68.000,00|55.000,00|11|6.340|361.460.000,00|
|02/05/2018|R|55.000,00|65.990,00|65.990,00|65.990,00|1|20|1.319.800,00|
|03/05/2018|R|65.990,00|70.000,00|70.000,00|70.000,00|3|370|25.900.000,00|
|04/05/2018|R|70.000,00|75.000,00|75.000,00|70.000,00|6|1.550|114.850.000,00|
|07/05/2018|R|75.000,00|74.000,00|74.000,00|74.000,00|1|456|33.744.000,00|
|08/05/2018|R|74.000,00|70.000,00|75.000,00|70.000,00|3|145|10.275.000,00|
|09/05/2018|R|70.000,00|56.000,00|56.000,00|56.000,00|4|2.045|114.520.000,00|
|11/05/2018|R|56.000,00|56.000,00|56.000,00|56.000,00|2|760|42.560.000,00|
|15/05/2018|R|56.000,00|60.000,00|60.000,00|60.000,00|1|1|60.000,00|
|16/05/2018|R|60.000,00|60.000,00|60.000,00|60.000,00|4|3.680|220.800.000,00|
|17/05/2018|R|60.000,00|72.000,00|72.000,00|72.000,00|2|38|2.736.000,00|
|18/05/2018|R|72.000,00|80.000,00|83.000,00|80.000,00|4|2.145|171.735.000,00|
|21/05/2018|R|80.000,00|80.000,00|80.000,00|80.000,00|4|2.990|239.200.000,00|
|23/05/2018|R|80.000,00|85.000,00|96.000,00|80.000,00|5|1.070|90.920.000,00|
|24/05/2018|R|85.000,00|102.000,00|102.000,00|102.000,00|3|162|16.524.000,00|
|25/05/2018|R|102.000,00|122.400,00|122.400,00|122.400,00|1|10|1.224.000,00|
|28/05/2018|R|122.400,00|100.000,00|100.000,00|100.000,00|1|25|2.500.000,00|
|29/05/2018|R|100.000,00|102.000,00|102.000,00|100.000,00|3|73|7.436.000,00|
|30/05/2018|R|102.000,00|138.000,00|140.000,00|122.400,00|6|256|35.473.600,00|
|31/05/2018|R|138.000,00|138.000,00|138.000,00|115.000,00|5|5.211|699.823.000,00|
|01/06/2018|R|138.000,00|135.000,00|135.000,00|130.000,00|13|8.277|1.107.395.000,00|
|05/06/2018|R|135.000,00|115.000,00|140.000,00|115.000,00|7|1.186|153.465.000,00|
|06/06/2018|R|115.000,00|139.000,00|140.000,00|138.000,00|6|249|34.739.850,00|
|07/06/2018|R|139.000,00|166.800,00|166.800,00|138.000,00|6|5.797|954.046.100,00|
|08/06/2018|R|166.800,00|166.000,00|166.000,00|166.000,00|5|113|18.758.000,00|
|11/06/2018|R|166.000,00|195.000,00|195.000,00|195.000,00|2|7|1.365.000,00|
|14/06/2018|R|195.000,00|195.000,00|195.000,00|160.000,00|3|314|50.730.000,00|
|15/06/2018|R|195.000,00|190.000,00|195.000,00|190.000,00|2|17|3.265.000,00|
|18/06/2018|R|190.000,00|228.000,00|228.000,00|190.000,00|3|3.502|665.456.000,00|
|19/06/2018|R|228.000,00|200.000,00|200.000,00|200.000,00|2|60|12.000.000,00|
|21/06/2018|R|200.000,00|200.000,00|200.000,00|200.000,00|7|1.302|260.400.000,00|
|22/06/2018|R|200.000,00|200.000,00|200.000,00|200.000,00|2|2.058|411.600.000,00|
|25/06/2018|R|200.000,00|238.000,00|238.000,00|200.000,00|9|3.085|645.025.000,00|
|26/06/2018|R|238.000,00|200.000,00|200.000,00|200.000,00|1|1.000|200.000.000,00|
|27/06/2018|R|200.000,00|205.000,00|205.000,00|201.000,00|4|1.500|306.300.000,00|
|28/06/2018|R|205.000,00|220.010,00|238.000,00|205.000,00|9|2.017|440.957.220,00|
|29/06/2018|R|220.010,00|245.000,00|245.000,00|238.000,00|6|957|230.041.000,00|
|03/07/2018|R|245.000,00|260.000,00|260.000,00|240.000,00|7|3.838|936.620.000,00|
|04/07/2018|R|260.000,00|250.000,00|250.000,00|250.000,00|1|5|1.250.000,00|
|06/07/2018|R|250.000,00|250.000,00|250.000,00|250.000,00|2|20.122|5.030.500.000,00|
|09/07/2018|R|250.000,00|249.000,00|275.000,00|249.000,00|4|621|155.675.000,00|
|10/07/2018|R|249.000,00|242.000,00|250.000,00|242.000,00|3|403|97.534.000,00|
|11/07/2018|R|242.000,00|250.000,00|250.000,00|250.000,00|2|13|3.250.000,00|
|12/07/2018|R|250.000,00|250.000,00|250.000,00|250.000,00|2|39|9.750.000,00|
|13/07/2018|R|250.000,00|275.000,00|275.000,00|275.000,00|1|4|1.100.000,00|
|16/07/2018|R|275.000,00|275.000,00|275.000,00|275.000,00|1|11|3.025.000,00|
|18/07/2018|R|275.000,00|225.000,00|225.000,00|220.000,00|5|530|117.150.000,00|
|19/07/2018|R|225.000,00|225.000,00|225.000,00|225.000,00|1|1.215|273.375.000,00|
|20/07/2018|R|225.000,00|225.000,00|0,00|0,00|2|469|105.525.000,00|
|23/07/2018|R|225.000,00|225.000,00|225.000,00|225.000,00|1|85|19.125.000,00|
|25/07/2018|R|225.000,00|225.000,00|225.000,00|225.000,00|2|34|7.650.000,00|
|27/07/2018|R|225.000,00|225.000,00|225.000,00|220.000,00|4|1.086|243.920.000,00|
|01/08/2018|R|225.000,00|190.000,00|190.000,00|190.000,00|2|122|23.180.000,00|
|02/08/2018|R|190.000,00|190.000,00|0,00|0,00|1|600|120.000.000,00|
|03/08/2018|R|190.000,00|225.000,00|225.000,00|190.000,00|11|1.971|441.822.000,00|
|06/08/2018|R|225.000,00|225.000,00|225.000,00|225.000,00|3|75|16.875.000,00|
|07/08/2018|R|225.000,00|220.000,00|220.000,00|190.000,00|3|2.021|384.620.000,00|
|08/08/2018|R|220.000,00|225.000,00|225.000,00|225.000,00|1|737|165.825.000,00|
|09/08/2018|R|225.000,00|269.980,00|269.980,00|269.980,00|1|8|2.159.840,00|
|10/08/2018|R|269.980,00|270.000,00|323.970,00|270.000,00|11|909|250.509.240,00|
|13/08/2018|R|270.000,00|290.000,00|290.000,00|270.000,00|4|309|85.490.000,00|
|14/08/2018|R|290.000,00|320.000,00|320.000,00|320.000,00|5|600|192.000.000,00|
|15/08/2018|R|320.000,00|380.000,00|380.000,00|380.000,00|1|10|3.800.000,00|
|23/08/2018|R|3,80|3,80|3,80|3,80|2|83|317,50|
|24/08/2018|R|3,80|4,80|4,80|4,50|5|1.045|4.714,80|
|27/08/2018|R|4,80|4,80|0,00|0,00|2|60|276,00|
|28/08/2018|R|4,80|5,00|5,00|4,80|4|520|2.566,00|
|29/08/2018|R|5,00|5,00|5,00|5,00|5|662|3.310,00|
|31/08/2018|R|5,00|6,00|6,00|6,00|1|357|2.142,00|
|03/09/2018|R|6,00|6,00|6,00|6,00|2|8|48,00|
|05/09/2018|R|6,00|7,20|7,20|7,20|2|300|2.160,00|
|06/09/2018|R|7,20|8,00|8,00|8,00|3|700|5.600,00|
|07/09/2018|R|8,00|8,75|8,75|8,75|1|35|306,25|
|11/09/2018|R|8,75|8,75|8,87|8,75|5|580|5.075,12|
|12/09/2018|R|8,75|8,75|8,75|8,50|6|494|4.272,38|
|13/09/2018|R|8,75|8,75|9,00|8,75|7|7.360|64.405,00|
|14/09/2018|R|8,75|9,00|9,00|9,00|1|400|3.600,00|
|17/09/2018|R|9,00|8,75|9,00|8,75|2|6.000|53.750,00|
|18/09/2018|R|8,75|8,75|8,75|8,75|3|465|4.068,75|
|19/09/2018|R|8,75|7,05|8,93|7,05|3|296|2.594,40|
|21/09/2018|R|7,05|7,99|8,00|7,05|4|2.098|14.883,03|
|24/09/2018|R|7,99|7,50|8,00|7,50|2|505|3.790,00|
|25/09/2018|R|7,50|6,10|6,10|6,10|1|11|67,10|
|26/09/2018|R|6,10|7,00|7,32|7,00|2|2.194|15.360,88|
|01/10/2018|R|7,00|7,00|7,00|6,50|2|119|823,00|
|02/10/2018|R|7,00|7,00|0,00|0,00|1|1|7,25|
|03/10/2018|R|7,00|7,50|7,50|7,50|2|3.000|22.500,00|
|04/10/2018|R|7,50|8,90|8,90|7,50|2|11|83,90|
|05/10/2018|R|8,90|8,78|8,78|8,78|1|1|8,78|
|09/10/2018|R|8,78|8,50|8,50|8,50|8|12.341|104.898,50|
|10/10/2018|R|8,50|8,50|8,50|8,50|3|990|8.415,00|
|11/10/2018|R|8,50|8,90|8,90|8,50|3|1.587|13.721,41|
|15/10/2018|R|8,90|8,90|8,90|8,90|2|387|3.444,30|
|16/10/2018|R|8,90|9,70|9,70|9,70|1|300|2.910,00|
|17/10/2018|R|9,70|11,00|11,00|10,00|7|2.626|27.404,00|
|18/10/2018|R|11,00|11,00|11,50|11,00|4|10.012|115.132,00|
|19/10/2018|R|11,00|11,00|11,00|11,00|2|8.005|94.055,00|
|22/10/2018|R|11,00|11,25|11,25|11,00|2|328|3.683,00|
|23/10/2018|R|11,25|11,00|13,00|11,00|2|6|68,00|
|24/10/2018|R|11,00|11,25|11,25|11,25|1|3.500|39.375,00|
|25/10/2018|R|11,25|13,45|13,48|13,00|5|6.405|83.897,40|
|26/10/2018|R|13,45|13,50|13,70|13,48|8|11.373|154.092,04|
|31/10/2018|R|13,50|14,00|14,00|14,00|2|25|350,00|
|01/11/2018|R|14,00|14,10|14,10|14,10|1|100|1.410,00|
|02/11/2018|R|14,10|15,00|16,00|14,00|4|3.069|45.968,00|
|06/11/2018|R|15,00|15,00|15,00|15,00|1|100|1.500,00|
|07/11/2018|R|15,00|18,00|18,00|15,00|6|8.866|153.581,00|
|09/11/2018|R|18,00|25,00|25,00|21,60|5|1.950|48.410,00|
|12/11/2018|R|25,00|29,90|29,90|29,90|4|3.705|110.779,50|
|13/11/2018|R|29,90|35,50|35,85|35,00|8|2.223|79.627,05|
|14/11/2018|R|35,50|41,00|42,00|41,00|9|3.495|144.435,00|
|15/11/2018|R|41,00|48,00|49,00|42,00|5|4.356|184.237,00|
|16/11/2018|R|48,00|48,00|48,00|45,00|4|64|2.910,00|
|19/11/2018|R|48,00|47,50|49,99|45,99|8|733|34.339,02|
|20/11/2018|R|47,50|48,00|48,00|48,00|1|50|2.400,00|
|21/11/2018|R|48,00|47,00|47,00|47,00|1|4|188,00|
|22/11/2018|R|47,00|47,00|47,00|47,00|1|15|705,00|
|23/11/2018|R|47,00|49,00|49,00|49,00|2|90|4.250,00|
|27/11/2018|R|49,00|49,00|49,00|49,00|1|15|735,00|
|28/11/2018|R|49,00|45,00|47,00|45,00|3|355|15.985,00|
|29/11/2018|R|45,00|50,00|50,00|45,00|2|20|950,00|
|30/11/2018|R|50,00|50,00|50,00|49,50|6|354|17.575,00|
|03/12/2018|R|50,00|55,00|55,00|51,00|9|21.440|1.114.740,00|
|04/12/2018|R|55,00|55,00|55,00|55,00|3|620|34.100,00|
|05/12/2018|R|55,00|55,00|55,00|55,00|1|1|55,00|
|06/12/2018|R|55,00|55,00|55,00|55,00|1|30|1.650,00|
|07/12/2018|R|55,00|55,00|55,00|55,00|1|50|2.750,00|
|11/12/2018|R|55,00|44,01|44,01|44,01|1|13|572,13|
|12/12/2018|R|44,01|37,00|50,00|37,00|3|16|617,00|
|13/12/2018|R|37,00|36,00|37,00|36,00|5|719|26.103,00|
|18/12/2018|R|36,00|43,20|43,20|36,00|5|2.923|113.133,60|
|19/12/2018|R|43,20|43,00|43,20|43,00|3|5.957|257.151,00|
|21/12/2018|R|43,00|44,00|44,00|44,00|1|11|484,00|
|26/12/2018|R|44,00|45,00|45,00|44,00|4|524|23.556,50|
|27/12/2018|R|45,00|54,00|54,00|54,00|1|40|2.160,00|
|28/12/2018|R|54,00|55,00|55,00|55,00|1|50|2.750,00|
|02/01/2019|R|55,00|55,01|55,01|55,00|2|2.000|110.010,00|
|03/01/2019|R|55,01|55,50|58,00|55,50|2|1.079|60.082,00|
|04/01/2019|R|55,50|60,50|61,00|58,00|11|11.490|690.160,50|
|07/01/2019|R|60,50|65,00|65,00|65,00|2|5.047|328.055,00|
|08/01/2019|R|65,00|93,00|93,00|77,95|9|6.407|532.685,80|
|09/01/2019|R|93,00|106,00|106,50|100,00|7|6.927|732.539,50|
|10/01/2019|R|106,00|127,20|127,20|115,00|8|2.636|327.262,00|
|11/01/2019|R|127,20|152,00|152,00|152,00|5|1.004|152.608,00|
|14/01/2019|R|152,00|160,00|160,00|155,00|4|1.378|220.465,00|
|15/01/2019|R|160,00|182,00|182,00|182,00|2|515|93.730,00|
|16/01/2019|R|182,00|218,00|218,00|180,00|3|1.455|314.200,00|
|17/01/2019|R|218,00|225,00|225,00|225,00|1|100|22.500,00|
|18/01/2019|R|225,00|226,00|261,20|226,00|5|567|130.437,40|
|21/01/2019|R|226,00|226,00|270,00|226,00|2|50|12.840,00|
|22/01/2019|R|226,00|220,00|220,00|220,00|4|529|116.380,00|
|24/01/2019|R|220,00|264,00|264,00|222,00|4|295|70.740,00|
|25/01/2019|R|264,00|320,00|320,00|316,80|3|435|139.088,00|
|28/01/2019|R|320,00|456,00|456,00|380,00|20|5.316|2.049.143,00|
|29/01/2019|R|456,00|656,00|657,00|547,00|18|4.412|2.784.722,00|
|30/01/2019|R|656,00|700,00|700,00|656,00|11|19.193|12.832.388,00|
|31/01/2019|R|700,00|840,00|840,00|840,00|10|4.167|3.505.488,00|
|01/02/2019|R|840,00|1.400,00|1.400,00|1.000,00|22|3.423|4.105.352,01|
|04/02/2019|R|1.400,00|1.500,00|1.700,00|1.500,00|13|7.227|11.771.900,00|
|05/02/2019|R|1.500,00|1.550,00|1.700,00|1.300,00|18|2.244|3.651.100,00|
|06/02/2019|R|1.550,00|1.400,00|1.700,00|1.400,00|16|1.622|2.383.600,00|
|07/02/2019|R|1.400,00|1.400,00|1.499,00|1.400,00|15|2.211|3.114.122,00|
|08/02/2019|R|1.400,00|1.200,00|1.400,00|1.200,00|9|2.754|3.371.300,00|
|11/02/2019|R|1.200,00|1.000,00|1.200,00|1.000,00|9|868|926.500,00|
|12/02/2019|R|1.000,00|860,00|999,90|840,00|8|810|699.739,00|
|13/02/2019|R|860,00|900,00|900,00|800,00|9|3.202|2.792.540,00|
|14/02/2019|R|900,00|1.080,00|1.080,00|900,00|4|525|491.400,00|
|15/02/2019|R|1.080,00|1.300,00|1.300,00|1.296,00|5|300|389.600,00|
|18/02/2019|R|1.300,00|1.500,00|1.560,00|1.300,00|12|1.265|1.788.499,00|
|19/02/2019|R|1.500,00|1.500,00|1.930,00|1.500,00|23|9.081|15.577.000,00|
|20/02/2019|R|1.500,00|1.650,00|1.650,00|1.650,00|1|20|33.000,00|
|21/02/2019|R|1.650,00|1.975,00|1.975,00|1.600,00|7|3.792|7.240.600,00|
|22/02/2019|R|1.975,00|2.300,00|2.365,00|1.975,00|13|7.639|16.699.750,00|
|25/02/2019|R|2.300,00|2.760,00|2.760,00|2.300,00|15|2.014|4.963.000,00|
|26/02/2019|R|2.760,00|3.500,00|3.997,20|3.200,00|16|2.308|8.002.187,80|
|27/02/2019|R|3.500,00|4.300,00|4.500,00|3.500,00|25|2.488|10.350.300,00|
|06/03/2019|R|4.300,00|4.200,00|4.600,00|4.000,00|21|3.101|13.534.225,00|
|07/03/2019|R|4.200,00|3.399,00|4.300,00|3.399,00|8|474|2.007.680,00|
|14/03/2019|R|3.399,00|3.000,05|3.050,00|2.500,00|8|1.076|3.177.905,25|
|18/03/2019|R|3.000,05|3.200,00|3.400,00|3.200,00|14|4.624|15.530.890,04|
|20/03/2019|R|3.200,00|3.000,00|3.200,00|3.000,00|6|1.921|5.887.600,00|
|21/03/2019|R|3.000,00|2.700,00|3.150,00|2.700,00|9|1.430|4.064.260,00|
|22/03/2019|R|2.700,00|2.600,00|2.700,00|2.600,00|5|267|710.900,00|
|25/03/2019|R|2.600,00|2.400,00|2.800,00|2.400,00|7|682|1.772.600,00|
|29/03/2019|R|2.400,00|2.300,00|2.300,00|2.250,00|8|464|1.062.200,00|
|01/04/2019|R|2.300,00|2.000,00|2.300,00|2.000,00|4|525|1.080.000,00|
|02/04/2019|R|2.000,00|2.000,00|2.200,00|2.000,00|2|2|4.200,00|
|03/04/2019|R|2.000,00|2.190,00|2.199,99|2.190,00|3|51|111.789,90|
|04/04/2019|R|2.190,00|2.200,00|2.300,00|2.199,99|5|1.558|3.427.686,10|
|05/04/2019|R|2.200,00|2.400,00|2.400,00|2.200,00|6|10.149|24.327.800,00|
|09/04/2019|R|2.400,00|2.400,00|2.880,00|2.400,00|7|1.244|2.987.040,41|
|10/04/2019|R|2.400,00|2.400,00|2.500,00|2.400,00|3|4.463|10.711.500,00|
|11/04/2019|R|2.400,00|2.449,00|2.449,00|2.400,00|5|552|1.325.045,00|
|12/04/2019|R|2.449,00|2.445,00|2.448,50|2.251,00|4|117|285.961,50|
|22/04/2019|R|2.445,00|2.500,00|2.500,00|2.400,00|2|52|129.700,00|
|23/04/2019|R|2.500,00|2.900,00|2.900,00|2.800,00|7|753|2.133.700,00|
|24/04/2019|R|2.900,00|3.470,00|3.477,00|2.900,00|13|3.759|11.048.286,00|
|25/04/2019|R|3.470,00|4.400,00|4.400,00|3.390,00|18|3.145|11.440.149,00|
|26/04/2019|R|4.400,00|5.099,00|5.099,00|5.099,00|1|244|1.244.156,00|
|29/04/2019|R|5.099,00|5.000,00|5.500,00|5.000,00|8|2.914|15.821.925,00|
|02/05/2019|R|5.000,00|4.999,00|4.999,99|4.990,00|5|388|1.939.636,12|
|03/05/2019|R|4.999,00|4.000,00|4.000,00|4.000,00|3|555|2.220.000,00|
|08/05/2019|R|3.750,00|4.500,00|4.500,00|3.500,00|13|5.864|21.222.299,96|
|09/05/2019|R|4.500,00|4.350,00|4.399,00|4.250,00|5|3.458|15.031.462,00|
|10/05/2019|R|4.350,00|4.000,00|4.000,00|4.000,00|2|750|3.000.000,00|
|14/05/2019|R|4.000,00|4.349,00|4.349,00|4.000,00|5|358|1.520.995,00|
|15/05/2019|R|4.349,00|4.000,00|4.300,00|4.000,00|6|63|266.400,00|
|16/05/2019|R|4.000,00|4.100,00|4.100,00|4.100,00|2|30|123.000,00|
|17/05/2019|R|4.100,00|4.000,00|4.000,00|3.980,00|6|920|3.678.000,00|
|27/05/2019|R|2.950,00|3.001,00|3.001,00|2.900,00|3|150|440.040,00|
|28/05/2019|R|3.001,00|3.600,00|3.600,00|3.000,00|7|1.572|4.776.200,00|
|29/05/2019|R|3.600,00|3.600,00|3.600,00|3.600,00|1|200|720.000,00|
|30/05/2019|R|3.600,00|3.600,00|3.600,00|3.500,00|8|268|964.400,00|
|31/05/2019|R|3.600,00|3.800,00|3.800,00|3.700,00|7|202|757.600,00|
|04/06/2019|R|3.800,00|3.800,00|3.800,00|3.800,00|6|269|1.022.200,00|
|05/06/2019|R|3.800,00|3.500,00|3.750,00|3.400,00|5|165|573.000,00|
|06/06/2019|R|3.500,00|3.500,00|3.600,00|3.500,00|3|202|723.000,00|
|07/06/2019|R|3.500,00|3.000,00|3.500,00|3.000,00|5|276|830.999,99|
|10/06/2019|R|3.000,00|3.195,00|3.200,00|3.000,00|5|297|903.750,00|
|11/06/2019|R|3.195,00|3.100,00|3.100,00|3.100,00|1|4|12.400,00|
|12/06/2019|R|3.100,00|3.000,00|3.100,00|2.850,00|5|759|2.294.400,00|
|13/06/2019|R|3.000,00|2.750,00|3.200,00|2.750,00|9|3.518|10.125.200,00|
|14/06/2019|R|2.750,00|2.800,00|2.800,01|2.800,00|5|2.481|6.999.300,60|
|18/06/2019|R|2.800,00|3.100,00|3.359,00|3.100,00|3|27|84.477,00|
|19/06/2019|R|3.100,00|3.500,00|3.500,00|3.100,00|4|264|913.600,00|
|20/06/2019|R|3.500,00|3.500,00|3.500,00|3.350,00|4|505|1.737.500,00|
|21/06/2019|R|3.500,00|3.550,00|3.550,00|3.500,00|5|1.562|5.510.100,00|
|25/06/2019|R|3.550,00|3.500,00|3.500,00|3.500,00|4|870|3.045.000,00|
|26/06/2019|R|3.500,00|3.485,00|3.490,00|3.485,00|5|5.711|19.918.835,00|
|27/06/2019|R|3.485,00|3.485,00|3.485,00|3.485,00|1|1|3.485,00|
|28/06/2019|R|3.485,00|3.489,00|3.500,00|3.489,00|6|8.730|30.550.490,00|
|01/07/2019|R|3.489,00|3.450,00|3.500,00|3.450,00|6|613|2.126.100,00|
|02/07/2019|R|3.450,00|3.550,00|3.553,50|3.449,97|11|3.817|13.189.670,00|
|03/07/2019|R|3.550,00|3.550,00|3.550,00|3.550,00|3|37|131.350,00|
|04/07/2019|R|3.550,00|3.550,00|3.550,00|3.525,00|7|7.120|25.266.000,00|
|08/07/2019|R|3.550,00|3.550,00|3.550,00|3.500,00|3|523|1.835.800,00|
|09/07/2019|R|3.550,00|3.500,00|3.550,00|3.500,00|2|57|199.850,00|
|10/07/2019|R|3.500,00|3.550,00|3.550,00|3.500,00|2|1.094|3.833.700,00|
|11/07/2019|R|3.550,00|3.550,00|3.555,00|3.500,00|7|8.485|30.112.585,00|
|12/07/2019|R|3.550,00|3.500,00|3.500,00|3.500,00|5|3.278|11.473.000,00|
|15/07/2019|R|3.500,00|3.000,00|3.600,00|3.000,00|3|1.203|4.160.800,00|
|17/07/2019|R|3.000,00|3.500,00|3.600,00|3.200,00|11|1.945|6.898.200,00|
|18/07/2019|R|3.500,00|3.750,00|3.750,00|3.600,00|7|5.850|21.130.500,00|
|19/07/2019|R|3.750,00|3.800,00|3.800,00|3.800,00|4|6.066|23.050.800,00|
|22/07/2019|R|3.800,00|4.300,00|4.500,00|3.900,00|11|1.967|8.376.192,00|
|25/07/2019|R|4.300,00|4.550,00|4.550,00|4.500,00|5|352|1.599.000,00|
|26/07/2019|R|4.550,00|4.550,00|4.550,00|4.550,00|2|100|455.000,00|
|29/07/2019|R|4.550,00|4.550,00|4.550,00|4.500,00|5|780|3.541.500,00|
|30/07/2019|R|4.550,00|4.600,00|4.600,00|4.550,00|7|567|2.589.850,00|
|31/07/2019|R|4.600,00|4.600,00|4.600,00|4.600,00|5|1.100|5.060.000,00|
|01/08/2019|R|4.600,00|5.000,00|5.000,00|4.600,00|4|1.328|6.440.000,00|
|02/08/2019|R|5.000,00|5.190,00|5.200,00|5.050,00|6|1.820|9.337.000,00|
|05/08/2019|R|5.190,00|5.150,00|5.200,00|5.100,00|4|33|169.500,00|
|06/08/2019|R|5.150,00|5.150,00|5.150,00|5.150,00|8|5.050|26.007.500,00|
|07/08/2019|R|5.150,00|5.000,01|5.190,00|5.000,01|23|8.086|41.492.910,00|
|08/08/2019|R|5.000,01|5.000,00|5.150,00|5.000,00|6|1.912|9.710.179,00|
|09/08/2019|R|5.000,00|4.950,00|5.145,00|4.950,00|20|17.838|89.379.645,00|
|12/08/2019|R|4.950,00|5.000,00|5.050,00|5.000,00|5|279|1.397.550,00|
|13/08/2019|R|5.000,00|5.150,00|5.150,00|5.000,00|14|2.619|13.440.120,00|
|14/08/2019|R|5.150,00|5.200,00|5.300,00|5.200,00|7|2.523|13.131.900,00|
|15/08/2019|R|5.200,00|5.200,00|5.200,00|5.200,00|3|578|3.005.600,00|
|16/08/2019|R|5.200,00|5.300,00|5.300,00|5.200,00|7|907|4.806.700,00|
|20/08/2019|R|5.300,00|5.000,00|5.300,00|5.000,00|6|361|1.868.300,00|
|21/08/2019|R|5.000,00|5.000,00|5.000,00|4.995,00|13|2.567|12.834.500,00|
|22/08/2019|R|5.000,00|6.000,00|6.000,00|5.000,00|4|247|1.264.000,00|
|23/08/2019|R|6.000,00|5.898,00|6.000,00|5.898,00|7|229|1.354.021,00|
|26/08/2019|R|5.898,00|5.700,00|5.750,00|5.000,00|6|51|285.100,00|
|27/08/2019|R|5.700,00|5.700,00|5.700,00|5.700,00|11|942|5.369.400,00|
|28/08/2019|R|5.700,00|5.700,00|5.700,00|5.700,00|6|373|2.145.000,00|
|29/08/2019|R|5.700,00|5.799,00|5.800,00|5.700,00|12|3.222|18.677.565,00|
|30/08/2019|R|5.799,00|6.500,00|6.500,00|5.800,00|6|720|4.210.000,00|
|02/09/2019|R|6.500,00|6.500,00|6.550,00|6.500,00|8|865|5.644.750,00|
|03/09/2019|R|6.500,00|6.499,00|6.499,00|6.499,00|4|225|1.176.715,00|
|04/09/2019|R|6.499,00|6.300,00|6.490,00|6.300,00|9|307|1.967.340,00|
|05/09/2019|R|6.300,00|6.300,00|6.300,00|6.300,00|2|9|56.700,00|
|06/09/2019|R|6.300,00|6.300,00|6.300,00|6.200,00|2|5|31.400,00|
|10/09/2019|R|6.300,00|6.250,00|6.250,00|6.150,00|4|3.574|22.160.100,00|
|12/09/2019|R|6.250,00|6.250,00|6.235,00|6.235,00|1|3|18.705,00|
|17/09/2019|R|5.990,00|5.990,00|5.990,00|5.990,00|3|70|419.300,00|
|18/09/2019|R|5.990,00|5.700,00|5.700,00|5.400,00|5|1.028|5.835.273,00|
|19/09/2019|R|5.700,00|5.700,00|5.700,00|5.700,00|5|1.239|7.062.300,00|
|24/09/2019|R|5.700,00|5.500,00|5.500,00|5.500,00|4|237|1.303.500,00|
|25/09/2019|R|5.500,00|5.500,00|5.500,00|5.500,00|3|78|429.000,00|
|26/09/2019|R|5.500,00|5.500,00|5.400,00|5.400,00|1|1|5.400,00|
|27/09/2019|R|5.500,00|5.000,00|5.400,00|5.000,00|4|2.181|10.947.400,00|
|30/09/2019|R|5.000,00|4.000,00|4.750,00|4.000,00|3|2.061|8.254.547,00|
|01/10/2019|R|4.000,00|4.000,00|4.000,00|4.000,00|7|2.729|10.766.000,00|
|02/10/2019|R|4.000,00|4.000,00|4.700,00|4.000,00|9|4.209|16.900.200,00|
|03/10/2019|R|4.000,00|4.000,00|4.000,00|4.000,00|13|2.395|9.580.000,00|
|04/10/2019|R|4.000,00|4.000,00|4.000,00|4.000,00|4|2.122|8.488.000,00|
|07/10/2019|R|4.000,00|4.000,00|3.900,00|3.900,00|1|6|23.400,00|
|08/10/2019|R|4.000,00|4.200,00|4.200,00|3.900,00|13|2.460|10.245.160,00|
|09/10/2019|R|4.200,00|4.500,00|4.500,00|4.190,00|5|2.015|8.464.400,00|
|10/10/2019|R|4.500,00|4.500,00|4.500,00|4.500,00|1|195|877.500,00|
|11/10/2019|R|4.500,00|4.500,00|4.500,00|4.500,00|5|4.577|20.596.500,00|
|14/10/2019|R|4.500,00|4.800,00|4.800,00|4.500,00|3|1.830|8.244.000,00|
|15/10/2019|R|4.800,00|4.500,00|4.800,00|4.500,00|8|5.447|26.115.600,00|
|16/10/2019|R|4.500,00|4.800,00|4.800,00|4.800,00|5|5.423|26.030.400,00|
|18/10/2019|R|4.800,00|4.500,00|4.501,00|4.500,00|4|534|2.403.050,00|
|21/10/2019|R|4.500,00|4.500,00|4.500,00|4.500,00|3|768|3.456.000,00|
|22/10/2019|R|4.500,00|4.500,00|4.500,00|4.500,00|3|1.500|6.750.000,00|
|24/10/2019|R|4.500,00|5.250,00|5.250,00|5.000,00|9|13.295|68.721.250,00|
|25/10/2019|R|5.250,00|6.200,00|6.200,00|5.750,00|16|2.743|16.525.403,00|
|28/10/2019|R|6.200,00|5.750,00|6.250,00|5.750,00|12|9.053|54.045.750,00|
|29/10/2019|R|5.750,00|5.700,00|5.750,00|5.500,00|7|1.034|5.811.650,00|
|31/10/2019|R|5.700,00|5.700,00|5.700,00|5.700,00|2|129|735.300,00|
|05/11/2019|R|5.700,00|5.700,00|6.100,00|5.700,00|5|2.234|12.787.400,00|
|06/11/2019|R|5.700,00|5.500,00|5.900,00|5.500,00|4|721|4.144.900,00|
|07/11/2019|R|5.500,00|5.900,00|5.900,00|5.500,00|12|6.297|34.700.875,00|
|08/11/2019|R|5.900,00|6.100,00|6.100,00|5.800,00|10|1.814|10.826.200,00|
|11/11/2019|R|6.100,00|6.250,00|6.250,00|6.198,00|5|16.319|101.977.162,00|
|12/11/2019|R|6.250,00|6.000,00|6.100,00|6.000,00|5|1.100|6.699.600,00|
|14/11/2019|R|6.000,00|6.100,00|6.100,00|6.000,00|8|112|681.200,00|
|15/11/2019|R|6.100,00|6.100,00|6.100,00|6.100,00|1|2|12.200,00|
|18/11/2019|R|6.100,00|6.100,00|6.100,00|6.100,00|3|3.003|18.318.300,00|
|19/11/2019|R|6.100,00|6.500,00|6.500,00|6.500,00|7|1.113|7.234.500,00|
|20/11/2019|R|6.500,00|6.700,00|6.700,00|6.700,00|4|5.144|34.464.800,00|
|21/11/2019|R|6.700,00|6.700,00|6.900,00|6.700,00|4|116|789.400,00|
|25/11/2019|R|6.700,00|6.670,00|6.700,00|6.670,00|2|206|1.374.200,00|
|26/11/2019|R|6.670,00|6.500,00|6.500,00|6.500,00|3|747|4.855.500,00|
|27/11/2019|R|6.500,00|6.800,00|6.800,00|6.700,00|7|1.037|7.017.550,00|
|28/11/2019|R|6.800,00|7.500,00|7.500,00|6.895,00|3|3.300|24.189.500,00|
|29/11/2019|R|7.500,00|7.500,00|7.500,00|7.500,00|6|1.304|9.780.000,00|
|02/12/2019|R|7.500,00|8.000,00|8.000,00|7.500,00|2|229|1.732.000,00|
|03/12/2019|R|8.000,00|8.000,00|8.000,00|8.000,00|6|42|336.000,00|
|04/12/2019|R|8.000,00|7.500,00|8.000,00|7.500,00|3|365|2.745.000,00|
|05/12/2019|R|7.500,00|7.000,00|7.500,00|7.000,00|4|500|3.745.000,00|
|06/12/2019|R|7.000,00|6.700,00|7.000,00|6.700,00|8|3.075|21.519.000,00|
|09/12/2019|R|6.700,00|6.700,00|6.700,00|6.700,00|3|65|435.500,00|
|10/12/2019|R|6.700,00|6.700,00|7.000,00|6.700,00|4|150|1.043.747,50|
|11/12/2019|R|6.700,00|6.400,00|6.500,00|6.400,00|9|6.615|42.836.100,00|
|12/12/2019|R|6.400,00|6.260,00|6.265,00|6.260,00|6|3.002|18.793.570,00|
|13/12/2019|R|6.260,00|6.200,00|6.200,00|6.000,00|3|3.045|18.272.035,00|
|18/12/2019|R|6.200,00|6.500,00|6.500,00|6.500,00|1|5|32.500,00|
|19/12/2019|R|6.500,00|6.300,00|6.400,00|6.300,00|6|99|626.300,00|
|20/12/2019|R|6.300,00|6.300,00|6.300,00|6.000,00|8|1.482|9.329.100,00|
|23/12/2019|R|6.300,00|7.189,00|7.200,00|7.189,00|3|117|842.213,00|
|26/12/2019|R|7.189,00|7.180,00|7.190,00|7.180,00|2|53|380.740,00|
|27/12/2019|R|7.180,00|7.200,00|7.200,00|7.100,00|7|289|2.069.800,00|
|30/12/2019|R|7.200,00|7.300,00|7.300,00|7.199,00|5|248|1.788.390,00|
|02/01/2020|R|7.300,00|7.300,00|7.301,00|7.300,00|3|1.900|13.870.600,00|
|03/01/2020|R|7.300,00|7.800,00|7.800,00|7.500,00|4|275|2.085.000,00|
|07/01/2020|R|7.800,00|8.500,00|8.500,00|8.000,00|5|1.020|8.410.100,00|
|08/01/2020|R|8.500,00|8.400,00|8.500,00|8.400,00|4|947|7.959.700,00|
|09/01/2020|R|8.400,00|8.500,00|8.500,00|8.500,00|6|1.159|9.851.600,00|
|10/01/2020|R|8.500,00|9.000,00|9.001,00|8.500,00|4|2.091|17.821.511,00|
|13/01/2020|R|9.000,00|10.300,00|10.500,00|10.000,00|7|1.790|18.351.000,00|
|14/01/2020|R|10.300,00|9.000,00|9.000,00|9.000,00|1|213|1.917.000,00|
|15/01/2020|R|9.000,00|9.000,00|9.000,00|9.000,00|12|13.361|120.249.000,00|
|16/01/2020|R|9.000,00|9.000,00|9.000,00|9.000,00|7|417|3.753.000,00|
|17/01/2020|R|9.000,00|9.000,00|10.000,00|9.000,00|2|67|604.000,00|
|21/01/2020|R|9.000,00|8.900,00|9.000,00|8.900,00|2|29|259.000,00|
|22/01/2020|R|8.900,00|8.999,99|8.999,99|8.999,99|3|99|890.999,51|
|23/01/2020|R|8.999,99|9.000,00|9.000,00|9.000,00|1|60|540.000,00|
|27/01/2020|R|9.000,00|8.999,00|9.000,00|8.999,00|4|910|8.189.170,00|
|28/01/2020|R|8.999,00|9.000,00|9.000,00|8.999,00|8|760|6.839.945,00|
|29/01/2020|R|9.000,00|9.500,00|9.500,00|9.500,00|6|311|2.954.500,00|
|30/01/2020|R|9.500,00|9.500,00|9.500,00|9.500,00|5|1.000|9.500.000,00|
|31/01/2020|R|9.500,00|9.500,00|9.500,00|9.500,00|7|1.701|16.159.500,00|
|03/02/2020|R|9.500,00|9.500,00|9.500,00|9.500,00|2|108|1.026.000,00|
|04/02/2020|R|9.500,00|9.500,00|9.500,00|9.500,00|3|302|2.869.000,00|
|05/02/2020|R|9.500,00|9.000,00|9.500,00|9.000,00|3|413|3.717.500,00|
|06/02/2020|R|9.000,00|9.500,00|9.500,00|8.999,00|6|1.162|10.963.850,00|
|07/02/2020|R|9.500,00|9.500,00|9.500,00|9.000,00|8|1.877|17.120.500,50|
|10/02/2020|R|9.500,00|9.000,00|9.500,00|9.000,00|5|201|1.899.500,00|
|11/02/2020|R|9.000,00|9.000,00|9.000,00|9.000,00|11|2.620|23.580.000,00|
|12/02/2020|R|9.000,00|9.000,00|9.000,00|9.000,00|4|1.400|12.600.000,00|
|17/02/2020|R|9.000,00|9.000,00|9.000,00|9.000,00|6|1.071|9.639.000,00|
|18/02/2020|R|9.000,00|9.600,00|9.600,00|9.000,00|4|1.410|13.530.000,00|
|19/02/2020|R|9.600,00|9.050,00|9.600,00|9.050,00|5|1.150|10.902.500,00|
|26/02/2020|R|9.599,00|9.598,00|9.598,00|9.598,00|2|400|3.819.600,00|
|28/02/2020|R|9.598,00|9.500,00|9.500,00|9.500,00|1|305|2.897.500,00|
|03/03/2020|R|9.500,00|9.000,00|9.000,00|9.000,00|2|100|900.000,00|
|04/03/2020|R|9.000,00|9.000,00|9.000,00|9.000,00|2|125|1.125.000,00|
|05/03/2020|R|9.000,00|8.999,00|8.999,00|8.999,00|1|35|314.965,00|
|06/03/2020|R|8.999,00|8.999,00|8.999,00|8.999,00|2|80|719.920,00|
|09/03/2020|R|8.999,00|8.999,00|8.999,00|8.999,00|1|20|179.980,00|
|10/03/2020|R|8.999,00|8.995,00|8.998,00|8.995,00|4|310|2.789.074,00|
|11/03/2020|R|8.995,00|8.994,00|8.994,00|8.878,00|10|12.885|115.469.326,00|
|12/03/2020|R|8.994,00|9.000,00|9.000,00|9.000,00|2|40|360.000,00|
|18/03/2020|R|9.000,00|9.000,00|0,00|0,00|1|20|180.000,00|
|20/03/2020|R|9.000,00|9.000,00|9.000,00|9.000,00|3|314|2.826.000,00|
|23/03/2020|R|9.000,00|9.000,00|9.000,00|8.999,99|2|166|1.493.999,15|
|24/03/2020|R|9.000,00|8.800,00|8.800,00|8.500,00|3|105|908.650,00|
|25/03/2020|R|8.800,00|8.400,00|8.500,00|8.400,00|3|169|1.431.500,00|
|27/03/2020|R|8.400,00|9.000,00|9.000,00|9.000,00|2|28|252.000,00|
|31/03/2020|R|9.000,00|9.000,00|9.200,00|9.000,00|3|310|2.790.200,00|
|01/04/2020|R|9.000,00|9.125,00|9.125,00|9.125,00|1|50|456.250,00|
|02/04/2020|R|9.125,00|9.225,00|9.225,00|9.000,00|5|2.430|22.198.700,00|
|03/04/2020|R|9.225,00|10.000,00|11.000,00|10.000,00|4|1.150|12.000.000,00|
|06/04/2020|R|10.000,00|11.400,00|11.400,00|10.000,00|4|541|5.777.100,00|
|07/04/2020|R|11.400,00|12.300,00|12.300,00|12.200,00|4|266|3.252.700,00|
|13/04/2020|R|12.300,00|17.000,00|17.000,00|14.760,00|6|353|5.939.280,00|
|14/04/2020|R|17.000,00|18.100,00|20.000,00|17.000,00|7|707|13.421.000,00|
|15/04/2020|R|18.100,00|20.000,00|20.000,00|20.000,00|4|504|10.080.000,00|
|16/04/2020|R|20.000,00|20.201,00|20.201,00|20.000,00|6|5.146|103.231.000,00|
|17/04/2020|R|20.201,00|28.900,00|28.900,00|22.000,00|11|1.998|50.295.165,60|
|20/04/2020|R|28.900,00|31.000,00|31.000,00|30.000,00|6|619|18.916.000,00|
|21/04/2020|R|31.000,00|37.000,00|37.000,00|37.000,00|3|118|4.366.000,00|
|22/04/2020|R|37.000,00|39.500,00|40.000,00|39.000,00|8|1.286|50.570.000,00|
|23/04/2020|R|39.500,00|51.000,00|51.000,00|47.400,00|3|26|1.279.200,00|
|24/04/2020|R|51.000,00|49.500,00|50.000,00|49.500,00|5|405|20.200.000,00|
|27/04/2020|R|49.500,00|41.000,00|42.000,00|41.000,00|5|257|10.567.000,00|
|28/04/2020|R|41.000,00|40.000,00|42.000,00|40.000,00|6|1.224|50.360.000,00|
|29/04/2020|R|40.000,00|42.000,00|42.000,00|42.000,00|2|23|966.000,00|
|30/04/2020|R|42.000,00|43.000,00|44.000,00|42.000,00|5|251|10.563.000,00|
|04/05/2020|R|43.000,00|45.000,00|45.200,00|40.000,00|8|2.202|91.572.400,00|
|06/05/2020|R|45.000,00|45.000,00|50.000,00|45.000,00|5|85|3.850.000,00|
|07/05/2020|R|45.000,00|45.000,00|45.000,00|45.000,00|4|204|9.180.000,00|
|08/05/2020|R|45.000,00|49.900,00|49.900,00|45.000,00|8|1.215|60.118.900,00|
|11/05/2020|R|49.900,00|49.500,00|50.000,00|49.500,00|6|1.140|56.895.500,00|
|12/05/2020|R|49.500,00|50.000,00|50.000,00|50.000,00|7|2.530|126.500.000,00|
|13/05/2020|R|50.000,00|50.000,00|50.000,00|47.000,00|5|141|7.019.945,00|
|14/05/2020|R|50.000,00|49.000,00|59.999,00|49.000,00|2|52|3.064.953,00|
|15/05/2020|R|49.000,00|50.000,00|50.000,00|49.000,00|5|108|5.379.996,55|
|18/05/2020|R|50.000,00|49.500,00|49.500,00|49.500,00|1|2|99.000,00|
|19/05/2020|R|49.500,00|49.500,00|49.500,00|47.900,00|6|1.034|50.987.800,00|
|20/05/2020|R|49.500,00|59.399,00|59.399,00|59.399,00|1|1|59.399,00|
|21/05/2020|R|59.399,00|47.519,20|50.000,00|47.519,20|3|1.381|65.874.576,00|
|22/05/2020|R|47.519,20|49.499,00|49.998,00|49.499,00|4|34|1.687.978,00|
|26/05/2020|R|49.499,00|49.499,00|49.499,00|49.499,00|1|3|148.497,00|
|27/05/2020|R|49.499,00|50.000,00|50.000,00|45.500,00|7|2.110|100.494.000,00|
|28/05/2020|R|50.000,00|59.000,00|59.000,00|59.000,00|1|59|3.481.000,00|
|29/05/2020|R|59.000,00|59.000,00|60.000,00|59.000,00|6|189|11.179.000,00|
|01/06/2020|R|59.000,00|59.000,00|59.000,00|59.000,00|1|24|1.416.000,00|
|02/06/2020|R|59.000,00|63.000,00|63.000,00|59.000,00|8|1.009|59.535.000,00|
|03/06/2020|R|63.000,00|69.000,00|69.000,00|69.000,00|1|250|17.250.000,00|
|04/06/2020|R|69.000,00|63.000,00|75.000,00|63.000,00|7|1.405|96.479.000,00|
|05/06/2020|R|63.000,00|64.000,00|68.000,00|64.000,00|2|87|5.624.000,00|
|08/06/2020|R|64.000,00|60.000,00|65.000,00|57.000,00|5|285|17.335.000,00|
|09/06/2020|R|60.000,00|68.000,00|68.000,00|60.000,00|3|210|12.704.000,00|
|11/06/2020|R|68.000,00|60.000,00|68.500,00|60.000,00|6|634|38.255.500,00|
|12/06/2020|R|60.000,00|60.000,00|60.000,01|60.000,00|4|407|24.420.000,50|
|16/06/2020|R|60.000,00|68.395,00|68.395,00|58.500,00|7|405|24.138.285,00|
|17/06/2020|R|68.395,00|67.995,00|67.999,00|57.100,00|5|209|13.376.478,00|
|18/06/2020|R|67.995,00|63.000,00|63.000,00|63.000,00|1|9|567.000,00|
|19/06/2020|R|63.000,00|55.000,00|60.000,00|55.000,00|4|100|5.555.000,00|
|22/06/2020|R|55.000,00|55.000,00|55.000,00|55.000,00|4|119|6.545.000,00|
|23/06/2020|R|55.000,00|65.995,00|65.999,00|55.000,00|13|563|32.397.993,00|
|25/06/2020|R|65.995,00|64.999,00|65.999,00|64.999,00|8|187|12.175.841,00|
|26/06/2020|R|64.999,00|66.000,00|66.000,00|66.000,00|1|37|2.442.000,00|
|30/06/2020|R|66.000,00|68.995,00|68.999,00|64.000,00|13|581|37.528.791,00|
|01/07/2020|R|68.995,00|68.000,00|68.995,00|68.000,00|3|32|2.189.930,00|
|02/07/2020|R|68.000,00|58.000,00|60.000,00|58.000,00|2|92|5.390.000,00|
|03/07/2020|R|58.000,00|58.000,00|69.600,00|58.000,00|4|66|3.916.595,00|
|06/07/2020|R|58.000,00|66.000,00|66.000,00|60.000,00|2|230|13.980.000,00|
|07/07/2020|R|66.000,00|65.000,00|65.000,00|60.000,00|4|30|1.935.000,00|
|08/07/2020|R|65.000,00|64.999,00|65.000,00|60.000,00|12|742|46.520.886,00|
|09/07/2020|R|64.999,00|65.000,00|69.599,00|65.000,00|4|503|32.704.198,00|
|10/07/2020|R|65.000,00|66.500,00|66.500,00|65.000,00|5|117|7.612.500,00|
|14/07/2020|R|66.500,00|65.144,00|65.995,00|64.999,00|6|66|4.306.650,00|
|15/07/2020|R|65.144,00|65.000,00|65.000,00|64.985,00|5|1.726|112.184.335,00|
|16/07/2020|R|65.000,00|65.000,00|65.000,00|65.000,00|1|189|12.285.000,00|
|17/07/2020|R|65.000,00|65.000,00|65.000,00|64.999,00|7|920|59.799.995,00|
|20/07/2020|R|65.000,00|65.000,00|65.000,00|65.000,00|1|4|260.000,00|
|21/07/2020|R|65.000,00|67.000,00|67.000,00|66.999,00|11|6.271|420.156.862,00|
|22/07/2020|R|67.000,00|69.990,00|69.999,99|69.990,00|10|477|33.389.875,35|
|23/07/2020|R|69.990,00|72.000,00|72.000,00|70.000,00|5|181|12.690.000,00|
|27/07/2020|R|72.000,00|73.000,00|73.000,00|72.000,00|2|210|15.320.000,00|
|28/07/2020|R|73.000,00|72.000,00|76.000,00|72.000,00|6|292|21.104.000,00|
|29/07/2020|R|72.000,00|72.000,00|72.000,00|72.000,00|5|212|15.264.000,00|
|30/07/2020|R|72.000,00|72.000,00|72.010,00|71.980,00|7|628|45.210.780,00|
|31/07/2020|R|72.000,00|72.000,00|72.000,00|72.000,00|4|222|15.984.000,00|
|03/08/2020|R|72.000,00|73.000,00|73.000,00|72.000,00|3|492|35.524.000,00|
|04/08/2020|R|73.000,00|73.000,00|73.000,00|73.000,00|11|1.178|85.994.000,00|
|05/08/2020|R|73.000,00|74.000,00|74.000,00|73.000,00|4|155|11.415.000,00|
|06/08/2020|R|74.000,00|80.000,00|80.000,00|75.000,00|5|1.232|97.498.000,00|
|07/08/2020|R|80.000,00|85.000,00|85.000,00|81.000,00|15|1.454|120.894.000,00|
|10/08/2020|R|85.000,00|85.500,00|90.000,00|85.200,00|9|1.403|119.926.000,00|
|11/08/2020|R|85.500,00|80.000,00|82.000,00|80.000,00|4|24|1.962.000,00|
|12/08/2020|R|80.000,00|95.000,00|95.000,00|75.000,00|7|221|16.785.000,00|
|13/08/2020|R|95.000,00|83.000,00|95.000,00|83.000,00|13|2.810|234.560.000,00|
|14/08/2020|R|83.000,00|87.000,00|90.000,00|87.000,00|7|312|27.294.000,00|
|17/08/2020|R|87.000,00|83.000,00|90.000,00|83.000,00|10|601|50.470.200,00|
|18/08/2020|R|83.000,00|78.000,00|87.000,00|78.000,00|15|3.624|310.869.000,00|
|19/08/2020|R|78.000,00|80.000,00|81.000,00|80.000,00|11|1.387|111.010.000,00|
|20/08/2020|R|80.000,00|87.999,00|88.000,00|87.999,00|10|11.376|1.001.076.638,00|
|21/08/2020|R|87.999,00|88.000,00|88.000,00|88.000,00|7|842|74.096.000,00|
|24/08/2020|R|88.000,00|88.000,00|89.000,00|88.000,00|5|329|28.973.100,00|
|25/08/2020|R|88.000,00|87.000,00|87.000,00|85.000,00|3|202|17.570.000,00|
|26/08/2020|R|87.000,00|89.000,00|90.000,00|89.000,00|4|240|21.398.000,00|
|27/08/2020|R|89.000,00|92.000,00|92.000,00|90.000,00|5|1.619|145.865.500,00|
|28/08/2020|R|92.000,00|92.000,00|92.000,00|90.000,00|8|508|46.019.000,00|
|31/08/2020|R|92.000,00|94.000,00|94.000,00|93.000,00|3|99|9.246.000,00|
|01/09/2020|R|94.000,00|100.000,00|100.000,00|95.000,00|9|1.305|128.900.000,00|
|02/09/2020|R|100.000,00|99.000,00|100.000,00|99.000,00|2|217|21.500.000,00|
|03/09/2020|R|99.000,00|99.000,00|0,00|0,00|1|15|1.500.000,00|
|04/09/2020|R|99.000,00|100.000,00|100.000,00|100.000,00|2|8|800.000,00|
|07/09/2020|R|100.000,00|100.000,00|100.000,00|100.000,00|9|2.328|232.800.000,00|
|08/09/2020|R|100.000,00|100.000,00|100.000,00|99.000,00|5|316|31.400.000,00|
|09/09/2020|R|100.000,00|100.000,00|100.000,00|100.000,00|4|250|25.000.000,00|
|10/09/2020|R|100.000,00|100.000,00|100.000,00|100.000,00|3|28|2.800.000,00|
|11/09/2020|R|100.000,00|99.000,00|100.000,00|98.000,00|8|4.618|458.982.000,00|
|15/09/2020|R|99.000,00|99.998,00|100.000,00|99.998,00|5|30|2.999.989,90|
|16/09/2020|R|99.998,00|99.995,00|99.998,95|95.000,00|6|253|24.299.786,35|
|17/09/2020|R|99.995,00|99.994,00|99.995,00|99.994,00|5|53|5.299.708,00|
|18/09/2020|R|99.994,00|99.995,00|100.000,00|95.000,00|9|801|79.446.140,00|
|21/09/2020|R|99.995,00|95.000,00|99.994,00|95.000,00|6|92|9.101.907,00|
|22/09/2020|R|95.000,00|99.000,00|99.994,00|96.000,00|4|167|16.466.370,00|
|23/09/2020|R|99.000,00|99.994,00|99.994,00|99.000,00|2|81|8.020.988,00|
|24/09/2020|R|99.994,00|99.000,00|99.900,00|99.000,00|3|456|45.324.000,00|
|25/09/2020|R|99.000,00|99.950,00|100.000,00|99.000,00|10|1.437|143.509.700,00|
|28/09/2020|R|99.950,00|99.900,00|99.950,00|99.900,00|4|112|11.193.650,00|
|30/09/2020|R|99.900,00|111.000,00|111.000,00|111.000,00|1|150|16.650.000,00|
|01/10/2020|R|111.000,00|113.000,00|115.000,00|113.000,00|6|98|11.228.000,00|
|02/10/2020|R|113.000,00|113.000,00|113.000,00|113.000,00|8|189|21.357.000,00|
|06/10/2020|R|113.000,00|110.000,00|113.000,00|110.000,00|3|180|19.860.000,00|
|07/10/2020|R|110.000,00|110.000,00|110.000,00|110.000,00|2|10|1.100.000,00|
|08/10/2020|R|110.000,00|111.500,00|112.999,00|110.000,00|8|227|25.344.950,00|
|09/10/2020|R|111.500,00|110.000,00|110.000,00|110.000,00|3|127|13.970.000,00|
|13/10/2020|R|110.000,00|110.000,00|110.000,00|110.000,00|2|1.500|165.000.000,00|
|14/10/2020|R|110.000,00|112.500,00|113.000,00|112.000,00|8|603|67.781.000,00|
|15/10/2020|R|112.500,00|112.500,00|112.999,00|112.000,00|9|628|70.793.687,00|
|16/10/2020|R|112.500,00|113.000,00|113.000,00|111.500,00|7|10.158|1.132.783.000,00|
|19/10/2020|R|113.000,00|110.500,00|113.000,00|110.500,00|5|582|64.476.000,00|
|20/10/2020|R|110.500,00|112.500,00|112.500,00|112.000,00|2|262|29.469.000,00|
|21/10/2020|R|112.500,00|112.000,00|113.000,00|112.000,00|7|914|103.155.500,00|
|22/10/2020|R|112.000,00|112.825,00|113.000,00|112.000,00|7|436|49.129.500,00|
|23/10/2020|R|112.825,00|112.000,00|113.000,00|112.000,00|6|395|44.247.000,00|
|26/10/2020|R|112.000,00|115.000,00|115.000,00|111.000,00|7|298|33.645.000,00|
|27/10/2020|R|115.000,00|114.998,99|115.000,00|114.998,99|2|60|6.899.989,90|
|28/10/2020|R|114.998,99|111.000,00|114.997,00|111.000,00|8|709|80.518.048,00|
|29/10/2020|R|111.000,00|114.000,00|114.000,00|113.000,00|7|447|50.513.000,00|
|30/10/2020|R|114.000,00|115.500,00|115.500,00|114.000,00|5|159|18.214.500,00|
|02/11/2020|R|115.500,00|118.000,00|118.000,00|115.500,00|3|11|1.273.000,00|
|03/11/2020|R|118.000,00|117.900,00|118.000,00|117.895,00|6|291|34.317.650,00|
|04/11/2020|R|117.900,00|117.800,00|117.900,01|117.800,00|5|186|21.575.480,50|
|05/11/2020|R|117.800,00|117.000,00|117.895,00|117.000,00|4|273|31.949.950,00|
|06/11/2020|R|117.000,00|117.895,00|117.895,00|117.895,00|2|19|2.199.475,00|
|09/11/2020|R|117.895,00|117.000,00|117.000,00|117.000,00|2|516|60.372.000,00|
|10/11/2020|R|117.000,00|117.000,00|117.000,00|117.000,00|4|235|27.495.000,00|
|12/11/2020|R|117.000,00|140.400,00|140.400,00|122.000,00|4|631|79.800.400,00|
|13/11/2020|R|140.400,00|155.000,00|155.000,00|155.000,00|2|13|2.015.000,00|
|16/11/2020|R|155.000,00|160.000,00|160.000,00|160.000,00|9|53|8.480.000,00|
|17/11/2020|R|160.000,00|160.000,00|160.000,00|160.000,00|5|135|21.600.000,00|
|18/11/2020|R|160.000,00|165.000,00|165.000,00|160.000,00|5|210|34.080.000,00|
|19/11/2020|R|165.000,00|175.000,00|175.000,00|165.000,00|6|295|49.345.000,00|
|20/11/2020|R|175.000,00|180.000,00|180.000,00|175.000,00|8|672|118.655.000,00|
|24/11/2020|R|180.000,00|195.000,00|195.000,00|180.000,00|8|625|114.930.000,00|
|25/11/2020|R|195.000,00|194.999,00|200.000,00|194.999,00|7|1.787|348.964.952,00|
|26/11/2020|R|194.999,00|193.999,00|194.999,00|193.999,00|7|272|52.889.948,00|
|27/11/2020|R|193.999,00|215.000,00|215.000,00|193.999,00|10|1.168|233.136.227,00|
|30/11/2020|R|215.000,00|230.000,00|230.000,00|215.000,00|11|498|113.510.000,00|
|01/12/2020|R|230.000,00|230.000,00|230.000,00|230.000,00|4|202|46.460.000,00|
|02/12/2020|R|230.000,00|229.990,00|230.000,00|229.990,00|6|449|103.269.450,00|
|03/12/2020|R|229.990,00|230.000,00|230.000,00|230.000,00|8|556|127.880.000,00|
|04/12/2020|R|230.000,00|230.000,00|230.000,00|230.000,00|1|6|1.380.000,00|
|07/12/2020|R|230.000,00|215.000,00|230.000,00|215.000,00|4|436|94.320.000,00|
|08/12/2020|R|215.000,00|215.000,00|224.000,00|215.000,00|4|1.640|353.671.000,00|
|09/12/2020|R|215.000,00|222.290,00|223.000,00|215.000,00|8|372|80.883.770,00|
|10/12/2020|R|222.290,00|225.000,00|225.000,00|222.290,00|8|538|120.892.820,00|
|11/12/2020|R|225.000,00|220.000,00|225.000,00|220.000,00|3|265|58.375.000,00|
|15/12/2020|R|220.000,00|210.000,00|210.000,00|210.000,00|7|769|161.490.000,00|
|16/12/2020|R|210.000,00|230.000,00|230.000,00|220.000,00|5|700|159.000.000,00|
|17/12/2020|R|230.000,00|210.000,00|215.000,00|210.000,00|8|1.078|231.365.000,00|
|18/12/2020|R|210.000,00|215.000,00|225.000,00|215.000,00|8|881|190.915.000,00|
|21/12/2020|R|215.000,00|200.000,00|210.000,00|200.000,00|6|800|162.125.000,00|
|22/12/2020|R|200.000,00|200.000,00|200.000,00|200.000,00|5|490|98.000.000,00|
|23/12/2020|R|200.000,00|180.000,00|190.000,00|180.000,00|8|184|34.210.000,00|
|28/12/2020|R|180.000,00|200.000,00|200.000,00|199.990,00|4|269|53.798.040,00|
|29/12/2020|R|200.000,00|200.000,00|210.000,00|200.000,00|10|1.587|317.900.000,00|
|30/12/2020|R|200.000,00|210.000,00|210.000,00|200.000,00|2|110|22.800.000,00|
|04/01/2021|R|210.000,00|210.000,00|210.000,00|210.000,00|1|10|2.100.000,00|
|05/01/2021|R|210.000,00|200.000,00|200.000,00|200.000,00|3|338|67.600.000,00|
|06/01/2021|R|200.000,00|200.000,00|205.000,00|200.000,00|4|101|20.300.000,00|
|07/01/2021|R|200.000,00|200.000,00|210.000,00|200.000,00|4|138|27.966.000,00|
|08/01/2021|R|200.000,00|205.000,00|210.000,00|200.000,00|11|130|26.680.000,00|
|12/01/2021|R|205.000,00|185.000,00|210.000,00|185.000,00|6|237|47.643.000,00|
|13/01/2021|R|185.000,00|185.000,00|185.020,00|180.010,00|5|70|12.940.700,00|
|14/01/2021|R|185.000,00|210.000,00|210.000,00|180.000,00|9|822|157.350.000,00|
|15/01/2021|R|210.000,00|210.000,00|210.000,00|200.000,00|4|457|91.470.000,00|
|20/01/2021|R|210.000,00|210.000,00|210.000,00|210.000,00|2|28|5.880.000,00|
|21/01/2021|R|210.000,00|210.000,00|210.000,00|210.000,00|4|59|12.390.000,00|
|22/01/2021|R|210.000,00|210.000,00|210.000,00|210.000,00|4|268|56.281.500,00|
|25/01/2021|R|210.000,00|210.000,00|210.010,00|210.000,00|8|5.732|1.203.772.810,00|
|26/01/2021|R|210.000,00|210.000,00|210.100,00|210.000,00|17|2.875|603.800.000,00|
|27/01/2021|R|210.000,00|211.000,00|220.000,00|211.000,00|4|1.062|224.352.000,00|
|28/01/2021|R|211.000,00|210.000,00|217.000,00|210.000,00|9|1.871|393.057.900,00|
|29/01/2021|R|210.000,00|225.000,00|225.000,00|210.000,00|8|2.903|617.885.350,00|
|01/02/2021|R|225.000,00|215.000,00|220.000,00|215.000,00|6|863|188.322.000,00|
|02/02/2021|R|215.000,00|215.000,00|215.000,00|210.100,00|7|353|75.191.300,00|
|03/02/2021|R|215.000,00|210.000,00|210.000,00|210.000,00|13|855|179.550.000,00|
|04/02/2021|R|210.000,00|210.000,00|215.000,00|210.000,00|12|1.855|389.725.000,00|
|05/02/2021|R|210.000,00|250.000,00|250.000,00|211.000,00|14|2.099|474.072.500,00|
|08/02/2021|R|250.000,00|230.000,00|249.990,00|220.000,00|3|693|158.188.100,00|
|09/02/2021|R|230.000,00|212.000,00|228.990,00|212.000,00|11|12.026|2.565.953.740,00|
|10/02/2021|R|212.000,00|212.000,00|249.000,00|210.000,00|10|1.899|425.060.240,00|
|11/02/2021|R|212.000,00|215.000,00|220.000,00|215.000,00|7|295|64.690.000,00|
|12/02/2021|R|215.000,00|215.000,00|249.990,00|215.000,00|8|305|65.650.980,00|
|17/02/2021|R|215.000,00|215.000,00|215.000,00|215.000,00|6|485|104.275.000,00|
|18/02/2021|R|215.000,00|215.000,00|215.000,00|215.000,00|5|341|73.165.000,00|
|19/02/2021|R|215.000,00|215.010,00|229.990,00|215.000,00|5|1.979|425.799.390,00|
|22/02/2021|R|215.010,00|215.000,00|215.000,00|215.000,00|1|100|21.500.000,00|
|23/02/2021|R|215.000,00|210.000,00|215.000,00|210.000,00|6|246|51.890.000,00|
|24/02/2021|R|210.000,00|210.000,00|210.000,00|210.000,00|8|1.487|312.270.000,00|
|25/02/2021|R|210.000,00|210.000,00|210.000,00|210.000,00|5|314|65.940.000,00|
|26/02/2021|R|210.000,00|215.000,00|215.000,00|210.000,00|3|50|10.525.000,00|
|01/03/2021|R|215.000,00|190.000,00|210.000,00|190.000,00|24|4.954|987.970.000,00|
|02/03/2021|R|190.000,00|195.000,00|200.000,00|195.000,00|11|1.239|245.425.000,00|
|03/03/2021|R|195.000,00|190.000,00|195.000,00|190.000,00|7|408|79.100.000,00|
|04/03/2021|R|190.000,00|195.000,00|195.000,00|190.000,00|3|266|51.620.000,00|
|05/03/2021|R|195.000,00|195.000,00|200.000,00|195.000,00|10|7.258|1.424.419.550,00|
|08/03/2021|R|195.000,00|200.000,00|201.010,00|200.000,00|11|6.437|1.288.396.130,00|
|09/03/2021|R|200.000,00|200.000,00|211.000,00|200.000,00|6|205|42.020.000,00|
|10/03/2021|R|200.000,00|200.000,00|210.000,00|200.000,00|7|561|115.700.000,00|
|11/03/2021|R|200.000,00|195.000,00|200.000,00|195.000,00|15|4.134|819.529.360,00|
|12/03/2021|R|195.000,00|195.000,00|200.000,00|195.000,00|14|3.885|758.977.130,00|
|15/03/2021|R|195.000,00|200.000,00|200.000,00|200.000,00|4|1.076|215.200.000,00|
|16/03/2021|R|200.000,00|214.990,00|214.990,00|205.000,00|6|1.129|234.734.710,00|
|17/03/2021|R|214.990,00|220.010,00|220.010,00|214.000,00|5|1.897|415.188.050,00|
|18/03/2021|R|220.010,00|245.000,00|245.000,00|230.000,00|9|1.100|254.500.000,00|
|22/03/2021|R|245.000,00|286.990,00|286.990,00|250.000,00|6|3.654|913.684.950,00|
|23/03/2021|R|286.990,00|280.000,00|300.000,00|280.000,00|11|4.341|1.232.892.000,00|
|24/03/2021|R|280.000,00|280.000,00|280.000,00|280.000,00|3|106|29.680.000,00|
|25/03/2021|R|280.000,00|300.000,00|300.000,00|300.000,00|2|114|34.200.000,00|
|26/03/2021|R|300.000,00|281.000,00|310.000,00|281.000,00|7|544|165.250.000,00|
|29/03/2021|R|281.000,00|281.000,00|330.000,00|281.000,00|3|1.543|434.073.000,00|
|30/03/2021|R|281.000,00|300.000,00|300.000,00|281.000,00|4|1.200|356.390.000,00|
|31/03/2021|R|300.000,00|310.000,00|310.000,00|300.000,00|10|12.531|3.759.610.000,00|
|05/04/2021|R|310.000,00|359.000,00|359.000,00|310.000,00|7|1.432|450.926.650,00|
|06/04/2021|R|359.000,00|400.000,00|400.000,00|399.980,00|6|632|252.798.850,00|
|07/04/2021|R|400.000,00|419.990,00|420.000,00|400.000,00|14|1.077|437.389.620,00|
|08/04/2021|R|419.990,00|418.000,00|460.000,00|400.000,00|10|1.064|453.308.560,00|
|09/04/2021|R|418.000,00|450.000,00|450.000,00|448.000,00|11|1.123|505.335.740,00|
|12/04/2021|R|450.000,00|499.000,00|500.000,00|499.000,00|5|499|249.492.170,00|
|13/04/2021|R|499.000,00|510.000,00|510.000,00|509.990,00|7|241|122.909.780,00|
|14/04/2021|R|510.000,00|570.000,00|575.000,00|510.000,00|10|5.918|3.387.692.000,00|
|15/04/2021|R|570.000,00|570.000,00|600.000,00|550.000,00|11|2.040|1.162.179.780,00|
|16/04/2021|R|570.000,00|595.500,00|600.000,00|595.500,00|3|637|382.033.500,00|
|20/04/2021|R|595.500,00|595.000,00|600.000,00|595.000,00|7|465|277.425.000,00|
|21/04/2021|R|595.000,00|590.000,00|595.000,00|590.000,00|7|5.081|3.023.170.000,00|
|22/04/2021|R|590.000,00|580.000,00|590.000,00|580.000,00|9|1.059|620.910.000,00|
|23/04/2021|R|580.000,00|690.000,00|690.000,00|690.000,00|1|500|345.000.000,00|
|26/04/2021|R|690.000,00|685.000,00|690.000,00|685.000,00|2|16|10.965.000,00|
|27/04/2021|R|685.000,00|668.000,00|679.000,00|665.000,00|14|1.033|690.594.650,00|
|28/04/2021|R|668.000,00|650.000,00|668.000,00|650.000,00|3|27|17.967.000,00|
|29/04/2021|R|650.000,00|680.000,00|680.000,00|680.000,00|3|75|51.000.000,00|
|30/04/2021|R|680.000,00|680.000,00|680.000,00|680.000,00|1|1|680.000,00|
|03/05/2021|R|680.000,00|695.000,00|700.000,00|695.000,00|5|183|127.320.000,00|
|04/05/2021|R|695.000,00|650.000,00|694.500,00|650.000,00|5|398|261.472.500,00|
|05/05/2021|R|650.000,00|600.000,00|695.000,00|600.000,00|14|3.033|1.841.145.000,00|
|06/05/2021|R|600.000,00|500.000,00|600.000,00|500.000,00|20|12.694|6.415.100.220,00|
|07/05/2021|R|500.000,00|501.000,00|599.000,00|500.000,00|18|10.443|5.231.108.000,00|
|10/05/2021|R|501.000,00|589.000,00|589.000,00|550.000,00|9|470|276.050.000,00|
|11/05/2021|R|589.000,00|589.000,00|590.000,00|589.000,00|9|16.609|9.236.321.000,00|
|12/05/2021|R|589.000,00|605.000,00|605.000,00|589.000,00|4|170|101.840.850,00|
|14/05/2021|R|605.000,00|690.000,00|694.900,00|690.000,00|3|54|37.279.600,00|
|17/05/2021|R|690.000,00|760.000,00|800.000,00|760.000,00|6|142|109.120.000,00|
|18/05/2021|R|760.000,00|720.000,00|779.990,00|720.000,00|10|546|404.416.280,00|
|20/05/2021|R|720.000,00|750.000,00|750.000,00|720.000,00|2|202|149.940.000,00|
|21/05/2021|R|750.000,00|750.000,00|798.900,00|750.000,00|6|830|623.722.500,00|
|25/05/2021|R|750.000,00|744.450,00|799.000,00|744.450,00|14|1.005|749.170.500,00|
|26/05/2021|R|744.450,00|721.000,00|746.000,00|721.000,00|8|312|230.800.700,00|
|27/05/2021|R|721.000,00|715.000,00|720.000,00|715.000,00|5|43|30.935.000,00|
|28/05/2021|R|715.000,00|715.000,00|715.000,00|715.000,00|6|95|67.925.000,00|
|31/05/2021|R|715.000,00|713.000,00|719.000,00|713.000,00|4|265|189.453.000,00|
|01/06/2021|R|713.000,00|710.000,00|713.000,00|710.000,00|3|30|21.363.000,00|
|02/06/2021|R|710.000,00|670.000,00|709.990,00|670.000,00|5|960|643.328.900,00|
|03/06/2021|R|670.000,00|670.000,00|670.000,00|670.000,00|1|3|2.010.000,00|
|04/06/2021|R|670.000,00|720.000,00|720.000,00|670.000,00|11|900|603.200.000,00|
|07/06/2021|R|720.000,00|700.000,00|700.000,00|700.000,00|1|21|14.700.000,00|
|08/06/2021|R|700.000,00|700.000,00|700.000,00|700.000,00|6|614|429.800.000,00|
|09/06/2021|R|700.000,00|688.000,00|688.000,00|688.000,00|1|7|4.816.000,00|
|10/06/2021|R|688.000,00|689.000,00|689.000,00|689.000,00|3|406|279.734.000,00|
|11/06/2021|R|689.000,00|680.000,00|680.000,00|680.000,00|4|5.003|3.402.040.000,00|
|15/06/2021|R|680.000,00|580.000,00|620.000,00|580.000,00|11|492|289.300.000,00|
|16/06/2021|R|580.000,00|550.000,00|550.000,00|500.000,00|8|6.896|3.545.650.000,00|
|17/06/2021|R|550.000,00|560.000,00|560.000,00|550.000,00|5|358|198.900.000,00|
|18/06/2021|R|560.000,00|550.000,00|565.000,00|530.000,00|11|3.925|2.090.005.000,00|
|21/06/2021|R|550.000,00|515.000,00|515.000,00|500.000,00|11|694|349.527.850,00|
|22/06/2021|R|515.000,00|520.000,00|520.000,00|420.000,00|14|8.686|3.739.588.850,00|
|25/06/2021|R|520.000,00|620.000,00|623.000,00|520.000,00|13|1.778|964.992.000,00|
|29/06/2021|R|620.000,00|622.000,00|622.000,00|600.000,00|9|3.170|1.902.154.000,00|
|30/06/2021|R|622.000,00|605.000,00|623.000,00|551.000,00|8|660|370.295.330,00|
|01/07/2021|R|605.000,00|560.000,00|560.000,00|560.000,00|6|202|113.120.000,00|
|02/07/2021|R|560.000,00|625.000,00|625.000,00|600.000,00|8|127|78.125.000,00|
|06/07/2021|R|625.000,00|624.000,00|651.000,00|620.000,00|8|288|180.000.000,00|
|08/07/2021|R|624.000,00|600.000,00|620.000,00|600.000,00|3|405|244.640.000,00|
|09/07/2021|R|600.000,00|624.000,00|624.000,00|593.000,00|12|600|360.060.250,00|
|12/07/2021|R|624.000,00|624.000,00|624.000,00|624.000,00|3|242|151.008.000,00|
|13/07/2021|R|624.000,00|560.000,00|600.000,00|560.000,00|11|1.560|874.278.000,00|
|14/07/2021|R|560.000,00|600.000,00|624.000,00|600.000,00|7|223|134.088.000,00|
|15/07/2021|R|600.000,00|699.000,00|719.000,00|650.000,00|8|558|377.324.000,00|
|16/07/2021|R|699.000,00|699.000,00|700.000,00|699.000,00|3|35|24.488.000,00|
|19/07/2021|R|699.000,00|699.000,00|700.000,00|699.000,00|5|251|175.625.000,00|
|20/07/2021|R|699.000,00|650.000,00|699.000,00|650.000,00|5|1.508|977.111.500,00|
|21/07/2021|R|650.000,00|650.000,00|650.000,00|650.000,00|4|221|143.650.000,00|
|22/07/2021|R|650.000,00|650.000,00|650.000,00|650.000,00|5|515|334.750.000,00|
|23/07/2021|R|650.000,00|690.000,00|690.000,00|690.000,00|6|296|204.240.000,00|
|26/07/2021|R|690.000,00|680.000,00|680.000,00|680.000,00|7|2.064|1.343.040.060,00|
|27/07/2021|R|680.000,00|680.000,00|680.000,00|680.000,00|3|120|81.600.000,00|
|28/07/2021|R|680.000,00|600.000,00|650.000,00|600.000,00|11|3.690|2.241.956.590,00|
|29/07/2021|R|600.000,00|670.000,00|670.000,00|670.000,00|1|5|3.350.000,00|
|30/07/2021|R|670.000,00|670.000,00|670.000,00|669.990,00|2|93|62.309.990,00|
|02/08/2021|R|670.000,00|670.000,00|670.000,00|670.000,00|2|250|160.800.000,00|
|03/08/2021|R|670.000,00|670.000,00|670.000,00|670.000,00|5|502|336.340.000,00|
|04/08/2021|R|670.000,00|670.000,00|670.000,00|650.000,00|7|831|547.090.000,00|
|05/08/2021|R|670.000,00|680.000,00|680.000,00|670.000,00|7|1.846|1.238.080.000,00|
|06/08/2021|R|680.000,00|701.000,00|701.000,00|701.000,00|4|39|27.339.000,00|
|09/08/2021|R|701.000,00|701.000,00|701.000,00|690.000,00|5|229|160.210.000,00|
|10/08/2021|R|701.000,00|690.000,00|694.000,00|690.000,00|5|839|581.989.500,00|
|11/08/2021|R|690.000,00|690.000,00|693.990,00|690.000,00|6|596|391.243.990,00|
|12/08/2021|R|690.000,00|690.000,00|690.000,00|690.000,00|4|169|116.610.000,00|
|13/08/2021|R|690.000,00|693.990,00|693.990,00|690.000,00|4|37|25.537.980,00|
|16/08/2021|R|693.990,00|695.000,00|695.000,00|695.000,00|1|29|20.155.000,00|





















 































